    0.10000E-03    0.28544E+00
    0.10202E-03    0.29102E+00
    0.10408E-03    0.29672E+00
    0.10618E-03    0.30252E+00
    0.10833E-03    0.30843E+00
    0.11052E-03    0.31446E+00
    0.11275E-03    0.32061E+00
    0.11503E-03    0.32688E+00
    0.11735E-03    0.33327E+00
    0.11972E-03    0.33979E+00
    0.12214E-03    0.34643E+00
    0.12461E-03    0.35321E+00
    0.12712E-03    0.36011E+00
    0.12969E-03    0.36715E+00
    0.13231E-03    0.37433E+00
    0.13499E-03    0.38165E+00
    0.13771E-03    0.38911E+00
    0.14049E-03    0.39672E+00
    0.14333E-03    0.40448E+00
    0.14623E-03    0.41238E+00
    0.14918E-03    0.42045E+00
    0.15220E-03    0.42867E+00
    0.15527E-03    0.43705E+00
    0.15841E-03    0.44559E+00
    0.16161E-03    0.45430E+00
    0.16487E-03    0.46318E+00
    0.16820E-03    0.47224E+00
    0.17160E-03    0.48147E+00
    0.17507E-03    0.49088E+00
    0.17860E-03    0.50048E+00
    0.18221E-03    0.51026E+00
    0.18589E-03    0.52023E+00
    0.18965E-03    0.53040E+00
    0.19348E-03    0.54077E+00
    0.19739E-03    0.55134E+00
    0.20138E-03    0.56212E+00
    0.20544E-03    0.57310E+00
    0.20959E-03    0.58430E+00
    0.21383E-03    0.59572E+00
    0.21815E-03    0.60736E+00
    0.22255E-03    0.61923E+00
    0.22705E-03    0.63134E+00
    0.23164E-03    0.64367E+00
    0.23632E-03    0.65625E+00
    0.24109E-03    0.66907E+00
    0.24596E-03    0.68215E+00
    0.25093E-03    0.69548E+00
    0.25600E-03    0.70906E+00
    0.26117E-03    0.72292E+00
    0.26645E-03    0.73704E+00
    0.27183E-03    0.75144E+00
    0.27732E-03    0.76612E+00
    0.28292E-03    0.78109E+00
    0.28864E-03    0.79634E+00
    0.29447E-03    0.81190E+00
    0.30042E-03    0.82775E+00
    0.30649E-03    0.84392E+00
    0.31268E-03    0.86040E+00
    0.31899E-03    0.87720E+00
    0.32544E-03    0.89433E+00
    0.33201E-03    0.91179E+00
    0.33872E-03    0.92960E+00
    0.34556E-03    0.94775E+00
    0.35254E-03    0.96625E+00
    0.35966E-03    0.98511E+00
    0.36693E-03    0.10043E+01
    0.37434E-03    0.10239E+01
    0.38190E-03    0.10439E+01
    0.38962E-03    0.10643E+01
    0.39749E-03    0.10851E+01
    0.40552E-03    0.11062E+01
    0.41371E-03    0.11278E+01
    0.42207E-03    0.11498E+01
    0.43060E-03    0.11722E+01
    0.43929E-03    0.11951E+01
    0.44817E-03    0.12184E+01
    0.45722E-03    0.12422E+01
    0.46646E-03    0.12664E+01
    0.47588E-03    0.12911E+01
    0.48550E-03    0.13162E+01
    0.49530E-03    0.13419E+01
    0.50531E-03    0.13680E+01
    0.51552E-03    0.13947E+01
    0.52593E-03    0.14218E+01
    0.53656E-03    0.14495E+01
    0.54739E-03    0.14778E+01
    0.55845E-03    0.15065E+01
    0.56973E-03    0.15359E+01
    0.58124E-03    0.15657E+01
    0.59299E-03    0.15962E+01
    0.60496E-03    0.16273E+01
    0.61719E-03    0.16589E+01
    0.62965E-03    0.16912E+01
    0.64237E-03    0.17240E+01
    0.65535E-03    0.17576E+01
    0.66859E-03    0.17917E+01
    0.68210E-03    0.18265E+01
    0.69588E-03    0.18620E+01
    0.70993E-03    0.18981E+01
    0.72427E-03    0.19350E+01
    0.73891E-03    0.19725E+01
    0.75383E-03    0.20108E+01
    0.76906E-03    0.20498E+01
    0.78460E-03    0.20895E+01
    0.80045E-03    0.21300E+01
    0.81662E-03    0.21713E+01
    0.83311E-03    0.22133E+01
    0.84994E-03    0.22561E+01
    0.86711E-03    0.22998E+01
    0.88463E-03    0.23443E+01
    0.90250E-03    0.23896E+01
    0.92073E-03    0.24357E+01
    0.93933E-03    0.24828E+01
    0.95831E-03    0.25307E+01
    0.97767E-03    0.25795E+01
    0.99742E-03    0.26293E+01
    0.10176E-02    0.26799E+01
    0.10381E-02    0.27315E+01
    0.10591E-02    0.27841E+01
    0.10805E-02    0.28376E+01
    0.11023E-02    0.28922E+01
    0.11246E-02    0.29477E+01
    0.11473E-02    0.30043E+01
    0.11705E-02    0.30619E+01
    0.11941E-02    0.31206E+01
    0.12182E-02    0.31803E+01
    0.12429E-02    0.32412E+01
    0.12680E-02    0.33031E+01
    0.12936E-02    0.33662E+01
    0.13197E-02    0.34304E+01
    0.13464E-02    0.34958E+01
    0.13736E-02    0.35624E+01
    0.14013E-02    0.36301E+01
    0.14296E-02    0.36991E+01
    0.14585E-02    0.37693E+01
    0.14880E-02    0.38407E+01
    0.15180E-02    0.39134E+01
    0.15487E-02    0.39874E+01
    0.15800E-02    0.40627E+01
    0.16119E-02    0.41393E+01
    0.16445E-02    0.42172E+01
    0.16777E-02    0.42964E+01
    0.17116E-02    0.43771E+01
    0.17462E-02    0.44591E+01
    0.17814E-02    0.45425E+01
    0.18174E-02    0.46273E+01
    0.18541E-02    0.47135E+01
    0.18916E-02    0.48012E+01
    0.19298E-02    0.48903E+01
    0.19688E-02    0.49809E+01
    0.20086E-02    0.50730E+01
    0.20491E-02    0.51666E+01
    0.20905E-02    0.52617E+01
    0.21328E-02    0.53583E+01
    0.21758E-02    0.54564E+01
    0.22198E-02    0.55561E+01
    0.22646E-02    0.56573E+01
    0.23104E-02    0.57601E+01
    0.23571E-02    0.58644E+01
    0.24047E-02    0.59704E+01
    0.24533E-02    0.60779E+01
    0.25028E-02    0.61870E+01
    0.25534E-02    0.62977E+01
    0.26050E-02    0.64099E+01
    0.26576E-02    0.65238E+01
    0.27113E-02    0.66393E+01
    0.27660E-02    0.67564E+01
    0.28219E-02    0.68751E+01
    0.28789E-02    0.69953E+01
    0.29371E-02    0.71172E+01
    0.29964E-02    0.72406E+01
    0.30569E-02    0.73656E+01
    0.31187E-02    0.74922E+01
    0.31817E-02    0.76203E+01
    0.32460E-02    0.77500E+01
    0.33115E-02    0.78812E+01
    0.33784E-02    0.80139E+01
    0.34467E-02    0.81481E+01
    0.35163E-02    0.82837E+01
    0.35874E-02    0.84208E+01
    0.36598E-02    0.85594E+01
    0.37338E-02    0.86993E+01
    0.38092E-02    0.88406E+01
    0.38861E-02    0.89832E+01
    0.39646E-02    0.91272E+01
    0.40447E-02    0.92724E+01
    0.41264E-02    0.94188E+01
    0.42098E-02    0.95664E+01
    0.42948E-02    0.97152E+01
    0.43816E-02    0.98650E+01
    0.44701E-02    0.10016E+02
    0.45604E-02    0.10168E+02
    0.46525E-02    0.10321E+02
    0.47465E-02    0.10474E+02
    0.48424E-02    0.10629E+02
    0.49402E-02    0.10784E+02
    0.50400E-02    0.10941E+02
    0.51419E-02    0.11097E+02
    0.52457E-02    0.11255E+02
    0.53517E-02    0.11412E+02
    0.54598E-02    0.11571E+02
    0.55701E-02    0.11729E+02
    0.56826E-02    0.11888E+02
    0.57974E-02    0.12047E+02
    0.59145E-02    0.12206E+02
    0.60340E-02    0.12366E+02
    0.61559E-02    0.12525E+02
    0.62803E-02    0.12684E+02
    0.64072E-02    0.12842E+02
    0.65366E-02    0.13001E+02
    0.66686E-02    0.13159E+02
    0.68033E-02    0.13316E+02
    0.69408E-02    0.13473E+02
    0.70810E-02    0.13628E+02
    0.72240E-02    0.13783E+02
    0.73700E-02    0.13937E+02
    0.75189E-02    0.14089E+02
    0.76708E-02    0.14241E+02
    0.78257E-02    0.14390E+02
    0.79838E-02    0.14538E+02
    0.81451E-02    0.14685E+02
    0.83096E-02    0.14829E+02
    0.84775E-02    0.14972E+02
    0.86488E-02    0.15112E+02
    0.88235E-02    0.15249E+02
    0.90017E-02    0.15384E+02
    0.91836E-02    0.15516E+02
    0.93691E-02    0.15646E+02
    0.95583E-02    0.15772E+02
    0.97514E-02    0.15894E+02
    0.99484E-02    0.16014E+02
    0.10149E-01    0.16129E+02
    0.10354E-01    0.16241E+02
    0.10564E-01    0.16348E+02
    0.10777E-01    0.16451E+02
    0.10995E-01    0.16550E+02
    0.11217E-01    0.16643E+02
    0.11443E-01    0.16732E+02
    0.11675E-01    0.16816E+02
    0.11910E-01    0.16894E+02
    0.12151E-01    0.16967E+02
    0.12397E-01    0.17034E+02
    0.12647E-01    0.17095E+02
    0.12902E-01    0.17150E+02
    0.13163E-01    0.17199E+02
    0.13429E-01    0.17240E+02
    0.13700E-01    0.17276E+02
    0.13977E-01    0.17304E+02
    0.14259E-01    0.17324E+02
    0.14547E-01    0.17340E+02
    0.14841E-01    0.17350E+02
    0.15141E-01    0.17350E+02
    0.15447E-01    0.17340E+02
    0.15759E-01    0.17323E+02
    0.16077E-01    0.17299E+02
    0.16402E-01    0.17265E+02
    0.16734E-01    0.17224E+02
    0.17072E-01    0.17174E+02
    0.17416E-01    0.17115E+02
    0.17768E-01    0.17048E+02
    0.18127E-01    0.16972E+02
    0.18493E-01    0.16888E+02
    0.18867E-01    0.16795E+02
    0.19248E-01    0.16691E+02
    0.19637E-01    0.16580E+02
    0.20034E-01    0.16461E+02
    0.20438E-01    0.16333E+02
    0.20851E-01    0.16196E+02
    0.21272E-01    0.16051E+02
    0.21702E-01    0.15898E+02
    0.22141E-01    0.15737E+02
    0.22588E-01    0.15567E+02
    0.23044E-01    0.15391E+02
    0.23510E-01    0.15207E+02
    0.23985E-01    0.15016E+02
    0.24469E-01    0.14817E+02
    0.24964E-01    0.14613E+02
    0.25468E-01    0.14402E+02
    0.25982E-01    0.14186E+02
    0.26507E-01    0.13964E+02
    0.27043E-01    0.13737E+02
    0.27589E-01    0.13507E+02
    0.28146E-01    0.13272E+02
    0.28715E-01    0.13034E+02
    0.29295E-01    0.12794E+02
    0.29887E-01    0.12551E+02
    0.30490E-01    0.12307E+02
    0.31106E-01    0.12062E+02
    0.31735E-01    0.11817E+02
    0.32376E-01    0.11572E+02
    0.33030E-01    0.11328E+02
    0.33697E-01    0.11086E+02
    0.34378E-01    0.10847E+02
    0.35072E-01    0.10610E+02
    0.35781E-01    0.10377E+02
    0.36504E-01    0.10148E+02
    0.37241E-01    0.99235E+01
    0.37993E-01    0.97045E+01
    0.38761E-01    0.94913E+01
    0.39544E-01    0.92844E+01
    0.40343E-01    0.90842E+01
    0.41158E-01    0.88910E+01
    0.41989E-01    0.87052E+01
    0.42838E-01    0.85269E+01
    0.43703E-01    0.83564E+01
    0.44586E-01    0.81937E+01
    0.45486E-01    0.80388E+01
    0.46405E-01    0.78916E+01
    0.47343E-01    0.77520E+01
    0.48299E-01    0.76198E+01
    0.49275E-01    0.74945E+01
    0.50270E-01    0.73756E+01
    0.51286E-01    0.72628E+01
    0.52322E-01    0.71552E+01
    0.53379E-01    0.70522E+01
    0.54457E-01    0.69530E+01
    0.55557E-01    0.68567E+01
    0.56680E-01    0.67623E+01
    0.57825E-01    0.66687E+01
    0.58993E-01    0.65749E+01
    0.60184E-01    0.64798E+01
    0.61400E-01    0.63824E+01
    0.62641E-01    0.62815E+01
    0.63906E-01    0.61762E+01
    0.65197E-01    0.60655E+01
    0.66514E-01    0.59486E+01
    0.67858E-01    0.58250E+01
    0.69229E-01    0.56943E+01
    0.70627E-01    0.55563E+01
    0.72054E-01    0.54110E+01
    0.73510E-01    0.52587E+01
    0.74994E-01    0.50999E+01
    0.76509E-01    0.49361E+01
    0.78055E-01    0.47682E+01
    0.79632E-01    0.45975E+01
    0.81241E-01    0.44258E+01
    0.82882E-01    0.42548E+01
    0.84556E-01    0.40862E+01
    0.86264E-01    0.39220E+01
    0.88007E-01    0.37639E+01
    0.89785E-01    0.36135E+01
    0.91598E-01    0.34722E+01
    0.93449E-01    0.33413E+01
    0.95337E-01    0.32215E+01
    0.97263E-01    0.31135E+01
    0.99227E-01    0.30173E+01
    0.10123E+00    0.29326E+01
    0.10328E+00    0.28589E+01
    0.10536E+00    0.27949E+01
    0.10749E+00    0.27393E+01
    0.10966E+00    0.26902E+01
    0.11188E+00    0.26456E+01
    0.11414E+00    0.26031E+01
    0.11644E+00    0.25604E+01
    0.11880E+00    0.25152E+01
    0.12120E+00    0.24654E+01
    0.12365E+00    0.24093E+01
    0.12614E+00    0.23459E+01
    0.12869E+00    0.22746E+01
    0.13129E+00    0.21959E+01
    0.13394E+00    0.21107E+01
    0.13665E+00    0.20209E+01
    0.13941E+00    0.19288E+01
    0.14223E+00    0.18370E+01
    0.14510E+00    0.17481E+01
    0.14803E+00    0.16646E+01
    0.15102E+00    0.15885E+01
    0.15407E+00    0.15213E+01
    0.15718E+00    0.14636E+01
    0.16036E+00    0.14154E+01
    0.16360E+00    0.13757E+01
    0.16690E+00    0.13430E+01
    0.17028E+00    0.13149E+01
    0.17371E+00    0.12891E+01
    0.17722E+00    0.12628E+01
    0.18080E+00    0.12337E+01
    0.18446E+00    0.12001E+01
    0.18818E+00    0.11611E+01
    0.19198E+00    0.11168E+01
    0.19586E+00    0.10684E+01
    0.19982E+00    0.10179E+01
    0.20386E+00    0.96771E+00
    0.20797E+00    0.92020E+00
    0.21218E+00    0.87732E+00
    0.21646E+00    0.84028E+00
    0.22083E+00    0.80934E+00
    0.22530E+00    0.78383E+00
    0.22985E+00    0.76228E+00
    0.23449E+00    0.74273E+00
    0.23923E+00    0.72309E+00
    0.24406E+00    0.70163E+00
    0.24899E+00    0.67739E+00
    0.25402E+00    0.65036E+00
    0.25915E+00    0.62146E+00
    0.26439E+00    0.59221E+00
    0.26973E+00    0.56429E+00
    0.27518E+00    0.53906E+00
    0.28074E+00    0.51722E+00
    0.28641E+00    0.49860E+00
    0.29219E+00    0.48235E+00
    0.29810E+00    0.46714E+00
    0.30412E+00    0.45172E+00
    0.31026E+00    0.43523E+00
    0.31653E+00    0.41755E+00
    0.32292E+00    0.39923E+00
    0.32945E+00    0.38120E+00
    0.33610E+00    0.36440E+00
    0.34289E+00    0.34933E+00
    0.34982E+00    0.33597E+00
    0.35689E+00    0.32378E+00
    0.36409E+00    0.31202E+00
    0.37145E+00    0.30009E+00
    0.37895E+00    0.28780E+00
    0.38661E+00    0.27540E+00
    0.39442E+00    0.26338E+00
    0.40239E+00    0.25217E+00
    0.41052E+00    0.24191E+00
    0.41881E+00    0.23240E+00
    0.42727E+00    0.22329E+00
    0.43590E+00    0.21427E+00
    0.44471E+00    0.20528E+00
    0.45369E+00    0.19646E+00
    0.46286E+00    0.18805E+00
    0.47221E+00    0.18017E+00
    0.48174E+00    0.17277E+00
    0.49148E+00    0.16567E+00
    0.50141E+00    0.15875E+00
    0.51153E+00    0.15198E+00
    0.52187E+00    0.14546E+00
    0.53241E+00    0.13925E+00
    0.54317E+00    0.13336E+00
    0.55414E+00    0.12773E+00
    0.56533E+00    0.12229E+00
    0.57675E+00    0.11705E+00
    0.58840E+00    0.11202E+00
    0.60029E+00    0.10719E+00
    0.61242E+00    0.10256E+00
    0.62479E+00    0.98126E-01
    0.63741E+00    0.93871E-01
    0.65029E+00    0.89791E-01
    0.66342E+00    0.85880E-01
    0.67683E+00    0.82132E-01
    0.69050E+00    0.78541E-01
    0.70445E+00    0.75099E-01
    0.71868E+00    0.71802E-01
    0.73320E+00    0.68643E-01
    0.74801E+00    0.65618E-01
    0.76312E+00    0.62720E-01
    0.77854E+00    0.59944E-01
    0.79426E+00    0.57286E-01
    0.81031E+00    0.54741E-01
    0.82668E+00    0.52305E-01
    0.84338E+00    0.49972E-01
    0.86041E+00    0.47740E-01
    0.87780E+00    0.45602E-01
    0.89553E+00    0.43557E-01
    0.91362E+00    0.41600E-01
    0.93208E+00    0.39728E-01
    0.95091E+00    0.37936E-01
    0.97011E+00    0.36222E-01
    0.98971E+00    0.34583E-01
    0.10097E+01    0.33015E-01
    0.10301E+01    0.31516E-01
    0.10509E+01    0.30082E-01
    0.10721E+01    0.28711E-01
    0.10938E+01    0.27401E-01
    0.11159E+01    0.26148E-01
    0.11384E+01    0.24951E-01
    0.11614E+01    0.23806E-01
    0.11849E+01    0.22713E-01
    0.12088E+01    0.21668E-01
    0.12333E+01    0.20669E-01
    0.12582E+01    0.19715E-01
    0.12836E+01    0.18804E-01
    0.13095E+01    0.17934E-01
    0.13360E+01    0.17102E-01
    0.13630E+01    0.16308E-01
    0.13905E+01    0.15550E-01
    0.14186E+01    0.14826E-01
    0.14472E+01    0.14134E-01
    0.14765E+01    0.13474E-01
    0.15063E+01    0.12844E-01
    0.15367E+01    0.12243E-01
    0.15678E+01    0.11668E-01
    0.15994E+01    0.11120E-01
    0.16318E+01    0.10597E-01
    0.16647E+01    0.10098E-01
    0.16984E+01    0.96221E-02
    0.17327E+01    0.91677E-02
    0.17677E+01    0.87343E-02
    0.18034E+01    0.83209E-02
    0.18398E+01    0.79266E-02
    0.18770E+01    0.75505E-02
    0.19149E+01    0.71918E-02
    0.19536E+01    0.68498E-02
    0.19930E+01    0.65236E-02
    0.20333E+01    0.62127E-02
    0.20744E+01    0.59162E-02
    0.21163E+01    0.56335E-02
    0.21590E+01    0.53640E-02
    0.22026E+01    0.51070E-02
    0.22471E+01    0.48621E-02
    0.22925E+01    0.46287E-02
    0.23388E+01    0.44062E-02
    0.23861E+01    0.41942E-02
    0.24343E+01    0.39921E-02
    0.24835E+01    0.37996E-02
    0.25336E+01    0.36161E-02
    0.25848E+01    0.34413E-02
    0.26370E+01    0.32748E-02
    0.26903E+01    0.31162E-02
    0.27447E+01    0.29651E-02
    0.28001E+01    0.28212E-02
    0.28567E+01    0.26842E-02
    0.29144E+01    0.25537E-02
    0.29733E+01    0.24294E-02
    0.30333E+01    0.23111E-02
    0.30946E+01    0.21984E-02
    0.31571E+01    0.20911E-02
    0.32209E+01    0.19889E-02
    0.32860E+01    0.18916E-02
    0.33523E+01    0.17990E-02
    0.34201E+01    0.17108E-02
    0.34892E+01    0.16269E-02
    0.35596E+01    0.15470E-02
    0.36316E+01    0.14710E-02
    0.37049E+01    0.13986E-02
    0.37798E+01    0.13297E-02
    0.38561E+01    0.12642E-02
    0.39340E+01    0.12018E-02
    0.40135E+01    0.11425E-02
    0.40946E+01    0.10860E-02
    0.41773E+01    0.10323E-02
    0.42617E+01    0.98121E-03
    0.43478E+01    0.93260E-03
    0.44356E+01    0.88636E-03
    0.45252E+01    0.84238E-03
    0.46166E+01    0.80054E-03
    0.47099E+01    0.76075E-03
    0.48050E+01    0.72291E-03
    0.49021E+01    0.68692E-03
    0.50011E+01    0.65270E-03
    0.51021E+01    0.62015E-03
    0.52052E+01    0.58921E-03
    0.53104E+01    0.55978E-03
    0.54176E+01    0.53180E-03
    0.55271E+01    0.50520E-03
    0.56387E+01    0.47991E-03
    0.57526E+01    0.45587E-03
    0.58689E+01    0.43302E-03
    0.59874E+01    0.41129E-03
    0.61084E+01    0.39064E-03
    0.62318E+01    0.37102E-03
    0.63577E+01    0.35236E-03
    0.64861E+01    0.33463E-03
    0.66171E+01    0.31779E-03
    0.67508E+01    0.30177E-03
    0.68872E+01    0.28656E-03
    0.70263E+01    0.27210E-03
    0.71682E+01    0.25836E-03
    0.73130E+01    0.24531E-03
    0.74608E+01    0.23291E-03
    0.76115E+01    0.22112E-03
    0.77653E+01    0.20993E-03
    0.79221E+01    0.19929E-03
    0.80822E+01    0.18919E-03
    0.82454E+01    0.17960E-03
    0.84120E+01    0.17048E-03
    0.85819E+01    0.16182E-03
    0.87553E+01    0.15360E-03
    0.89322E+01    0.14579E-03
    0.91126E+01    0.13837E-03
    0.92967E+01    0.13132E-03
    0.94845E+01    0.12463E-03
    0.96761E+01    0.11828E-03
    0.98716E+01    0.11225E-03
    0.10071E+02    0.10652E-03
    0.10274E+02    0.10108E-03
    0.10482E+02    0.95913E-04
    0.10694E+02    0.91009E-04
    0.10910E+02    0.86353E-04
    0.11130E+02    0.81932E-04
    0.11355E+02    0.77736E-04
    0.11584E+02    0.73751E-04
    0.11818E+02    0.69969E-04
    0.12057E+02    0.66379E-04
    0.12301E+02    0.62971E-04
    0.12549E+02    0.59736E-04
    0.12803E+02    0.56666E-04
    0.13061E+02    0.53752E-04
    0.13325E+02    0.50986E-04
    0.13594E+02    0.48361E-04
    0.13869E+02    0.45871E-04
    0.14149E+02    0.43507E-04
    0.14435E+02    0.41264E-04
    0.14727E+02    0.39135E-04
    0.15024E+02    0.37115E-04
    0.15328E+02    0.35199E-04
    0.15637E+02    0.33380E-04
    0.15953E+02    0.31655E-04
    0.16275E+02    0.30018E-04
    0.16604E+02    0.28464E-04
    0.16940E+02    0.26991E-04
    0.17282E+02    0.25593E-04
    0.17631E+02    0.24266E-04
    0.17987E+02    0.23008E-04
    0.18351E+02    0.21815E-04
    0.18721E+02    0.20682E-04
    0.19099E+02    0.19609E-04
    0.19485E+02    0.18590E-04
    0.19879E+02    0.17624E-04
    0.20280E+02    0.16707E-04
    0.20690E+02    0.15838E-04
    0.21108E+02    0.15014E-04
    0.21535E+02    0.14232E-04
    0.21970E+02    0.13490E-04
    0.22413E+02    0.12787E-04
    0.22866E+02    0.12121E-04
    0.23328E+02    0.11488E-04
    0.23799E+02    0.10889E-04
    0.24280E+02    0.10320E-04
    0.24771E+02    0.97810E-05
    0.25271E+02    0.92698E-05
    0.25782E+02    0.87852E-05
    0.26302E+02    0.83256E-05
    0.26834E+02    0.78899E-05
    0.27376E+02    0.74768E-05
    0.27929E+02    0.70852E-05
    0.28493E+02    0.67140E-05
    0.29069E+02    0.63620E-05
    0.29656E+02    0.60283E-05
    0.30255E+02    0.57120E-05
    0.30866E+02    0.54122E-05
    0.31490E+02    0.51280E-05
    0.32126E+02    0.48586E-05
    0.32775E+02    0.46032E-05
    0.33437E+02    0.43612E-05
    0.34112E+02    0.41318E-05
    0.34801E+02    0.39143E-05
    0.35504E+02    0.37083E-05
    0.36222E+02    0.35130E-05
    0.36953E+02    0.33279E-05
    0.37700E+02    0.31524E-05
    0.38462E+02    0.29862E-05
    0.39239E+02    0.28287E-05
    0.40031E+02    0.26794E-05
    0.40840E+02    0.25379E-05
    0.41665E+02    0.24039E-05
    0.42507E+02    0.22768E-05
    0.43365E+02    0.21565E-05
    0.44241E+02    0.20424E-05
    0.45135E+02    0.19344E-05
    0.46047E+02    0.18320E-05
    0.46977E+02    0.17350E-05
    0.47926E+02    0.16431E-05
    0.48894E+02    0.15560E-05
    0.49882E+02    0.14735E-05
    0.50890E+02    0.13954E-05
    0.51918E+02    0.13213E-05
    0.52966E+02    0.12512E-05
    0.54036E+02    0.11848E-05
    0.55128E+02    0.11218E-05
    0.56242E+02    0.10622E-05
    0.57378E+02    0.10057E-05
    0.58537E+02    0.95222E-06
    0.59720E+02    0.90155E-06
    0.60926E+02    0.85355E-06
    0.62157E+02    0.80809E-06
    0.63412E+02    0.76504E-06
    0.64693E+02    0.72426E-06
    0.66000E+02    0.68563E-06
    0.67334E+02    0.64906E-06
    0.68694E+02    0.61441E-06
    0.70082E+02    0.58161E-06
    0.71497E+02    0.55054E-06
    0.72942E+02    0.52111E-06
    0.74415E+02    0.49325E-06
    0.75918E+02    0.46686E-06
    0.77452E+02    0.44188E-06
    0.79017E+02    0.41822E-06
    0.80613E+02    0.39582E-06
    0.82241E+02    0.37460E-06
    0.83903E+02    0.35452E-06
    0.85598E+02    0.33550E-06
    0.87327E+02    0.31749E-06
    0.89091E+02    0.30045E-06
    0.90891E+02    0.28431E-06
    0.92727E+02    0.26902E-06
    0.94600E+02    0.25456E-06
    0.96511E+02    0.24086E-06
    0.98461E+02    0.22789E-06
    0.10045E+03    0.21562E-06
    0.10248E+03    0.20400E-06
    0.10455E+03    0.19300E-06
    0.10666E+03    0.18258E-06
    0.10882E+03    0.17273E-06
    0.11101E+03    0.16340E-06
    0.11326E+03    0.15457E-06
    0.11554E+03    0.14621E-06
    0.11788E+03    0.13830E-06
    0.12026E+03    0.13081E-06
    0.12269E+03    0.12372E-06
    0.12517E+03    0.11701E-06
    0.12770E+03    0.11066E-06
    0.13028E+03    0.10465E-06
    0.13291E+03    0.98968E-07
    0.13559E+03    0.93587E-07
    0.13833E+03    0.88495E-07
    0.14113E+03    0.83677E-07
    0.14398E+03    0.79118E-07
    0.14689E+03    0.74804E-07
    0.14985E+03    0.70723E-07
    0.15288E+03    0.66862E-07
    0.15597E+03    0.63208E-07
    0.15912E+03    0.59752E-07
    0.16233E+03    0.56482E-07
    0.16561E+03    0.53387E-07
    0.16896E+03    0.50459E-07
    0.17237E+03    0.47689E-07
    0.17585E+03    0.45068E-07
    0.17941E+03    0.42588E-07
    0.18303E+03    0.40241E-07
    0.18673E+03    0.38021E-07
    0.19050E+03    0.35921E-07
    0.19435E+03    0.33934E-07
    0.19828E+03    0.32055E-07
    0.20228E+03    0.30279E-07
    0.20637E+03    0.28600E-07
    0.21054E+03    0.27014E-07
    0.21479E+03    0.25514E-07
    0.21913E+03    0.24098E-07
    0.22356E+03    0.22760E-07
