    0.10000E-03    0.27811E+00
    0.10202E-03    0.28355E+00
    0.10408E-03    0.28909E+00
    0.10618E-03    0.29475E+00
    0.10833E-03    0.30052E+00
    0.11052E-03    0.30639E+00
    0.11275E-03    0.31239E+00
    0.11503E-03    0.31850E+00
    0.11735E-03    0.32473E+00
    0.11972E-03    0.33108E+00
    0.12214E-03    0.33756E+00
    0.12461E-03    0.34416E+00
    0.12712E-03    0.35089E+00
    0.12969E-03    0.35775E+00
    0.13231E-03    0.36475E+00
    0.13499E-03    0.37189E+00
    0.13771E-03    0.37916E+00
    0.14049E-03    0.38658E+00
    0.14333E-03    0.39414E+00
    0.14623E-03    0.40185E+00
    0.14918E-03    0.40971E+00
    0.15220E-03    0.41772E+00
    0.15527E-03    0.42589E+00
    0.15841E-03    0.43422E+00
    0.16161E-03    0.44271E+00
    0.16487E-03    0.45137E+00
    0.16820E-03    0.46020E+00
    0.17160E-03    0.46920E+00
    0.17507E-03    0.47837E+00
    0.17860E-03    0.48773E+00
    0.18221E-03    0.49726E+00
    0.18589E-03    0.50699E+00
    0.18965E-03    0.51690E+00
    0.19348E-03    0.52701E+00
    0.19739E-03    0.53732E+00
    0.20138E-03    0.54782E+00
    0.20544E-03    0.55853E+00
    0.20959E-03    0.56945E+00
    0.21383E-03    0.58059E+00
    0.21815E-03    0.59194E+00
    0.22255E-03    0.60351E+00
    0.22705E-03    0.61531E+00
    0.23164E-03    0.62734E+00
    0.23632E-03    0.63960E+00
    0.24109E-03    0.65211E+00
    0.24596E-03    0.66486E+00
    0.25093E-03    0.67785E+00
    0.25600E-03    0.69110E+00
    0.26117E-03    0.70461E+00
    0.26645E-03    0.71838E+00
    0.27183E-03    0.73242E+00
    0.27732E-03    0.74673E+00
    0.28292E-03    0.76133E+00
    0.28864E-03    0.77621E+00
    0.29447E-03    0.79137E+00
    0.30042E-03    0.80684E+00
    0.30649E-03    0.82260E+00
    0.31268E-03    0.83867E+00
    0.31899E-03    0.85506E+00
    0.32544E-03    0.87176E+00
    0.33201E-03    0.88879E+00
    0.33872E-03    0.90615E+00
    0.34556E-03    0.92385E+00
    0.35254E-03    0.94189E+00
    0.35966E-03    0.96028E+00
    0.36693E-03    0.97903E+00
    0.37434E-03    0.99815E+00
    0.38190E-03    0.10176E+01
    0.38962E-03    0.10375E+01
    0.39749E-03    0.10578E+01
    0.40552E-03    0.10784E+01
    0.41371E-03    0.10994E+01
    0.42207E-03    0.11209E+01
    0.43060E-03    0.11428E+01
    0.43929E-03    0.11651E+01
    0.44817E-03    0.11878E+01
    0.45722E-03    0.12110E+01
    0.46646E-03    0.12346E+01
    0.47588E-03    0.12587E+01
    0.48550E-03    0.12832E+01
    0.49530E-03    0.13082E+01
    0.50531E-03    0.13337E+01
    0.51552E-03    0.13597E+01
    0.52593E-03    0.13862E+01
    0.53656E-03    0.14132E+01
    0.54739E-03    0.14408E+01
    0.55845E-03    0.14688E+01
    0.56973E-03    0.14974E+01
    0.58124E-03    0.15266E+01
    0.59299E-03    0.15563E+01
    0.60496E-03    0.15866E+01
    0.61719E-03    0.16175E+01
    0.62965E-03    0.16489E+01
    0.64237E-03    0.16810E+01
    0.65535E-03    0.17137E+01
    0.66859E-03    0.17470E+01
    0.68210E-03    0.17809E+01
    0.69588E-03    0.18155E+01
    0.70993E-03    0.18508E+01
    0.72427E-03    0.18867E+01
    0.73891E-03    0.19234E+01
    0.75383E-03    0.19607E+01
    0.76906E-03    0.19987E+01
    0.78460E-03    0.20375E+01
    0.80045E-03    0.20770E+01
    0.81662E-03    0.21172E+01
    0.83311E-03    0.21582E+01
    0.84994E-03    0.22000E+01
    0.86711E-03    0.22426E+01
    0.88463E-03    0.22860E+01
    0.90250E-03    0.23302E+01
    0.92073E-03    0.23752E+01
    0.93933E-03    0.24211E+01
    0.95831E-03    0.24679E+01
    0.97767E-03    0.25155E+01
    0.99742E-03    0.25640E+01
    0.10176E-02    0.26135E+01
    0.10381E-02    0.26638E+01
    0.10591E-02    0.27151E+01
    0.10805E-02    0.27673E+01
    0.11023E-02    0.28205E+01
    0.11246E-02    0.28747E+01
    0.11473E-02    0.29299E+01
    0.11705E-02    0.29861E+01
    0.11941E-02    0.30434E+01
    0.12182E-02    0.31017E+01
    0.12429E-02    0.31611E+01
    0.12680E-02    0.32215E+01
    0.12936E-02    0.32830E+01
    0.13197E-02    0.33457E+01
    0.13464E-02    0.34095E+01
    0.13736E-02    0.34744E+01
    0.14013E-02    0.35405E+01
    0.14296E-02    0.36078E+01
    0.14585E-02    0.36763E+01
    0.14880E-02    0.37460E+01
    0.15180E-02    0.38170E+01
    0.15487E-02    0.38891E+01
    0.15800E-02    0.39626E+01
    0.16119E-02    0.40373E+01
    0.16445E-02    0.41134E+01
    0.16777E-02    0.41907E+01
    0.17116E-02    0.42694E+01
    0.17462E-02    0.43494E+01
    0.17814E-02    0.44308E+01
    0.18174E-02    0.45135E+01
    0.18541E-02    0.45977E+01
    0.18916E-02    0.46832E+01
    0.19298E-02    0.47702E+01
    0.19688E-02    0.48586E+01
    0.20086E-02    0.49485E+01
    0.20491E-02    0.50398E+01
    0.20905E-02    0.51326E+01
    0.21328E-02    0.52268E+01
    0.21758E-02    0.53226E+01
    0.22198E-02    0.54198E+01
    0.22646E-02    0.55186E+01
    0.23104E-02    0.56189E+01
    0.23571E-02    0.57207E+01
    0.24047E-02    0.58241E+01
    0.24533E-02    0.59290E+01
    0.25028E-02    0.60355E+01
    0.25534E-02    0.61435E+01
    0.26050E-02    0.62531E+01
    0.26576E-02    0.63642E+01
    0.27113E-02    0.64769E+01
    0.27660E-02    0.65911E+01
    0.28219E-02    0.67069E+01
    0.28789E-02    0.68243E+01
    0.29371E-02    0.69432E+01
    0.29964E-02    0.70636E+01
    0.30569E-02    0.71856E+01
    0.31187E-02    0.73091E+01
    0.31817E-02    0.74341E+01
    0.32460E-02    0.75606E+01
    0.33115E-02    0.76886E+01
    0.33784E-02    0.78181E+01
    0.34467E-02    0.79490E+01
    0.35163E-02    0.80813E+01
    0.35874E-02    0.82151E+01
    0.36598E-02    0.83502E+01
    0.37338E-02    0.84867E+01
    0.38092E-02    0.86245E+01
    0.38861E-02    0.87637E+01
    0.39646E-02    0.89041E+01
    0.40447E-02    0.90458E+01
    0.41264E-02    0.91886E+01
    0.42098E-02    0.93326E+01
    0.42948E-02    0.94777E+01
    0.43816E-02    0.96238E+01
    0.44701E-02    0.97710E+01
    0.45604E-02    0.99191E+01
    0.46525E-02    0.10068E+02
    0.47465E-02    0.10218E+02
    0.48424E-02    0.10369E+02
    0.49402E-02    0.10520E+02
    0.50400E-02    0.10673E+02
    0.51419E-02    0.10825E+02
    0.52457E-02    0.10979E+02
    0.53517E-02    0.11133E+02
    0.54598E-02    0.11287E+02
    0.55701E-02    0.11442E+02
    0.56826E-02    0.11597E+02
    0.57974E-02    0.11752E+02
    0.59145E-02    0.11907E+02
    0.60340E-02    0.12062E+02
    0.61559E-02    0.12217E+02
    0.62803E-02    0.12373E+02
    0.64072E-02    0.12527E+02
    0.65366E-02    0.12682E+02
    0.66686E-02    0.12836E+02
    0.68033E-02    0.12990E+02
    0.69408E-02    0.13143E+02
    0.70810E-02    0.13295E+02
    0.72240E-02    0.13446E+02
    0.73700E-02    0.13596E+02
    0.75189E-02    0.13746E+02
    0.76708E-02    0.13894E+02
    0.78257E-02    0.14040E+02
    0.79838E-02    0.14186E+02
    0.81451E-02    0.14329E+02
    0.83096E-02    0.14471E+02
    0.84775E-02    0.14611E+02
    0.86488E-02    0.14749E+02
    0.88235E-02    0.14885E+02
    0.90017E-02    0.15018E+02
    0.91836E-02    0.15149E+02
    0.93691E-02    0.15277E+02
    0.95583E-02    0.15404E+02
    0.97514E-02    0.15527E+02
    0.99484E-02    0.15647E+02
    0.10149E-01    0.15763E+02
    0.10354E-01    0.15876E+02
    0.10564E-01    0.15985E+02
    0.10777E-01    0.16090E+02
    0.10995E-01    0.16191E+02
    0.11217E-01    0.16288E+02
    0.11443E-01    0.16381E+02
    0.11675E-01    0.16469E+02
    0.11910E-01    0.16552E+02
    0.12151E-01    0.16630E+02
    0.12397E-01    0.16703E+02
    0.12647E-01    0.16771E+02
    0.12902E-01    0.16834E+02
    0.13163E-01    0.16891E+02
    0.13429E-01    0.16942E+02
    0.13700E-01    0.16987E+02
    0.13977E-01    0.17026E+02
    0.14259E-01    0.17058E+02
    0.14547E-01    0.17084E+02
    0.14841E-01    0.17104E+02
    0.15141E-01    0.17116E+02
    0.15447E-01    0.17122E+02
    0.15759E-01    0.17120E+02
    0.16077E-01    0.17110E+02
    0.16402E-01    0.17094E+02
    0.16734E-01    0.17069E+02
    0.17072E-01    0.17037E+02
    0.17416E-01    0.16997E+02
    0.17768E-01    0.16949E+02
    0.18127E-01    0.16893E+02
    0.18493E-01    0.16829E+02
    0.18867E-01    0.16757E+02
    0.19248E-01    0.16676E+02
    0.19637E-01    0.16588E+02
    0.20034E-01    0.16491E+02
    0.20438E-01    0.16385E+02
    0.20851E-01    0.16272E+02
    0.21272E-01    0.16150E+02
    0.21702E-01    0.16020E+02
    0.22141E-01    0.15882E+02
    0.22588E-01    0.15736E+02
    0.23044E-01    0.15583E+02
    0.23510E-01    0.15422E+02
    0.23985E-01    0.15254E+02
    0.24469E-01    0.15078E+02
    0.24964E-01    0.14896E+02
    0.25468E-01    0.14707E+02
    0.25982E-01    0.14513E+02
    0.26507E-01    0.14312E+02
    0.27043E-01    0.14106E+02
    0.27589E-01    0.13896E+02
    0.28146E-01    0.13680E+02
    0.28715E-01    0.13461E+02
    0.29295E-01    0.13238E+02
    0.29887E-01    0.13013E+02
    0.30490E-01    0.12785E+02
    0.31106E-01    0.12555E+02
    0.31735E-01    0.12324E+02
    0.32376E-01    0.12093E+02
    0.33030E-01    0.11861E+02
    0.33697E-01    0.11630E+02
    0.34378E-01    0.11401E+02
    0.35072E-01    0.11173E+02
    0.35781E-01    0.10948E+02
    0.36504E-01    0.10726E+02
    0.37241E-01    0.10507E+02
    0.37993E-01    0.10293E+02
    0.38761E-01    0.10084E+02
    0.39544E-01    0.98804E+01
    0.40343E-01    0.96823E+01
    0.41158E-01    0.94904E+01
    0.41989E-01    0.93051E+01
    0.42838E-01    0.91266E+01
    0.43703E-01    0.89551E+01
    0.44586E-01    0.87909E+01
    0.45486E-01    0.86340E+01
    0.46405E-01    0.84844E+01
    0.47343E-01    0.83420E+01
    0.48299E-01    0.82067E+01
    0.49275E-01    0.80781E+01
    0.50270E-01    0.79558E+01
    0.51286E-01    0.78395E+01
    0.52322E-01    0.77285E+01
    0.53379E-01    0.76222E+01
    0.54457E-01    0.75198E+01
    0.55557E-01    0.74205E+01
    0.56680E-01    0.73233E+01
    0.57825E-01    0.72273E+01
    0.58993E-01    0.71313E+01
    0.60184E-01    0.70343E+01
    0.61400E-01    0.69352E+01
    0.62641E-01    0.68328E+01
    0.63906E-01    0.67262E+01
    0.65197E-01    0.66144E+01
    0.66514E-01    0.64965E+01
    0.67858E-01    0.63718E+01
    0.69229E-01    0.62398E+01
    0.70627E-01    0.61001E+01
    0.72054E-01    0.59529E+01
    0.73510E-01    0.57979E+01
    0.74994E-01    0.56361E+01
    0.76509E-01    0.54682E+01
    0.78055E-01    0.52952E+01
    0.79632E-01    0.51184E+01
    0.81241E-01    0.49395E+01
    0.82882E-01    0.47601E+01
    0.84556E-01    0.45821E+01
    0.86264E-01    0.44073E+01
    0.88007E-01    0.42376E+01
    0.89785E-01    0.40748E+01
    0.91598E-01    0.39205E+01
    0.93449E-01    0.37761E+01
    0.95337E-01    0.36427E+01
    0.97263E-01    0.35210E+01
    0.99227E-01    0.34114E+01
    0.10123E+00    0.33139E+01
    0.10328E+00    0.32280E+01
    0.10536E+00    0.31528E+01
    0.10749E+00    0.30870E+01
    0.10966E+00    0.30289E+01
    0.11188E+00    0.29766E+01
    0.11414E+00    0.29277E+01
    0.11644E+00    0.28798E+01
    0.11880E+00    0.28304E+01
    0.12120E+00    0.27773E+01
    0.12365E+00    0.27186E+01
    0.12614E+00    0.26527E+01
    0.12869E+00    0.25789E+01
    0.13129E+00    0.24970E+01
    0.13394E+00    0.24079E+01
    0.13665E+00    0.23129E+01
    0.13941E+00    0.22142E+01
    0.14223E+00    0.21145E+01
    0.14510E+00    0.20164E+01
    0.14803E+00    0.19227E+01
    0.15102E+00    0.18357E+01
    0.15407E+00    0.17573E+01
    0.15718E+00    0.16886E+01
    0.16036E+00    0.16301E+01
    0.16360E+00    0.15810E+01
    0.16690E+00    0.15402E+01
    0.17028E+00    0.15056E+01
    0.17371E+00    0.14747E+01
    0.17722E+00    0.14447E+01
    0.18080E+00    0.14131E+01
    0.18446E+00    0.13775E+01
    0.18818E+00    0.13366E+01
    0.19198E+00    0.12901E+01
    0.19586E+00    0.12386E+01
    0.19982E+00    0.11838E+01
    0.20386E+00    0.11281E+01
    0.20797E+00    0.10740E+01
    0.21218E+00    0.10238E+01
    0.21646E+00    0.97930E+00
    0.22083E+00    0.94126E+00
    0.22530E+00    0.90943E+00
    0.22985E+00    0.88270E+00
    0.23449E+00    0.85919E+00
    0.23923E+00    0.83672E+00
    0.24406E+00    0.81322E+00
    0.24899E+00    0.78724E+00
    0.25402E+00    0.75824E+00
    0.25915E+00    0.72673E+00
    0.26439E+00    0.69403E+00
    0.26973E+00    0.66190E+00
    0.27518E+00    0.63200E+00
    0.28074E+00    0.60545E+00
    0.28641E+00    0.58255E+00
    0.29219E+00    0.56272E+00
    0.29810E+00    0.54476E+00
    0.30412E+00    0.52725E+00
    0.31026E+00    0.50903E+00
    0.31653E+00    0.48955E+00
    0.32292E+00    0.46907E+00
    0.32945E+00    0.44842E+00
    0.33610E+00    0.42864E+00
    0.34289E+00    0.41053E+00
    0.34982E+00    0.39434E+00
    0.35689E+00    0.37977E+00
    0.36409E+00    0.36608E+00
    0.37145E+00    0.35253E+00
    0.37895E+00    0.33867E+00
    0.38661E+00    0.32455E+00
    0.39442E+00    0.31057E+00
    0.40239E+00    0.29730E+00
    0.41052E+00    0.28502E+00
    0.41881E+00    0.27372E+00
    0.42727E+00    0.26306E+00
    0.43590E+00    0.25266E+00
    0.44471E+00    0.24233E+00
    0.45369E+00    0.23210E+00
    0.46286E+00    0.22221E+00
    0.47221E+00    0.21286E+00
    0.48174E+00    0.20409E+00
    0.49148E+00    0.19577E+00
    0.50141E+00    0.18771E+00
    0.51153E+00    0.17983E+00
    0.52187E+00    0.17218E+00
    0.53241E+00    0.16485E+00
    0.54317E+00    0.15789E+00
    0.55414E+00    0.15127E+00
    0.56533E+00    0.14489E+00
    0.57675E+00    0.13873E+00
    0.58840E+00    0.13281E+00
    0.60029E+00    0.12713E+00
    0.61242E+00    0.12168E+00
    0.62479E+00    0.11645E+00
    0.63741E+00    0.11143E+00
    0.65029E+00    0.10662E+00
    0.66342E+00    0.10200E+00
    0.67683E+00    0.97572E-01
    0.69050E+00    0.93328E-01
    0.70445E+00    0.89262E-01
    0.71868E+00    0.85364E-01
    0.73320E+00    0.81630E-01
    0.74801E+00    0.78052E-01
    0.76312E+00    0.74624E-01
    0.77854E+00    0.71340E-01
    0.79426E+00    0.68194E-01
    0.81031E+00    0.65181E-01
    0.82668E+00    0.62296E-01
    0.84338E+00    0.59532E-01
    0.86041E+00    0.56887E-01
    0.87780E+00    0.54353E-01
    0.89553E+00    0.51928E-01
    0.91362E+00    0.49607E-01
    0.93208E+00    0.47385E-01
    0.95091E+00    0.45259E-01
    0.97011E+00    0.43224E-01
    0.98971E+00    0.41277E-01
    0.10097E+01    0.39415E-01
    0.10301E+01    0.37633E-01
    0.10509E+01    0.35928E-01
    0.10721E+01    0.34298E-01
    0.10938E+01    0.32740E-01
    0.11159E+01    0.31249E-01
    0.11384E+01    0.29824E-01
    0.11614E+01    0.28462E-01
    0.11849E+01    0.27160E-01
    0.12088E+01    0.25915E-01
    0.12333E+01    0.24726E-01
    0.12582E+01    0.23589E-01
    0.12836E+01    0.22503E-01
    0.13095E+01    0.21466E-01
    0.13360E+01    0.20475E-01
    0.13630E+01    0.19528E-01
    0.13905E+01    0.18624E-01
    0.14186E+01    0.17760E-01
    0.14472E+01    0.16935E-01
    0.14765E+01    0.16147E-01
    0.15063E+01    0.15395E-01
    0.15367E+01    0.14676E-01
    0.15678E+01    0.13991E-01
    0.15994E+01    0.13336E-01
    0.16318E+01    0.12711E-01
    0.16647E+01    0.12115E-01
    0.16984E+01    0.11545E-01
    0.17327E+01    0.11002E-01
    0.17677E+01    0.10484E-01
    0.18034E+01    0.99891E-02
    0.18398E+01    0.95173E-02
    0.18770E+01    0.90671E-02
    0.19149E+01    0.86378E-02
    0.19536E+01    0.82283E-02
    0.19930E+01    0.78377E-02
    0.20333E+01    0.74652E-02
    0.20744E+01    0.71100E-02
    0.21163E+01    0.67713E-02
    0.21590E+01    0.64484E-02
    0.22026E+01    0.61404E-02
    0.22471E+01    0.58468E-02
    0.22925E+01    0.55670E-02
    0.23388E+01    0.53002E-02
    0.23861E+01    0.50459E-02
    0.24343E+01    0.48035E-02
    0.24835E+01    0.45725E-02
    0.25336E+01    0.43523E-02
    0.25848E+01    0.41426E-02
    0.26370E+01    0.39427E-02
    0.26903E+01    0.37522E-02
    0.27447E+01    0.35708E-02
    0.28001E+01    0.33980E-02
    0.28567E+01    0.32333E-02
    0.29144E+01    0.30765E-02
    0.29733E+01    0.29271E-02
    0.30333E+01    0.27848E-02
    0.30946E+01    0.26494E-02
    0.31571E+01    0.25203E-02
    0.32209E+01    0.23975E-02
    0.32860E+01    0.22805E-02
    0.33523E+01    0.21691E-02
    0.34201E+01    0.20630E-02
    0.34892E+01    0.19621E-02
    0.35596E+01    0.18660E-02
    0.36316E+01    0.17745E-02
    0.37049E+01    0.16874E-02
    0.37798E+01    0.16045E-02
    0.38561E+01    0.15256E-02
    0.39340E+01    0.14505E-02
    0.40135E+01    0.13791E-02
    0.40946E+01    0.13111E-02
    0.41773E+01    0.12464E-02
    0.42617E+01    0.11848E-02
    0.43478E+01    0.11263E-02
    0.44356E+01    0.10706E-02
    0.45252E+01    0.10175E-02
    0.46166E+01    0.96712E-03
    0.47099E+01    0.91916E-03
    0.48050E+01    0.87353E-03
    0.49021E+01    0.83014E-03
    0.50011E+01    0.78887E-03
    0.51021E+01    0.74961E-03
    0.52052E+01    0.71228E-03
    0.53104E+01    0.67678E-03
    0.54176E+01    0.64303E-03
    0.55271E+01    0.61093E-03
    0.56387E+01    0.58041E-03
    0.57526E+01    0.55139E-03
    0.58689E+01    0.52380E-03
    0.59874E+01    0.49757E-03
    0.61084E+01    0.47264E-03
    0.62318E+01    0.44894E-03
    0.63577E+01    0.42641E-03
    0.64861E+01    0.40499E-03
    0.66171E+01    0.38464E-03
    0.67508E+01    0.36530E-03
    0.68872E+01    0.34691E-03
    0.70263E+01    0.32944E-03
    0.71682E+01    0.31284E-03
    0.73130E+01    0.29706E-03
    0.74608E+01    0.28207E-03
    0.76115E+01    0.26782E-03
    0.77653E+01    0.25429E-03
    0.79221E+01    0.24143E-03
    0.80822E+01    0.22921E-03
    0.82454E+01    0.21761E-03
    0.84120E+01    0.20658E-03
    0.85819E+01    0.19610E-03
    0.87553E+01    0.18616E-03
    0.89322E+01    0.17670E-03
    0.91126E+01    0.16773E-03
    0.92967E+01    0.15920E-03
    0.94845E+01    0.15110E-03
    0.96761E+01    0.14341E-03
    0.98716E+01    0.13611E-03
    0.10071E+02    0.12917E-03
    0.10274E+02    0.12259E-03
    0.10482E+02    0.11633E-03
    0.10694E+02    0.11039E-03
    0.10910E+02    0.10475E-03
    0.11130E+02    0.99399E-04
    0.11355E+02    0.94316E-04
    0.11584E+02    0.89489E-04
    0.11818E+02    0.84907E-04
    0.12057E+02    0.80557E-04
    0.12301E+02    0.76428E-04
    0.12549E+02    0.72508E-04
    0.12803E+02    0.68787E-04
    0.13061E+02    0.65255E-04
    0.13325E+02    0.61902E-04
    0.13594E+02    0.58720E-04
    0.13869E+02    0.55700E-04
    0.14149E+02    0.52834E-04
    0.14435E+02    0.50113E-04
    0.14727E+02    0.47532E-04
    0.15024E+02    0.45082E-04
    0.15328E+02    0.42757E-04
    0.15637E+02    0.40551E-04
    0.15953E+02    0.38457E-04
    0.16275E+02    0.36471E-04
    0.16604E+02    0.34586E-04
    0.16940E+02    0.32798E-04
    0.17282E+02    0.31101E-04
    0.17631E+02    0.29492E-04
    0.17987E+02    0.27965E-04
    0.18351E+02    0.26516E-04
    0.18721E+02    0.25142E-04
    0.19099E+02    0.23838E-04
    0.19485E+02    0.22601E-04
    0.19879E+02    0.21428E-04
    0.20280E+02    0.20315E-04
    0.20690E+02    0.19259E-04
    0.21108E+02    0.18258E-04
    0.21535E+02    0.17309E-04
    0.21970E+02    0.16408E-04
    0.22413E+02    0.15554E-04
    0.22866E+02    0.14744E-04
    0.23328E+02    0.13976E-04
    0.23799E+02    0.13247E-04
    0.24280E+02    0.12556E-04
    0.24771E+02    0.11901E-04
    0.25271E+02    0.11280E-04
    0.25782E+02    0.10691E-04
    0.26302E+02    0.10132E-04
    0.26834E+02    0.96026E-05
    0.27376E+02    0.91004E-05
    0.27929E+02    0.86243E-05
    0.28493E+02    0.81729E-05
    0.29069E+02    0.77449E-05
    0.29656E+02    0.73392E-05
    0.30255E+02    0.69546E-05
    0.30866E+02    0.65899E-05
    0.31490E+02    0.62443E-05
    0.32126E+02    0.59166E-05
    0.32775E+02    0.56060E-05
    0.33437E+02    0.53115E-05
    0.34112E+02    0.50325E-05
    0.34801E+02    0.47679E-05
    0.35504E+02    0.45172E-05
    0.36222E+02    0.42795E-05
    0.36953E+02    0.40543E-05
    0.37700E+02    0.38408E-05
    0.38462E+02    0.36385E-05
    0.39239E+02    0.34468E-05
    0.40031E+02    0.32650E-05
    0.40840E+02    0.30928E-05
    0.41665E+02    0.29297E-05
    0.42507E+02    0.27750E-05
    0.43365E+02    0.26285E-05
    0.44241E+02    0.24896E-05
    0.45135E+02    0.23580E-05
    0.46047E+02    0.22334E-05
    0.46977E+02    0.21152E-05
    0.47926E+02    0.20033E-05
    0.48894E+02    0.18972E-05
    0.49882E+02    0.17968E-05
    0.50890E+02    0.17016E-05
    0.51918E+02    0.16114E-05
    0.52966E+02    0.15259E-05
    0.54036E+02    0.14450E-05
    0.55128E+02    0.13683E-05
    0.56242E+02    0.12956E-05
    0.57378E+02    0.12268E-05
    0.58537E+02    0.11616E-05
    0.59720E+02    0.10999E-05
    0.60926E+02    0.10414E-05
    0.62157E+02    0.98599E-06
    0.63412E+02    0.93351E-06
    0.64693E+02    0.88380E-06
    0.66000E+02    0.83671E-06
    0.67334E+02    0.79212E-06
    0.68694E+02    0.74989E-06
    0.70082E+02    0.70988E-06
    0.71497E+02    0.67200E-06
    0.72942E+02    0.63612E-06
    0.74415E+02    0.60215E-06
    0.75918E+02    0.56997E-06
    0.77452E+02    0.53950E-06
    0.79017E+02    0.51064E-06
    0.80613E+02    0.48332E-06
    0.82241E+02    0.45744E-06
    0.83903E+02    0.43294E-06
    0.85598E+02    0.40974E-06
    0.87327E+02    0.38777E-06
    0.89091E+02    0.36697E-06
    0.90891E+02    0.34728E-06
    0.92727E+02    0.32863E-06
    0.94600E+02    0.31098E-06
    0.96511E+02    0.29426E-06
    0.98461E+02    0.27844E-06
    0.10045E+03    0.26346E-06
    0.10248E+03    0.24927E-06
    0.10455E+03    0.23585E-06
    0.10666E+03    0.22314E-06
    0.10882E+03    0.21111E-06
    0.11101E+03    0.19972E-06
    0.11326E+03    0.18893E-06
    0.11554E+03    0.17873E-06
    0.11788E+03    0.16907E-06
    0.12026E+03    0.15992E-06
    0.12269E+03    0.15127E-06
    0.12517E+03    0.14308E-06
    0.12770E+03    0.13532E-06
    0.13028E+03    0.12798E-06
    0.13291E+03    0.12104E-06
    0.13559E+03    0.11447E-06
    0.13833E+03    0.10825E-06
    0.14113E+03    0.10236E-06
    0.14398E+03    0.96792E-07
    0.14689E+03    0.91521E-07
    0.14985E+03    0.86535E-07
    0.15288E+03    0.81816E-07
    0.15597E+03    0.77352E-07
    0.15912E+03    0.73128E-07
    0.16233E+03    0.69131E-07
    0.16561E+03    0.65350E-07
    0.16896E+03    0.61771E-07
    0.17237E+03    0.58385E-07
    0.17585E+03    0.55181E-07
    0.17941E+03    0.52150E-07
    0.18303E+03    0.49281E-07
    0.18673E+03    0.46567E-07
    0.19050E+03    0.43999E-07
    0.19435E+03    0.41570E-07
    0.19828E+03    0.39272E-07
    0.20228E+03    0.37100E-07
    0.20637E+03    0.35046E-07
    0.21054E+03    0.33105E-07
    0.21479E+03    0.31271E-07
    0.21913E+03    0.29537E-07
    0.22356E+03    0.27900E-07
