    0.10000E-03    0.27674E+00
    0.10202E-03    0.28216E+00
    0.10408E-03    0.28768E+00
    0.10618E-03    0.29331E+00
    0.10833E-03    0.29906E+00
    0.11052E-03    0.30491E+00
    0.11275E-03    0.31088E+00
    0.11503E-03    0.31697E+00
    0.11735E-03    0.32317E+00
    0.11972E-03    0.32950E+00
    0.12214E-03    0.33595E+00
    0.12461E-03    0.34253E+00
    0.12712E-03    0.34923E+00
    0.12969E-03    0.35607E+00
    0.13231E-03    0.36304E+00
    0.13499E-03    0.37015E+00
    0.13771E-03    0.37739E+00
    0.14049E-03    0.38478E+00
    0.14333E-03    0.39231E+00
    0.14623E-03    0.39999E+00
    0.14918E-03    0.40782E+00
    0.15220E-03    0.41580E+00
    0.15527E-03    0.42394E+00
    0.15841E-03    0.43224E+00
    0.16161E-03    0.44070E+00
    0.16487E-03    0.44933E+00
    0.16820E-03    0.45812E+00
    0.17160E-03    0.46709E+00
    0.17507E-03    0.47623E+00
    0.17860E-03    0.48555E+00
    0.18221E-03    0.49506E+00
    0.18589E-03    0.50474E+00
    0.18965E-03    0.51462E+00
    0.19348E-03    0.52469E+00
    0.19739E-03    0.53496E+00
    0.20138E-03    0.54543E+00
    0.20544E-03    0.55610E+00
    0.20959E-03    0.56699E+00
    0.21383E-03    0.57808E+00
    0.21815E-03    0.58939E+00
    0.22255E-03    0.60093E+00
    0.22705E-03    0.61268E+00
    0.23164E-03    0.62467E+00
    0.23632E-03    0.63689E+00
    0.24109E-03    0.64935E+00
    0.24596E-03    0.66206E+00
    0.25093E-03    0.67501E+00
    0.25600E-03    0.68821E+00
    0.26117E-03    0.70168E+00
    0.26645E-03    0.71540E+00
    0.27183E-03    0.72940E+00
    0.27732E-03    0.74366E+00
    0.28292E-03    0.75821E+00
    0.28864E-03    0.77303E+00
    0.29447E-03    0.78815E+00
    0.30042E-03    0.80356E+00
    0.30649E-03    0.81928E+00
    0.31268E-03    0.83530E+00
    0.31899E-03    0.85163E+00
    0.32544E-03    0.86828E+00
    0.33201E-03    0.88525E+00
    0.33872E-03    0.90256E+00
    0.34556E-03    0.92020E+00
    0.35254E-03    0.93819E+00
    0.35966E-03    0.95652E+00
    0.36693E-03    0.97521E+00
    0.37434E-03    0.99427E+00
    0.38190E-03    0.10137E+01
    0.38962E-03    0.10335E+01
    0.39749E-03    0.10537E+01
    0.40552E-03    0.10743E+01
    0.41371E-03    0.10953E+01
    0.42207E-03    0.11167E+01
    0.43060E-03    0.11385E+01
    0.43929E-03    0.11607E+01
    0.44817E-03    0.11833E+01
    0.45722E-03    0.12064E+01
    0.46646E-03    0.12300E+01
    0.47588E-03    0.12540E+01
    0.48550E-03    0.12785E+01
    0.49530E-03    0.13034E+01
    0.50531E-03    0.13288E+01
    0.51552E-03    0.13548E+01
    0.52593E-03    0.13812E+01
    0.53656E-03    0.14081E+01
    0.54739E-03    0.14356E+01
    0.55845E-03    0.14635E+01
    0.56973E-03    0.14921E+01
    0.58124E-03    0.15211E+01
    0.59299E-03    0.15508E+01
    0.60496E-03    0.15810E+01
    0.61719E-03    0.16118E+01
    0.62965E-03    0.16431E+01
    0.64237E-03    0.16751E+01
    0.65535E-03    0.17077E+01
    0.66859E-03    0.17409E+01
    0.68210E-03    0.17748E+01
    0.69588E-03    0.18093E+01
    0.70993E-03    0.18445E+01
    0.72427E-03    0.18803E+01
    0.73891E-03    0.19168E+01
    0.75383E-03    0.19540E+01
    0.76906E-03    0.19920E+01
    0.78460E-03    0.20306E+01
    0.80045E-03    0.20700E+01
    0.81662E-03    0.21102E+01
    0.83311E-03    0.21511E+01
    0.84994E-03    0.21927E+01
    0.86711E-03    0.22352E+01
    0.88463E-03    0.22785E+01
    0.90250E-03    0.23226E+01
    0.92073E-03    0.23675E+01
    0.93933E-03    0.24132E+01
    0.95831E-03    0.24599E+01
    0.97767E-03    0.25074E+01
    0.99742E-03    0.25558E+01
    0.10176E-02    0.26050E+01
    0.10381E-02    0.26553E+01
    0.10591E-02    0.27064E+01
    0.10805E-02    0.27585E+01
    0.11023E-02    0.28116E+01
    0.11246E-02    0.28656E+01
    0.11473E-02    0.29207E+01
    0.11705E-02    0.29767E+01
    0.11941E-02    0.30338E+01
    0.12182E-02    0.30920E+01
    0.12429E-02    0.31512E+01
    0.12680E-02    0.32114E+01
    0.12936E-02    0.32728E+01
    0.13197E-02    0.33353E+01
    0.13464E-02    0.33989E+01
    0.13736E-02    0.34637E+01
    0.14013E-02    0.35296E+01
    0.14296E-02    0.35967E+01
    0.14585E-02    0.36650E+01
    0.14880E-02    0.37345E+01
    0.15180E-02    0.38052E+01
    0.15487E-02    0.38772E+01
    0.15800E-02    0.39504E+01
    0.16119E-02    0.40249E+01
    0.16445E-02    0.41007E+01
    0.16777E-02    0.41778E+01
    0.17116E-02    0.42563E+01
    0.17462E-02    0.43360E+01
    0.17814E-02    0.44172E+01
    0.18174E-02    0.44997E+01
    0.18541E-02    0.45835E+01
    0.18916E-02    0.46688E+01
    0.19298E-02    0.47555E+01
    0.19688E-02    0.48436E+01
    0.20086E-02    0.49332E+01
    0.20491E-02    0.50242E+01
    0.20905E-02    0.51166E+01
    0.21328E-02    0.52106E+01
    0.21758E-02    0.53060E+01
    0.22198E-02    0.54029E+01
    0.22646E-02    0.55013E+01
    0.23104E-02    0.56012E+01
    0.23571E-02    0.57027E+01
    0.24047E-02    0.58057E+01
    0.24533E-02    0.59102E+01
    0.25028E-02    0.60162E+01
    0.25534E-02    0.61238E+01
    0.26050E-02    0.62329E+01
    0.26576E-02    0.63435E+01
    0.27113E-02    0.64557E+01
    0.27660E-02    0.65695E+01
    0.28219E-02    0.66847E+01
    0.28789E-02    0.68016E+01
    0.29371E-02    0.69199E+01
    0.29964E-02    0.70398E+01
    0.30569E-02    0.71612E+01
    0.31187E-02    0.72841E+01
    0.31817E-02    0.74084E+01
    0.32460E-02    0.75343E+01
    0.33115E-02    0.76616E+01
    0.33784E-02    0.77904E+01
    0.34467E-02    0.79206E+01
    0.35163E-02    0.80522E+01
    0.35874E-02    0.81852E+01
    0.36598E-02    0.83196E+01
    0.37338E-02    0.84553E+01
    0.38092E-02    0.85923E+01
    0.38861E-02    0.87306E+01
    0.39646E-02    0.88701E+01
    0.40447E-02    0.90108E+01
    0.41264E-02    0.91527E+01
    0.42098E-02    0.92958E+01
    0.42948E-02    0.94399E+01
    0.43816E-02    0.95850E+01
    0.44701E-02    0.97312E+01
    0.45604E-02    0.98783E+01
    0.46525E-02    0.10026E+02
    0.47465E-02    0.10175E+02
    0.48424E-02    0.10325E+02
    0.49402E-02    0.10475E+02
    0.50400E-02    0.10626E+02
    0.51419E-02    0.10778E+02
    0.52457E-02    0.10930E+02
    0.53517E-02    0.11083E+02
    0.54598E-02    0.11236E+02
    0.55701E-02    0.11390E+02
    0.56826E-02    0.11543E+02
    0.57974E-02    0.11697E+02
    0.59145E-02    0.11851E+02
    0.60340E-02    0.12005E+02
    0.61559E-02    0.12160E+02
    0.62803E-02    0.12314E+02
    0.64072E-02    0.12468E+02
    0.65366E-02    0.12622E+02
    0.66686E-02    0.12775E+02
    0.68033E-02    0.12927E+02
    0.69408E-02    0.13080E+02
    0.70810E-02    0.13231E+02
    0.72240E-02    0.13382E+02
    0.73700E-02    0.13531E+02
    0.75189E-02    0.13680E+02
    0.76708E-02    0.13828E+02
    0.78257E-02    0.13975E+02
    0.79838E-02    0.14120E+02
    0.81451E-02    0.14263E+02
    0.83096E-02    0.14405E+02
    0.84775E-02    0.14546E+02
    0.86488E-02    0.14684E+02
    0.88235E-02    0.14821E+02
    0.90017E-02    0.14955E+02
    0.91836E-02    0.15087E+02
    0.93691E-02    0.15217E+02
    0.95583E-02    0.15344E+02
    0.97514E-02    0.15468E+02
    0.99484E-02    0.15590E+02
    0.10149E-01    0.15708E+02
    0.10354E-01    0.15823E+02
    0.10564E-01    0.15935E+02
    0.10777E-01    0.16043E+02
    0.10995E-01    0.16147E+02
    0.11217E-01    0.16248E+02
    0.11443E-01    0.16344E+02
    0.11675E-01    0.16436E+02
    0.11910E-01    0.16524E+02
    0.12151E-01    0.16607E+02
    0.12397E-01    0.16685E+02
    0.12647E-01    0.16758E+02
    0.12902E-01    0.16826E+02
    0.13163E-01    0.16889E+02
    0.13429E-01    0.16946E+02
    0.13700E-01    0.16997E+02
    0.13977E-01    0.17042E+02
    0.14259E-01    0.17081E+02
    0.14547E-01    0.17114E+02
    0.14841E-01    0.17141E+02
    0.15141E-01    0.17160E+02
    0.15447E-01    0.17173E+02
    0.15759E-01    0.17179E+02
    0.16077E-01    0.17177E+02
    0.16402E-01    0.17168E+02
    0.16734E-01    0.17152E+02
    0.17072E-01    0.17128E+02
    0.17416E-01    0.17096E+02
    0.17768E-01    0.17057E+02
    0.18127E-01    0.17009E+02
    0.18493E-01    0.16954E+02
    0.18867E-01    0.16890E+02
    0.19248E-01    0.16818E+02
    0.19637E-01    0.16737E+02
    0.20034E-01    0.16649E+02
    0.20438E-01    0.16552E+02
    0.20851E-01    0.16446E+02
    0.21272E-01    0.16333E+02
    0.21702E-01    0.16211E+02
    0.22141E-01    0.16081E+02
    0.22588E-01    0.15943E+02
    0.23044E-01    0.15798E+02
    0.23510E-01    0.15644E+02
    0.23985E-01    0.15483E+02
    0.24469E-01    0.15315E+02
    0.24964E-01    0.15140E+02
    0.25468E-01    0.14958E+02
    0.25982E-01    0.14770E+02
    0.26507E-01    0.14576E+02
    0.27043E-01    0.14376E+02
    0.27589E-01    0.14171E+02
    0.28146E-01    0.13961E+02
    0.28715E-01    0.13747E+02
    0.29295E-01    0.13529E+02
    0.29887E-01    0.13307E+02
    0.30490E-01    0.13083E+02
    0.31106E-01    0.12857E+02
    0.31735E-01    0.12630E+02
    0.32376E-01    0.12401E+02
    0.33030E-01    0.12172E+02
    0.33697E-01    0.11944E+02
    0.34378E-01    0.11716E+02
    0.35072E-01    0.11490E+02
    0.35781E-01    0.11267E+02
    0.36504E-01    0.11046E+02
    0.37241E-01    0.10828E+02
    0.37993E-01    0.10615E+02
    0.38761E-01    0.10406E+02
    0.39544E-01    0.10202E+02
    0.40343E-01    0.10004E+02
    0.41158E-01    0.98111E+01
    0.41989E-01    0.96250E+01
    0.42838E-01    0.94455E+01
    0.43703E-01    0.92729E+01
    0.44586E-01    0.91074E+01
    0.45486E-01    0.89490E+01
    0.46405E-01    0.87977E+01
    0.47343E-01    0.86536E+01
    0.48299E-01    0.85164E+01
    0.49275E-01    0.83858E+01
    0.50270E-01    0.82616E+01
    0.51286E-01    0.81431E+01
    0.52322E-01    0.80300E+01
    0.53379E-01    0.79215E+01
    0.54457E-01    0.78169E+01
    0.55557E-01    0.77153E+01
    0.56680E-01    0.76157E+01
    0.57825E-01    0.75172E+01
    0.58993E-01    0.74187E+01
    0.60184E-01    0.73192E+01
    0.61400E-01    0.72174E+01
    0.62641E-01    0.71123E+01
    0.63906E-01    0.70029E+01
    0.65197E-01    0.68882E+01
    0.66514E-01    0.67672E+01
    0.67858E-01    0.66393E+01
    0.69229E-01    0.65040E+01
    0.70627E-01    0.63609E+01
    0.72054E-01    0.62101E+01
    0.73510E-01    0.60513E+01
    0.74994E-01    0.58854E+01
    0.76509E-01    0.57133E+01
    0.78055E-01    0.55359E+01
    0.79632E-01    0.53546E+01
    0.81241E-01    0.51710E+01
    0.82882E-01    0.49867E+01
    0.84556E-01    0.48037E+01
    0.86264E-01    0.46238E+01
    0.88007E-01    0.44490E+01
    0.89785E-01    0.42810E+01
    0.91598E-01    0.41216E+01
    0.93449E-01    0.39722E+01
    0.95337E-01    0.38338E+01
    0.97263E-01    0.37074E+01
    0.99227E-01    0.35932E+01
    0.10123E+00    0.34913E+01
    0.10328E+00    0.34012E+01
    0.10536E+00    0.33220E+01
    0.10749E+00    0.32526E+01
    0.10966E+00    0.31910E+01
    0.11188E+00    0.31354E+01
    0.11414E+00    0.30834E+01
    0.11644E+00    0.30324E+01
    0.11880E+00    0.29801E+01
    0.12120E+00    0.29241E+01
    0.12365E+00    0.28624E+01
    0.12614E+00    0.27934E+01
    0.12869E+00    0.27165E+01
    0.13129E+00    0.26313E+01
    0.13394E+00    0.25387E+01
    0.13665E+00    0.24400E+01
    0.13941E+00    0.23376E+01
    0.14223E+00    0.22340E+01
    0.14510E+00    0.21320E+01
    0.14803E+00    0.20343E+01
    0.15102E+00    0.19435E+01
    0.15407E+00    0.18613E+01
    0.15718E+00    0.17892E+01
    0.16036E+00    0.17273E+01
    0.16360E+00    0.16753E+01
    0.16690E+00    0.16317E+01
    0.17028E+00    0.15946E+01
    0.17371E+00    0.15614E+01
    0.17722E+00    0.15293E+01
    0.18080E+00    0.14956E+01
    0.18446E+00    0.14579E+01
    0.18818E+00    0.14150E+01
    0.19198E+00    0.13662E+01
    0.19586E+00    0.13124E+01
    0.19982E+00    0.12551E+01
    0.20386E+00    0.11969E+01
    0.20797E+00    0.11402E+01
    0.21218E+00    0.10875E+01
    0.21646E+00    0.10406E+01
    0.22083E+00    0.10002E+01
    0.22530E+00    0.96634E+00
    0.22985E+00    0.93772E+00
    0.23449E+00    0.91252E+00
    0.23923E+00    0.88848E+00
    0.24406E+00    0.86347E+00
    0.24899E+00    0.83599E+00
    0.25402E+00    0.80547E+00
    0.25915E+00    0.77235E+00
    0.26439E+00    0.73800E+00
    0.26973E+00    0.70419E+00
    0.27518E+00    0.67262E+00
    0.28074E+00    0.64448E+00
    0.28641E+00    0.62009E+00
    0.29219E+00    0.59891E+00
    0.29810E+00    0.57972E+00
    0.30412E+00    0.56105E+00
    0.31026E+00    0.54171E+00
    0.31653E+00    0.52112E+00
    0.32292E+00    0.49950E+00
    0.32945E+00    0.47769E+00
    0.33610E+00    0.45676E+00
    0.34289E+00    0.43754E+00
    0.34982E+00    0.42030E+00
    0.35689E+00    0.40475E+00
    0.36409E+00    0.39015E+00
    0.37145E+00    0.37573E+00
    0.37895E+00    0.36103E+00
    0.38661E+00    0.34606E+00
    0.39442E+00    0.33126E+00
    0.40239E+00    0.31715E+00
    0.41052E+00    0.30409E+00
    0.41881E+00    0.29203E+00
    0.42727E+00    0.28067E+00
    0.43590E+00    0.26961E+00
    0.44471E+00    0.25862E+00
    0.45369E+00    0.24775E+00
    0.46286E+00    0.23723E+00
    0.47221E+00    0.22728E+00
    0.48174E+00    0.21794E+00
    0.49148E+00    0.20907E+00
    0.50141E+00    0.20048E+00
    0.51153E+00    0.19210E+00
    0.52187E+00    0.18395E+00
    0.53241E+00    0.17613E+00
    0.54317E+00    0.16871E+00
    0.55414E+00    0.16165E+00
    0.56533E+00    0.15486E+00
    0.57675E+00    0.14830E+00
    0.58840E+00    0.14199E+00
    0.60029E+00    0.13594E+00
    0.61242E+00    0.13012E+00
    0.62479E+00    0.12454E+00
    0.63741E+00    0.11918E+00
    0.65029E+00    0.11404E+00
    0.66342E+00    0.10911E+00
    0.67683E+00    0.10438E+00
    0.69050E+00    0.99847E-01
    0.70445E+00    0.95505E-01
    0.71868E+00    0.91344E-01
    0.73320E+00    0.87357E-01
    0.74801E+00    0.83536E-01
    0.76312E+00    0.79876E-01
    0.77854E+00    0.76369E-01
    0.79426E+00    0.73010E-01
    0.81031E+00    0.69792E-01
    0.82668E+00    0.66709E-01
    0.84338E+00    0.63756E-01
    0.86041E+00    0.60928E-01
    0.87780E+00    0.58219E-01
    0.89553E+00    0.55626E-01
    0.91362E+00    0.53144E-01
    0.93208E+00    0.50767E-01
    0.95091E+00    0.48493E-01
    0.97011E+00    0.46316E-01
    0.98971E+00    0.44233E-01
    0.10097E+01    0.42241E-01
    0.10301E+01    0.40334E-01
    0.10509E+01    0.38511E-01
    0.10721E+01    0.36767E-01
    0.10938E+01    0.35099E-01
    0.11159E+01    0.33504E-01
    0.11384E+01    0.31979E-01
    0.11614E+01    0.30521E-01
    0.11849E+01    0.29127E-01
    0.12088E+01    0.27795E-01
    0.12333E+01    0.26522E-01
    0.12582E+01    0.25305E-01
    0.12836E+01    0.24141E-01
    0.13095E+01    0.23030E-01
    0.13360E+01    0.21968E-01
    0.13630E+01    0.20954E-01
    0.13905E+01    0.19985E-01
    0.14186E+01    0.19059E-01
    0.14472E+01    0.18175E-01
    0.14765E+01    0.17331E-01
    0.15063E+01    0.16524E-01
    0.15367E+01    0.15754E-01
    0.15678E+01    0.15019E-01
    0.15994E+01    0.14318E-01
    0.16318E+01    0.13648E-01
    0.16647E+01    0.13008E-01
    0.16984E+01    0.12398E-01
    0.17327E+01    0.11816E-01
    0.17677E+01    0.11260E-01
    0.18034E+01    0.10729E-01
    0.18398E+01    0.10223E-01
    0.18770E+01    0.97403E-02
    0.19149E+01    0.92797E-02
    0.19536E+01    0.88403E-02
    0.19930E+01    0.84212E-02
    0.20333E+01    0.80215E-02
    0.20744E+01    0.76402E-02
    0.21163E+01    0.72767E-02
    0.21590E+01    0.69300E-02
    0.22026E+01    0.65995E-02
    0.22471E+01    0.62843E-02
    0.22925E+01    0.59838E-02
    0.23388E+01    0.56974E-02
    0.23861E+01    0.54244E-02
    0.24343E+01    0.51641E-02
    0.24835E+01    0.49161E-02
    0.25336E+01    0.46797E-02
    0.25848E+01    0.44544E-02
    0.26370E+01    0.42397E-02
    0.26903E+01    0.40352E-02
    0.27447E+01    0.38403E-02
    0.28001E+01    0.36546E-02
    0.28567E+01    0.34777E-02
    0.29144E+01    0.33092E-02
    0.29733E+01    0.31487E-02
    0.30333E+01    0.29959E-02
    0.30946E+01    0.28503E-02
    0.31571E+01    0.27116E-02
    0.32209E+01    0.25795E-02
    0.32860E+01    0.24538E-02
    0.33523E+01    0.23341E-02
    0.34201E+01    0.22201E-02
    0.34892E+01    0.21115E-02
    0.35596E+01    0.20082E-02
    0.36316E+01    0.19098E-02
    0.37049E+01    0.18162E-02
    0.37798E+01    0.17271E-02
    0.38561E+01    0.16422E-02
    0.39340E+01    0.15615E-02
    0.40135E+01    0.14847E-02
    0.40946E+01    0.14115E-02
    0.41773E+01    0.13420E-02
    0.42617E+01    0.12758E-02
    0.43478E+01    0.12128E-02
    0.44356E+01    0.11528E-02
    0.45252E+01    0.10958E-02
    0.46166E+01    0.10415E-02
    0.47099E+01    0.98993E-03
    0.48050E+01    0.94084E-03
    0.49021E+01    0.89414E-03
    0.50011E+01    0.84973E-03
    0.51021E+01    0.80749E-03
    0.52052E+01    0.76731E-03
    0.53104E+01    0.72910E-03
    0.54176E+01    0.69277E-03
    0.55271E+01    0.65822E-03
    0.56387E+01    0.62537E-03
    0.57526E+01    0.59413E-03
    0.58689E+01    0.56443E-03
    0.59874E+01    0.53619E-03
    0.61084E+01    0.50935E-03
    0.62318E+01    0.48383E-03
    0.63577E+01    0.45957E-03
    0.64861E+01    0.43651E-03
    0.66171E+01    0.41459E-03
    0.67508E+01    0.39376E-03
    0.68872E+01    0.37396E-03
    0.70263E+01    0.35514E-03
    0.71682E+01    0.33726E-03
    0.73130E+01    0.32026E-03
    0.74608E+01    0.30412E-03
    0.76115E+01    0.28877E-03
    0.77653E+01    0.27419E-03
    0.79221E+01    0.26033E-03
    0.80822E+01    0.24717E-03
    0.82454E+01    0.23466E-03
    0.84120E+01    0.22278E-03
    0.85819E+01    0.21150E-03
    0.87553E+01    0.20077E-03
    0.89322E+01    0.19059E-03
    0.91126E+01    0.18091E-03
    0.92967E+01    0.17172E-03
    0.94845E+01    0.16300E-03
    0.96761E+01    0.15471E-03
    0.98716E+01    0.14683E-03
    0.10071E+02    0.13936E-03
    0.10274E+02    0.13226E-03
    0.10482E+02    0.12551E-03
    0.10694E+02    0.11911E-03
    0.10910E+02    0.11303E-03
    0.11130E+02    0.10726E-03
    0.11355E+02    0.10178E-03
    0.11584E+02    0.96571E-04
    0.11818E+02    0.91630E-04
    0.12057E+02    0.86939E-04
    0.12301E+02    0.82486E-04
    0.12549E+02    0.78258E-04
    0.12803E+02    0.74245E-04
    0.13061E+02    0.70435E-04
    0.13325E+02    0.66819E-04
    0.13594E+02    0.63387E-04
    0.13869E+02    0.60129E-04
    0.14149E+02    0.57037E-04
    0.14435E+02    0.54102E-04
    0.14727E+02    0.51317E-04
    0.15024E+02    0.48674E-04
    0.15328E+02    0.46166E-04
    0.15637E+02    0.43785E-04
    0.15953E+02    0.41526E-04
    0.16275E+02    0.39383E-04
    0.16604E+02    0.37349E-04
    0.16940E+02    0.35419E-04
    0.17282E+02    0.33588E-04
    0.17631E+02    0.31851E-04
    0.17987E+02    0.30203E-04
    0.18351E+02    0.28639E-04
    0.18721E+02    0.27156E-04
    0.19099E+02    0.25749E-04
    0.19485E+02    0.24413E-04
    0.19879E+02    0.23147E-04
    0.20280E+02    0.21946E-04
    0.20690E+02    0.20806E-04
    0.21108E+02    0.19725E-04
    0.21535E+02    0.18700E-04
    0.21970E+02    0.17728E-04
    0.22413E+02    0.16805E-04
    0.22866E+02    0.15931E-04
    0.23328E+02    0.15101E-04
    0.23799E+02    0.14314E-04
    0.24280E+02    0.13568E-04
    0.24771E+02    0.12861E-04
    0.25271E+02    0.12190E-04
    0.25782E+02    0.11554E-04
    0.26302E+02    0.10950E-04
    0.26834E+02    0.10378E-04
    0.27376E+02    0.98360E-05
    0.27929E+02    0.93218E-05
    0.28493E+02    0.88342E-05
    0.29069E+02    0.83719E-05
    0.29656E+02    0.79336E-05
    0.30255E+02    0.75180E-05
    0.30866E+02    0.71241E-05
    0.31490E+02    0.67506E-05
    0.32126E+02    0.63966E-05
    0.32775E+02    0.60610E-05
    0.33437E+02    0.57428E-05
    0.34112E+02    0.54413E-05
    0.34801E+02    0.51554E-05
    0.35504E+02    0.48845E-05
    0.36222E+02    0.46276E-05
    0.36953E+02    0.43842E-05
    0.37700E+02    0.41535E-05
    0.38462E+02    0.39348E-05
    0.39239E+02    0.37276E-05
    0.40031E+02    0.35312E-05
    0.40840E+02    0.33451E-05
    0.41665E+02    0.31687E-05
    0.42507E+02    0.30015E-05
    0.43365E+02    0.28431E-05
    0.44241E+02    0.26930E-05
    0.45135E+02    0.25507E-05
    0.46047E+02    0.24159E-05
    0.46977E+02    0.22882E-05
    0.47926E+02    0.21672E-05
    0.48894E+02    0.20526E-05
    0.49882E+02    0.19439E-05
    0.50890E+02    0.18410E-05
    0.51918E+02    0.17435E-05
    0.52966E+02    0.16511E-05
    0.54036E+02    0.15635E-05
    0.55128E+02    0.14806E-05
    0.56242E+02    0.14020E-05
    0.57378E+02    0.13276E-05
    0.58537E+02    0.12571E-05
    0.59720E+02    0.11903E-05
    0.60926E+02    0.11270E-05
    0.62157E+02    0.10671E-05
    0.63412E+02    0.10103E-05
    0.64693E+02    0.95657E-06
    0.66000E+02    0.90564E-06
    0.67334E+02    0.85740E-06
    0.68694E+02    0.81171E-06
    0.70082E+02    0.76844E-06
    0.71497E+02    0.72745E-06
    0.72942E+02    0.68863E-06
    0.74415E+02    0.65187E-06
    0.75918E+02    0.61706E-06
    0.77452E+02    0.58409E-06
    0.79017E+02    0.55286E-06
    0.80613E+02    0.52330E-06
    0.82241E+02    0.49530E-06
    0.83903E+02    0.46878E-06
    0.85598E+02    0.44367E-06
    0.87327E+02    0.41990E-06
    0.89091E+02    0.39739E-06
    0.90891E+02    0.37608E-06
    0.92727E+02    0.35589E-06
    0.94600E+02    0.33679E-06
    0.96511E+02    0.31869E-06
    0.98461E+02    0.30157E-06
    0.10045E+03    0.28535E-06
    0.10248E+03    0.27000E-06
    0.10455E+03    0.25546E-06
    0.10666E+03    0.24170E-06
    0.10882E+03    0.22868E-06
    0.11101E+03    0.21635E-06
    0.11326E+03    0.20468E-06
    0.11554E+03    0.19363E-06
    0.11788E+03    0.18317E-06
    0.12026E+03    0.17327E-06
    0.12269E+03    0.16389E-06
    0.12517E+03    0.15502E-06
    0.12770E+03    0.14663E-06
    0.13028E+03    0.13868E-06
    0.13291E+03    0.13116E-06
    0.13559E+03    0.12404E-06
    0.13833E+03    0.11731E-06
    0.14113E+03    0.11093E-06
    0.14398E+03    0.10490E-06
    0.14689E+03    0.99192E-07
    0.14985E+03    0.93791E-07
    0.15288E+03    0.88680E-07
    0.15597E+03    0.83845E-07
    0.15912E+03    0.79269E-07
    0.16233E+03    0.74940E-07
    0.16561E+03    0.70843E-07
    0.16896E+03    0.66966E-07
    0.17237E+03    0.63298E-07
    0.17585E+03    0.59827E-07
    0.17941E+03    0.56542E-07
    0.18303E+03    0.53434E-07
    0.18673E+03    0.50493E-07
    0.19050E+03    0.47711E-07
    0.19435E+03    0.45078E-07
    0.19828E+03    0.42589E-07
    0.20228E+03    0.40235E-07
    0.20637E+03    0.38010E-07
    0.21054E+03    0.35906E-07
    0.21479E+03    0.33918E-07
    0.21913E+03    0.32040E-07
    0.22356E+03    0.30265E-07
