    0.10000E-03    0.27338E+00
    0.10202E-03    0.27874E+00
    0.10408E-03    0.28420E+00
    0.10618E-03    0.28977E+00
    0.10833E-03    0.29544E+00
    0.11052E-03    0.30123E+00
    0.11275E-03    0.30713E+00
    0.11503E-03    0.31315E+00
    0.11735E-03    0.31929E+00
    0.11972E-03    0.32554E+00
    0.12214E-03    0.33192E+00
    0.12461E-03    0.33842E+00
    0.12712E-03    0.34505E+00
    0.12969E-03    0.35181E+00
    0.13231E-03    0.35870E+00
    0.13499E-03    0.36573E+00
    0.13771E-03    0.37290E+00
    0.14049E-03    0.38020E+00
    0.14333E-03    0.38765E+00
    0.14623E-03    0.39524E+00
    0.14918E-03    0.40298E+00
    0.15220E-03    0.41088E+00
    0.15527E-03    0.41893E+00
    0.15841E-03    0.42713E+00
    0.16161E-03    0.43550E+00
    0.16487E-03    0.44403E+00
    0.16820E-03    0.45273E+00
    0.17160E-03    0.46160E+00
    0.17507E-03    0.47064E+00
    0.17860E-03    0.47986E+00
    0.18221E-03    0.48925E+00
    0.18589E-03    0.49884E+00
    0.18965E-03    0.50861E+00
    0.19348E-03    0.51857E+00
    0.19739E-03    0.52872E+00
    0.20138E-03    0.53908E+00
    0.20544E-03    0.54964E+00
    0.20959E-03    0.56040E+00
    0.21383E-03    0.57137E+00
    0.21815E-03    0.58256E+00
    0.22255E-03    0.59397E+00
    0.22705E-03    0.60560E+00
    0.23164E-03    0.61746E+00
    0.23632E-03    0.62955E+00
    0.24109E-03    0.64188E+00
    0.24596E-03    0.65444E+00
    0.25093E-03    0.66726E+00
    0.25600E-03    0.68032E+00
    0.26117E-03    0.69364E+00
    0.26645E-03    0.70722E+00
    0.27183E-03    0.72106E+00
    0.27732E-03    0.73517E+00
    0.28292E-03    0.74956E+00
    0.28864E-03    0.76423E+00
    0.29447E-03    0.77919E+00
    0.30042E-03    0.79444E+00
    0.30649E-03    0.80999E+00
    0.31268E-03    0.82584E+00
    0.31899E-03    0.84200E+00
    0.32544E-03    0.85847E+00
    0.33201E-03    0.87527E+00
    0.33872E-03    0.89239E+00
    0.34556E-03    0.90985E+00
    0.35254E-03    0.92765E+00
    0.35966E-03    0.94579E+00
    0.36693E-03    0.96429E+00
    0.37434E-03    0.98315E+00
    0.38190E-03    0.10024E+01
    0.38962E-03    0.10220E+01
    0.39749E-03    0.10420E+01
    0.40552E-03    0.10623E+01
    0.41371E-03    0.10831E+01
    0.42207E-03    0.11043E+01
    0.43060E-03    0.11258E+01
    0.43929E-03    0.11478E+01
    0.44817E-03    0.11703E+01
    0.45722E-03    0.11931E+01
    0.46646E-03    0.12164E+01
    0.47588E-03    0.12402E+01
    0.48550E-03    0.12644E+01
    0.49530E-03    0.12891E+01
    0.50531E-03    0.13143E+01
    0.51552E-03    0.13400E+01
    0.52593E-03    0.13661E+01
    0.53656E-03    0.13928E+01
    0.54739E-03    0.14199E+01
    0.55845E-03    0.14476E+01
    0.56973E-03    0.14759E+01
    0.58124E-03    0.15047E+01
    0.59299E-03    0.15340E+01
    0.60496E-03    0.15639E+01
    0.61719E-03    0.15944E+01
    0.62965E-03    0.16255E+01
    0.64237E-03    0.16571E+01
    0.65535E-03    0.16894E+01
    0.66859E-03    0.17223E+01
    0.68210E-03    0.17558E+01
    0.69588E-03    0.17900E+01
    0.70993E-03    0.18248E+01
    0.72427E-03    0.18603E+01
    0.73891E-03    0.18965E+01
    0.75383E-03    0.19334E+01
    0.76906E-03    0.19710E+01
    0.78460E-03    0.20092E+01
    0.80045E-03    0.20483E+01
    0.81662E-03    0.20880E+01
    0.83311E-03    0.21285E+01
    0.84994E-03    0.21698E+01
    0.86711E-03    0.22119E+01
    0.88463E-03    0.22548E+01
    0.90250E-03    0.22985E+01
    0.92073E-03    0.23430E+01
    0.93933E-03    0.23883E+01
    0.95831E-03    0.24345E+01
    0.97767E-03    0.24816E+01
    0.99742E-03    0.25295E+01
    0.10176E-02    0.25784E+01
    0.10381E-02    0.26282E+01
    0.10591E-02    0.26789E+01
    0.10805E-02    0.27305E+01
    0.11023E-02    0.27831E+01
    0.11246E-02    0.28367E+01
    0.11473E-02    0.28913E+01
    0.11705E-02    0.29469E+01
    0.11941E-02    0.30035E+01
    0.12182E-02    0.30611E+01
    0.12429E-02    0.31198E+01
    0.12680E-02    0.31796E+01
    0.12936E-02    0.32405E+01
    0.13197E-02    0.33025E+01
    0.13464E-02    0.33656E+01
    0.13736E-02    0.34298E+01
    0.14013E-02    0.34952E+01
    0.14296E-02    0.35618E+01
    0.14585E-02    0.36296E+01
    0.14880E-02    0.36985E+01
    0.15180E-02    0.37687E+01
    0.15487E-02    0.38402E+01
    0.15800E-02    0.39129E+01
    0.16119E-02    0.39869E+01
    0.16445E-02    0.40621E+01
    0.16777E-02    0.41387E+01
    0.17116E-02    0.42166E+01
    0.17462E-02    0.42958E+01
    0.17814E-02    0.43764E+01
    0.18174E-02    0.44584E+01
    0.18541E-02    0.45417E+01
    0.18916E-02    0.46265E+01
    0.19298E-02    0.47126E+01
    0.19688E-02    0.48002E+01
    0.20086E-02    0.48893E+01
    0.20491E-02    0.49797E+01
    0.20905E-02    0.50717E+01
    0.21328E-02    0.51651E+01
    0.21758E-02    0.52601E+01
    0.22198E-02    0.53565E+01
    0.22646E-02    0.54544E+01
    0.23104E-02    0.55539E+01
    0.23571E-02    0.56549E+01
    0.24047E-02    0.57574E+01
    0.24533E-02    0.58615E+01
    0.25028E-02    0.59672E+01
    0.25534E-02    0.60744E+01
    0.26050E-02    0.61831E+01
    0.26576E-02    0.62934E+01
    0.27113E-02    0.64053E+01
    0.27660E-02    0.65188E+01
    0.28219E-02    0.66338E+01
    0.28789E-02    0.67503E+01
    0.29371E-02    0.68685E+01
    0.29964E-02    0.69882E+01
    0.30569E-02    0.71094E+01
    0.31187E-02    0.72322E+01
    0.31817E-02    0.73565E+01
    0.32460E-02    0.74824E+01
    0.33115E-02    0.76097E+01
    0.33784E-02    0.77385E+01
    0.34467E-02    0.78688E+01
    0.35163E-02    0.80006E+01
    0.35874E-02    0.81338E+01
    0.36598E-02    0.82684E+01
    0.37338E-02    0.84044E+01
    0.38092E-02    0.85418E+01
    0.38861E-02    0.86805E+01
    0.39646E-02    0.88205E+01
    0.40447E-02    0.89618E+01
    0.41264E-02    0.91043E+01
    0.42098E-02    0.92480E+01
    0.42948E-02    0.93929E+01
    0.43816E-02    0.95389E+01
    0.44701E-02    0.96859E+01
    0.45604E-02    0.98340E+01
    0.46525E-02    0.99830E+01
    0.47465E-02    0.10133E+02
    0.48424E-02    0.10284E+02
    0.49402E-02    0.10435E+02
    0.50400E-02    0.10588E+02
    0.51419E-02    0.10741E+02
    0.52457E-02    0.10895E+02
    0.53517E-02    0.11049E+02
    0.54598E-02    0.11204E+02
    0.55701E-02    0.11359E+02
    0.56826E-02    0.11514E+02
    0.57974E-02    0.11670E+02
    0.59145E-02    0.11826E+02
    0.60340E-02    0.11982E+02
    0.61559E-02    0.12138E+02
    0.62803E-02    0.12294E+02
    0.64072E-02    0.12450E+02
    0.65366E-02    0.12606E+02
    0.66686E-02    0.12761E+02
    0.68033E-02    0.12915E+02
    0.69408E-02    0.13069E+02
    0.70810E-02    0.13223E+02
    0.72240E-02    0.13375E+02
    0.73700E-02    0.13527E+02
    0.75189E-02    0.13677E+02
    0.76708E-02    0.13827E+02
    0.78257E-02    0.13974E+02
    0.79838E-02    0.14121E+02
    0.81451E-02    0.14266E+02
    0.83096E-02    0.14409E+02
    0.84775E-02    0.14550E+02
    0.86488E-02    0.14688E+02
    0.88235E-02    0.14825E+02
    0.90017E-02    0.14959E+02
    0.91836E-02    0.15091E+02
    0.93691E-02    0.15220E+02
    0.95583E-02    0.15345E+02
    0.97514E-02    0.15468E+02
    0.99484E-02    0.15587E+02
    0.10149E-01    0.15702E+02
    0.10354E-01    0.15814E+02
    0.10564E-01    0.15922E+02
    0.10777E-01    0.16026E+02
    0.10995E-01    0.16125E+02
    0.11217E-01    0.16220E+02
    0.11443E-01    0.16309E+02
    0.11675E-01    0.16394E+02
    0.11910E-01    0.16474E+02
    0.12151E-01    0.16548E+02
    0.12397E-01    0.16617E+02
    0.12647E-01    0.16679E+02
    0.12902E-01    0.16736E+02
    0.13163E-01    0.16786E+02
    0.13429E-01    0.16830E+02
    0.13700E-01    0.16867E+02
    0.13977E-01    0.16897E+02
    0.14259E-01    0.16921E+02
    0.14547E-01    0.16937E+02
    0.14841E-01    0.16945E+02
    0.15141E-01    0.16946E+02
    0.15447E-01    0.16939E+02
    0.15759E-01    0.16924E+02
    0.16077E-01    0.16901E+02
    0.16402E-01    0.16870E+02
    0.16734E-01    0.16831E+02
    0.17072E-01    0.16783E+02
    0.17416E-01    0.16726E+02
    0.17768E-01    0.16661E+02
    0.18127E-01    0.16588E+02
    0.18493E-01    0.16505E+02
    0.18867E-01    0.16414E+02
    0.19248E-01    0.16314E+02
    0.19637E-01    0.16205E+02
    0.20034E-01    0.16088E+02
    0.20438E-01    0.15962E+02
    0.20851E-01    0.15827E+02
    0.21272E-01    0.15684E+02
    0.21702E-01    0.15533E+02
    0.22141E-01    0.15374E+02
    0.22588E-01    0.15206E+02
    0.23044E-01    0.15031E+02
    0.23510E-01    0.14849E+02
    0.23985E-01    0.14659E+02
    0.24469E-01    0.14463E+02
    0.24964E-01    0.14260E+02
    0.25468E-01    0.14051E+02
    0.25982E-01    0.13837E+02
    0.26507E-01    0.13617E+02
    0.27043E-01    0.13392E+02
    0.27589E-01    0.13163E+02
    0.28146E-01    0.12930E+02
    0.28715E-01    0.12694E+02
    0.29295E-01    0.12455E+02
    0.29887E-01    0.12214E+02
    0.30490E-01    0.11972E+02
    0.31106E-01    0.11729E+02
    0.31735E-01    0.11485E+02
    0.32376E-01    0.11242E+02
    0.33030E-01    0.11000E+02
    0.33697E-01    0.10759E+02
    0.34378E-01    0.10521E+02
    0.35072E-01    0.10286E+02
    0.35781E-01    0.10054E+02
    0.36504E-01    0.98263E+01
    0.37241E-01    0.96032E+01
    0.37993E-01    0.93852E+01
    0.38761E-01    0.91729E+01
    0.39544E-01    0.89667E+01
    0.40343E-01    0.87671E+01
    0.41158E-01    0.85744E+01
    0.41989E-01    0.83889E+01
    0.42838E-01    0.82108E+01
    0.43703E-01    0.80404E+01
    0.44586E-01    0.78777E+01
    0.45486E-01    0.77229E+01
    0.46405E-01    0.75757E+01
    0.47343E-01    0.74361E+01
    0.48299E-01    0.73039E+01
    0.49275E-01    0.71788E+01
    0.50270E-01    0.70602E+01
    0.51286E-01    0.69478E+01
    0.52322E-01    0.68409E+01
    0.53379E-01    0.67388E+01
    0.54457E-01    0.66408E+01
    0.55557E-01    0.65459E+01
    0.56680E-01    0.64532E+01
    0.57825E-01    0.63618E+01
    0.58993E-01    0.62705E+01
    0.60184E-01    0.61784E+01
    0.61400E-01    0.60844E+01
    0.62641E-01    0.59874E+01
    0.63906E-01    0.58864E+01
    0.65197E-01    0.57807E+01
    0.66514E-01    0.56693E+01
    0.67858E-01    0.55517E+01
    0.69229E-01    0.54274E+01
    0.70627E-01    0.52962E+01
    0.72054E-01    0.51581E+01
    0.73510E-01    0.50134E+01
    0.74994E-01    0.48623E+01
    0.76509E-01    0.47062E+01
    0.78055E-01    0.45460E+01
    0.79632E-01    0.43829E+01
    0.81241E-01    0.42185E+01
    0.82882E-01    0.40544E+01
    0.84556E-01    0.38924E+01
    0.86264E-01    0.37341E+01
    0.88007E-01    0.35813E+01
    0.89785E-01    0.34355E+01
    0.91598E-01    0.32983E+01
    0.93449E-01    0.31707E+01
    0.95337E-01    0.30537E+01
    0.97263E-01    0.29479E+01
    0.99227E-01    0.28534E+01
    0.10123E+00    0.27701E+01
    0.10328E+00    0.26975E+01
    0.10536E+00    0.26346E+01
    0.10749E+00    0.25801E+01
    0.10966E+00    0.25324E+01
    0.11188E+00    0.24894E+01
    0.11414E+00    0.24492E+01
    0.11644E+00    0.24093E+01
    0.11880E+00    0.23676E+01
    0.12120E+00    0.23219E+01
    0.12365E+00    0.22707E+01
    0.12614E+00    0.22128E+01
    0.12869E+00    0.21474E+01
    0.13129E+00    0.20748E+01
    0.13394E+00    0.19957E+01
    0.13665E+00    0.19118E+01
    0.13941E+00    0.18251E+01
    0.14223E+00    0.17380E+01
    0.14510E+00    0.16531E+01
    0.14803E+00    0.15727E+01
    0.15102E+00    0.14990E+01
    0.15407E+00    0.14334E+01
    0.15718E+00    0.13768E+01
    0.16036E+00    0.13293E+01
    0.16360E+00    0.12902E+01
    0.16690E+00    0.12580E+01
    0.17028E+00    0.12310E+01
    0.17371E+00    0.12067E+01
    0.17722E+00    0.11827E+01
    0.18080E+00    0.11565E+01
    0.18446E+00    0.11263E+01
    0.18818E+00    0.10912E+01
    0.19198E+00    0.10509E+01
    0.19586E+00    0.10063E+01
    0.19982E+00    0.95928E+00
    0.20386E+00    0.91189E+00
    0.20797E+00    0.86647E+00
    0.21218E+00    0.82500E+00
    0.21646E+00    0.78885E+00
    0.22083E+00    0.75848E+00
    0.22530E+00    0.73349E+00
    0.22985E+00    0.71267E+00
    0.23449E+00    0.69425E+00
    0.23923E+00    0.67623E+00
    0.24406E+00    0.65687E+00
    0.24899E+00    0.63503E+00
    0.25402E+00    0.61047E+00
    0.25915E+00    0.58383E+00
    0.26439E+00    0.55644E+00
    0.26973E+00    0.52989E+00
    0.27518E+00    0.50561E+00
    0.28074E+00    0.48442E+00
    0.28641E+00    0.46638E+00
    0.29219E+00    0.45083E+00
    0.29810E+00    0.43660E+00
    0.30412E+00    0.42244E+00
    0.31026E+00    0.40744E+00
    0.31653E+00    0.39127E+00
    0.32292E+00    0.37430E+00
    0.32945E+00    0.35736E+00
    0.33610E+00    0.34136E+00
    0.34289E+00    0.32692E+00
    0.34982E+00    0.31413E+00
    0.35689E+00    0.30261E+00
    0.36409E+00    0.29168E+00
    0.37145E+00    0.28069E+00
    0.37895E+00    0.26937E+00
    0.38661E+00    0.25785E+00
    0.39442E+00    0.24655E+00
    0.40239E+00    0.23593E+00
    0.41052E+00    0.22619E+00
    0.41881E+00    0.21722E+00
    0.42727E+00    0.20872E+00
    0.43590E+00    0.20036E+00
    0.44471E+00    0.19201E+00
    0.45369E+00    0.18378E+00
    0.46286E+00    0.17587E+00
    0.47221E+00    0.16844E+00
    0.48174E+00    0.16148E+00
    0.49148E+00    0.15485E+00
    0.50141E+00    0.14840E+00
    0.51153E+00    0.14210E+00
    0.52187E+00    0.13599E+00
    0.53241E+00    0.13016E+00
    0.54317E+00    0.12463E+00
    0.55414E+00    0.11937E+00
    0.56533E+00    0.11429E+00
    0.57675E+00    0.10939E+00
    0.58840E+00    0.10468E+00
    0.60029E+00    0.10017E+00
    0.61242E+00    0.95842E-01
    0.62479E+00    0.91693E-01
    0.63741E+00    0.87715E-01
    0.65029E+00    0.83901E-01
    0.66342E+00    0.80246E-01
    0.67683E+00    0.76743E-01
    0.69050E+00    0.73386E-01
    0.70445E+00    0.70169E-01
    0.71868E+00    0.67087E-01
    0.73320E+00    0.64135E-01
    0.74801E+00    0.61307E-01
    0.76312E+00    0.58598E-01
    0.77854E+00    0.56004E-01
    0.79426E+00    0.53520E-01
    0.81031E+00    0.51142E-01
    0.82668E+00    0.48864E-01
    0.84338E+00    0.46685E-01
    0.86041E+00    0.44598E-01
    0.87780E+00    0.42601E-01
    0.89553E+00    0.40690E-01
    0.91362E+00    0.38861E-01
    0.93208E+00    0.37112E-01
    0.95091E+00    0.35438E-01
    0.97011E+00    0.33837E-01
    0.98971E+00    0.32305E-01
    0.10097E+01    0.30840E-01
    0.10301E+01    0.29440E-01
    0.10509E+01    0.28101E-01
    0.10721E+01    0.26820E-01
    0.10938E+01    0.25596E-01
    0.11159E+01    0.24426E-01
    0.11384E+01    0.23307E-01
    0.11614E+01    0.22239E-01
    0.11849E+01    0.21217E-01
    0.12088E+01    0.20241E-01
    0.12333E+01    0.19308E-01
    0.12582E+01    0.18417E-01
    0.12836E+01    0.17566E-01
    0.13095E+01    0.16753E-01
    0.13360E+01    0.15977E-01
    0.13630E+01    0.15235E-01
    0.13905E+01    0.14527E-01
    0.14186E+01    0.13850E-01
    0.14472E+01    0.13205E-01
    0.14765E+01    0.12588E-01
    0.15063E+01    0.12000E-01
    0.15367E+01    0.11438E-01
    0.15678E+01    0.10902E-01
    0.15994E+01    0.10390E-01
    0.16318E+01    0.99013E-02
    0.16647E+01    0.94353E-02
    0.16984E+01    0.89905E-02
    0.17327E+01    0.85662E-02
    0.17677E+01    0.81614E-02
    0.18034E+01    0.77752E-02
    0.18398E+01    0.74069E-02
    0.18770E+01    0.70555E-02
    0.19149E+01    0.67204E-02
    0.19536E+01    0.64008E-02
    0.19930E+01    0.60960E-02
    0.20333E+01    0.58054E-02
    0.20744E+01    0.55284E-02
    0.21163E+01    0.52642E-02
    0.21590E+01    0.50124E-02
    0.22026E+01    0.47723E-02
    0.22471E+01    0.45435E-02
    0.22925E+01    0.43254E-02
    0.23388E+01    0.41176E-02
    0.23861E+01    0.39195E-02
    0.24343E+01    0.37308E-02
    0.24835E+01    0.35510E-02
    0.25336E+01    0.33796E-02
    0.25848E+01    0.32163E-02
    0.26370E+01    0.30608E-02
    0.26903E+01    0.29126E-02
    0.27447E+01    0.27715E-02
    0.28001E+01    0.26370E-02
    0.28567E+01    0.25089E-02
    0.29144E+01    0.23870E-02
    0.29733E+01    0.22708E-02
    0.30333E+01    0.21602E-02
    0.30946E+01    0.20549E-02
    0.31571E+01    0.19546E-02
    0.32209E+01    0.18591E-02
    0.32860E+01    0.17682E-02
    0.33523E+01    0.16816E-02
    0.34201E+01    0.15993E-02
    0.34892E+01    0.15208E-02
    0.35596E+01    0.14462E-02
    0.36316E+01    0.13752E-02
    0.37049E+01    0.13076E-02
    0.37798E+01    0.12432E-02
    0.38561E+01    0.11820E-02
    0.39340E+01    0.11237E-02
    0.40135E+01    0.10683E-02
    0.40946E+01    0.10155E-02
    0.41773E+01    0.96534E-03
    0.42617E+01    0.91758E-03
    0.43478E+01    0.87215E-03
    0.44356E+01    0.82892E-03
    0.45252E+01    0.78780E-03
    0.46166E+01    0.74869E-03
    0.47099E+01    0.71149E-03
    0.48050E+01    0.67611E-03
    0.49021E+01    0.64246E-03
    0.50011E+01    0.61046E-03
    0.51021E+01    0.58004E-03
    0.52052E+01    0.55110E-03
    0.53104E+01    0.52359E-03
    0.54176E+01    0.49744E-03
    0.55271E+01    0.47257E-03
    0.56387E+01    0.44893E-03
    0.57526E+01    0.42645E-03
    0.58689E+01    0.40508E-03
    0.59874E+01    0.38477E-03
    0.61084E+01    0.36547E-03
    0.62318E+01    0.34711E-03
    0.63577E+01    0.32967E-03
    0.64861E+01    0.31309E-03
    0.66171E+01    0.29734E-03
    0.67508E+01    0.28236E-03
    0.68872E+01    0.26813E-03
    0.70263E+01    0.25461E-03
    0.71682E+01    0.24176E-03
    0.73130E+01    0.22955E-03
    0.74608E+01    0.21795E-03
    0.76115E+01    0.20693E-03
    0.77653E+01    0.19646E-03
    0.79221E+01    0.18651E-03
    0.80822E+01    0.17706E-03
    0.82454E+01    0.16809E-03
    0.84120E+01    0.15956E-03
    0.85819E+01    0.15146E-03
    0.87553E+01    0.14377E-03
    0.89322E+01    0.13646E-03
    0.91126E+01    0.12952E-03
    0.92967E+01    0.12293E-03
    0.94845E+01    0.11667E-03
    0.96761E+01    0.11072E-03
    0.98716E+01    0.10508E-03
    0.10071E+02    0.99716E-04
    0.10274E+02    0.94625E-04
    0.10482E+02    0.89792E-04
    0.10694E+02    0.85203E-04
    0.10910E+02    0.80846E-04
    0.11130E+02    0.76710E-04
    0.11355E+02    0.72783E-04
    0.11584E+02    0.69055E-04
    0.11818E+02    0.65516E-04
    0.12057E+02    0.62156E-04
    0.12301E+02    0.58967E-04
    0.12549E+02    0.55940E-04
    0.12803E+02    0.53067E-04
    0.13061E+02    0.50339E-04
    0.13325E+02    0.47751E-04
    0.13594E+02    0.45294E-04
    0.13869E+02    0.42962E-04
    0.14149E+02    0.40750E-04
    0.14435E+02    0.38650E-04
    0.14727E+02    0.36657E-04
    0.15024E+02    0.34766E-04
    0.15328E+02    0.32971E-04
    0.15637E+02    0.31269E-04
    0.15953E+02    0.29653E-04
    0.16275E+02    0.28120E-04
    0.16604E+02    0.26666E-04
    0.16940E+02    0.25286E-04
    0.17282E+02    0.23977E-04
    0.17631E+02    0.22735E-04
    0.17987E+02    0.21557E-04
    0.18351E+02    0.20439E-04
    0.18721E+02    0.19379E-04
    0.19099E+02    0.18373E-04
    0.19485E+02    0.17419E-04
    0.19879E+02    0.16515E-04
    0.20280E+02    0.15656E-04
    0.20690E+02    0.14842E-04
    0.21108E+02    0.14070E-04
    0.21535E+02    0.13338E-04
    0.21970E+02    0.12643E-04
    0.22413E+02    0.11985E-04
    0.22866E+02    0.11360E-04
    0.23328E+02    0.10768E-04
    0.23799E+02    0.10206E-04
    0.24280E+02    0.96736E-05
    0.24771E+02    0.91685E-05
    0.25271E+02    0.86896E-05
    0.25782E+02    0.82356E-05
    0.26302E+02    0.78050E-05
    0.26834E+02    0.73968E-05
    0.27376E+02    0.70097E-05
    0.27929E+02    0.66428E-05
    0.28493E+02    0.62949E-05
    0.29069E+02    0.59651E-05
    0.29656E+02    0.56524E-05
    0.30255E+02    0.53560E-05
    0.30866E+02    0.50750E-05
    0.31490E+02    0.48087E-05
    0.32126E+02    0.45562E-05
    0.32775E+02    0.43169E-05
    0.33437E+02    0.40900E-05
    0.34112E+02    0.38750E-05
    0.34801E+02    0.36712E-05
    0.35504E+02    0.34780E-05
    0.36222E+02    0.32950E-05
    0.36953E+02    0.31215E-05
    0.37700E+02    0.29570E-05
    0.38462E+02    0.28012E-05
    0.39239E+02    0.26535E-05
    0.40031E+02    0.25135E-05
    0.40840E+02    0.23809E-05
    0.41665E+02    0.22552E-05
    0.42507E+02    0.21361E-05
    0.43365E+02    0.20232E-05
    0.44241E+02    0.19163E-05
    0.45135E+02    0.18150E-05
    0.46047E+02    0.17190E-05
    0.46977E+02    0.16280E-05
    0.47926E+02    0.15418E-05
    0.48894E+02    0.14602E-05
    0.49882E+02    0.13828E-05
    0.50890E+02    0.13095E-05
    0.51918E+02    0.12401E-05
    0.52966E+02    0.11743E-05
    0.54036E+02    0.11120E-05
    0.55128E+02    0.10529E-05
    0.56242E+02    0.99699E-06
    0.57378E+02    0.94401E-06
    0.58537E+02    0.89383E-06
    0.59720E+02    0.84630E-06
    0.60926E+02    0.80127E-06
    0.62157E+02    0.75862E-06
    0.63412E+02    0.71822E-06
    0.64693E+02    0.67996E-06
    0.66000E+02    0.64372E-06
    0.67334E+02    0.60940E-06
    0.68694E+02    0.57690E-06
    0.70082E+02    0.54611E-06
    0.71497E+02    0.51695E-06
    0.72942E+02    0.48934E-06
    0.74415E+02    0.46319E-06
    0.75918E+02    0.43843E-06
    0.77452E+02    0.41498E-06
    0.79017E+02    0.39278E-06
    0.80613E+02    0.37175E-06
    0.82241E+02    0.35184E-06
    0.83903E+02    0.33299E-06
    0.85598E+02    0.31514E-06
    0.87327E+02    0.29823E-06
    0.89091E+02    0.28223E-06
    0.90891E+02    0.26708E-06
    0.92727E+02    0.25273E-06
    0.94600E+02    0.23915E-06
    0.96511E+02    0.22629E-06
    0.98461E+02    0.21411E-06
    0.10045E+03    0.20259E-06
    0.10248E+03    0.19168E-06
    0.10455E+03    0.18135E-06
    0.10666E+03    0.17157E-06
    0.10882E+03    0.16232E-06
    0.11101E+03    0.15355E-06
    0.11326E+03    0.14526E-06
    0.11554E+03    0.13741E-06
    0.11788E+03    0.12998E-06
    0.12026E+03    0.12295E-06
    0.12269E+03    0.11629E-06
    0.12517E+03    0.10999E-06
    0.12770E+03    0.10402E-06
    0.13028E+03    0.98380E-07
    0.13291E+03    0.93039E-07
    0.13559E+03    0.87984E-07
    0.13833E+03    0.83200E-07
    0.14113E+03    0.78674E-07
    0.14398E+03    0.74390E-07
    0.14689E+03    0.70337E-07
    0.14985E+03    0.66503E-07
    0.15288E+03    0.62874E-07
    0.15597E+03    0.59441E-07
    0.15912E+03    0.56193E-07
    0.16233E+03    0.53120E-07
    0.16561E+03    0.50212E-07
    0.16896E+03    0.47461E-07
    0.17237E+03    0.44857E-07
    0.17585E+03    0.42394E-07
    0.17941E+03    0.40063E-07
    0.18303E+03    0.37858E-07
    0.18673E+03    0.35771E-07
    0.19050E+03    0.33796E-07
    0.19435E+03    0.31929E-07
    0.19828E+03    0.30163E-07
    0.20228E+03    0.28493E-07
    0.20637E+03    0.26914E-07
    0.21054E+03    0.25422E-07
    0.21479E+03    0.24012E-07
    0.21913E+03    0.22679E-07
    0.22356E+03    0.21420E-07
