#           k/h    P           
    0.10000E-03    0.28138E+00
    0.10202E-03    0.28689E+00
    0.10408E-03    0.29252E+00
    0.10618E-03    0.29826E+00
    0.10833E-03    0.30411E+00
    0.11052E-03    0.31007E+00
    0.11275E-03    0.31615E+00
    0.11503E-03    0.32235E+00
    0.11735E-03    0.32867E+00
    0.11972E-03    0.33512E+00
    0.12214E-03    0.34169E+00
    0.12461E-03    0.34839E+00
    0.12712E-03    0.35522E+00
    0.12969E-03    0.36218E+00
    0.13231E-03    0.36929E+00
    0.13499E-03    0.37653E+00
    0.13771E-03    0.38391E+00
    0.14049E-03    0.39143E+00
    0.14333E-03    0.39911E+00
    0.14623E-03    0.40693E+00
    0.14918E-03    0.41491E+00
    0.15220E-03    0.42304E+00
    0.15527E-03    0.43133E+00
    0.15841E-03    0.43979E+00
    0.16161E-03    0.44841E+00
    0.16487E-03    0.45719E+00
    0.16820E-03    0.46615E+00
    0.17160E-03    0.47529E+00
    0.17507E-03    0.48460E+00
    0.17860E-03    0.49410E+00
    0.18221E-03    0.50378E+00
    0.18589E-03    0.51365E+00
    0.18965E-03    0.52371E+00
    0.19348E-03    0.53397E+00
    0.19739E-03    0.54443E+00
    0.20138E-03    0.55509E+00
    0.20544E-03    0.56596E+00
    0.20959E-03    0.57705E+00
    0.21383E-03    0.58834E+00
    0.21815E-03    0.59986E+00
    0.22255E-03    0.61161E+00
    0.22705E-03    0.62358E+00
    0.23164E-03    0.63579E+00
    0.23632E-03    0.64823E+00
    0.24109E-03    0.66092E+00
    0.24596E-03    0.67385E+00
    0.25093E-03    0.68704E+00
    0.25600E-03    0.70048E+00
    0.26117E-03    0.71418E+00
    0.26645E-03    0.72815E+00
    0.27183E-03    0.74239E+00
    0.27732E-03    0.75690E+00
    0.28292E-03    0.77170E+00
    0.28864E-03    0.78679E+00
    0.29447E-03    0.80217E+00
    0.30042E-03    0.81784E+00
    0.30649E-03    0.83382E+00
    0.31268E-03    0.85011E+00
    0.31899E-03    0.86672E+00
    0.32544E-03    0.88364E+00
    0.33201E-03    0.90089E+00
    0.33872E-03    0.91848E+00
    0.34556E-03    0.93641E+00
    0.35254E-03    0.95468E+00
    0.35966E-03    0.97330E+00
    0.36693E-03    0.99228E+00
    0.37434E-03    0.10116E+01
    0.38190E-03    0.10313E+01
    0.38962E-03    0.10514E+01
    0.39749E-03    0.10719E+01
    0.40552E-03    0.10928E+01
    0.41371E-03    0.11141E+01
    0.42207E-03    0.11358E+01
    0.43060E-03    0.11579E+01
    0.43929E-03    0.11804E+01
    0.44817E-03    0.12033E+01
    0.45722E-03    0.12267E+01
    0.46646E-03    0.12506E+01
    0.47588E-03    0.12749E+01
    0.48550E-03    0.12996E+01
    0.49530E-03    0.13248E+01
    0.50531E-03    0.13505E+01
    0.51552E-03    0.13767E+01
    0.52593E-03    0.14034E+01
    0.53656E-03    0.14306E+01
    0.54739E-03    0.14583E+01
    0.55845E-03    0.14865E+01
    0.56973E-03    0.15152E+01
    0.58124E-03    0.15445E+01
    0.59299E-03    0.15743E+01
    0.60496E-03    0.16047E+01
    0.61719E-03    0.16357E+01
    0.62965E-03    0.16672E+01
    0.64237E-03    0.16993E+01
    0.65535E-03    0.17320E+01
    0.66859E-03    0.17653E+01
    0.68210E-03    0.17992E+01
    0.69588E-03    0.18338E+01
    0.70993E-03    0.18689E+01
    0.72427E-03    0.19048E+01
    0.73891E-03    0.19412E+01
    0.75383E-03    0.19783E+01
    0.76906E-03    0.20161E+01
    0.78460E-03    0.20546E+01
    0.80045E-03    0.20938E+01
    0.81662E-03    0.21336E+01
    0.83311E-03    0.21742E+01
    0.84994E-03    0.22155E+01
    0.86711E-03    0.22575E+01
    0.88463E-03    0.23003E+01
    0.90250E-03    0.23438E+01
    0.92073E-03    0.23881E+01
    0.93933E-03    0.24331E+01
    0.95831E-03    0.24789E+01
    0.97767E-03    0.25255E+01
    0.99742E-03    0.25729E+01
    0.10176E-02    0.26210E+01
    0.10381E-02    0.26700E+01
    0.10591E-02    0.27198E+01
    0.10805E-02    0.27705E+01
    0.11023E-02    0.28219E+01
    0.11246E-02    0.28742E+01
    0.11473E-02    0.29274E+01
    0.11705E-02    0.29814E+01
    0.11941E-02    0.30362E+01
    0.12182E-02    0.30919E+01
    0.12429E-02    0.31485E+01
    0.12680E-02    0.32060E+01
    0.12936E-02    0.32643E+01
    0.13197E-02    0.33235E+01
    0.13464E-02    0.33836E+01
    0.13736E-02    0.34446E+01
    0.14013E-02    0.35064E+01
    0.14296E-02    0.35692E+01
    0.14585E-02    0.36328E+01
    0.14880E-02    0.36973E+01
    0.15180E-02    0.37627E+01
    0.15487E-02    0.38290E+01
    0.15800E-02    0.38961E+01
    0.16119E-02    0.39641E+01
    0.16445E-02    0.40330E+01
    0.16777E-02    0.41027E+01
    0.17116E-02    0.41732E+01
    0.17462E-02    0.42446E+01
    0.17814E-02    0.43168E+01
    0.18174E-02    0.43898E+01
    0.18541E-02    0.44636E+01
    0.18916E-02    0.45382E+01
    0.19298E-02    0.46135E+01
    0.19688E-02    0.46895E+01
    0.20086E-02    0.47663E+01
    0.20491E-02    0.48437E+01
    0.20905E-02    0.49218E+01
    0.21328E-02    0.50005E+01
    0.21758E-02    0.50798E+01
    0.22198E-02    0.51597E+01
    0.22646E-02    0.52401E+01
    0.23104E-02    0.53211E+01
    0.23571E-02    0.54024E+01
    0.24047E-02    0.54842E+01
    0.24533E-02    0.55664E+01
    0.25028E-02    0.56489E+01
    0.25534E-02    0.57316E+01
    0.26050E-02    0.58146E+01
    0.26576E-02    0.58978E+01
    0.27113E-02    0.59811E+01
    0.27660E-02    0.60645E+01
    0.28219E-02    0.61478E+01
    0.28789E-02    0.62311E+01
    0.29371E-02    0.63143E+01
    0.29964E-02    0.63973E+01
    0.30569E-02    0.64801E+01
    0.31187E-02    0.65625E+01
    0.31817E-02    0.66446E+01
    0.32460E-02    0.67262E+01
    0.33115E-02    0.68072E+01
    0.33784E-02    0.68877E+01
    0.34467E-02    0.69674E+01
    0.35163E-02    0.70464E+01
    0.35874E-02    0.71246E+01
    0.36598E-02    0.72019E+01
    0.37338E-02    0.72779E+01
    0.38092E-02    0.73530E+01
    0.38861E-02    0.74285E+01
    0.39646E-02    0.75032E+01
    0.40447E-02    0.75751E+01
    0.41264E-02    0.76452E+01
    0.42098E-02    0.77143E+01
    0.42948E-02    0.77818E+01
    0.43816E-02    0.78477E+01
    0.44701E-02    0.79119E+01
    0.45604E-02    0.79745E+01
    0.46525E-02    0.80352E+01
    0.47465E-02    0.80941E+01
    0.48424E-02    0.81512E+01
    0.49402E-02    0.82063E+01
    0.50400E-02    0.82590E+01
    0.51419E-02    0.83091E+01
    0.52457E-02    0.83575E+01
    0.53517E-02    0.84040E+01
    0.54598E-02    0.84482E+01
    0.55701E-02    0.84899E+01
    0.56826E-02    0.85293E+01
    0.57974E-02    0.85662E+01
    0.59145E-02    0.86006E+01
    0.60340E-02    0.86323E+01
    0.61559E-02    0.86615E+01
    0.62803E-02    0.86882E+01
    0.64072E-02    0.87118E+01
    0.65366E-02    0.87325E+01
    0.66686E-02    0.87501E+01
    0.68033E-02    0.87647E+01
    0.69408E-02    0.87761E+01
    0.70810E-02    0.87843E+01
    0.72240E-02    0.87890E+01
    0.73700E-02    0.87902E+01
    0.75189E-02    0.87878E+01
    0.76708E-02    0.87818E+01
    0.78257E-02    0.87719E+01
    0.79838E-02    0.87582E+01
    0.81451E-02    0.87404E+01
    0.83096E-02    0.87185E+01
    0.84775E-02    0.86925E+01
    0.86488E-02    0.86622E+01
    0.88235E-02    0.86276E+01
    0.90017E-02    0.85886E+01
    0.91836E-02    0.85453E+01
    0.93691E-02    0.84976E+01
    0.95583E-02    0.84455E+01
    0.97514E-02    0.83891E+01
    0.99484E-02    0.83285E+01
    0.10149E-01    0.82637E+01
    0.10354E-01    0.81949E+01
    0.10564E-01    0.81221E+01
    0.10777E-01    0.80456E+01
    0.10995E-01    0.79656E+01
    0.11217E-01    0.78817E+01
    0.11443E-01    0.77950E+01
    0.11675E-01    0.77062E+01
    0.11910E-01    0.76115E+01
    0.12151E-01    0.75128E+01
    0.12397E-01    0.74292E+01
    0.12647E-01    0.73533E+01
    0.12902E-01    0.72567E+01
    0.13163E-01    0.71478E+01
    0.13429E-01    0.70408E+01
    0.13700E-01    0.69324E+01
    0.13977E-01    0.68209E+01
    0.14259E-01    0.67076E+01
    0.14547E-01    0.65923E+01
    0.14841E-01    0.64749E+01
    0.15141E-01    0.63570E+01
    0.15447E-01    0.62361E+01
    0.15759E-01    0.61078E+01
    0.16077E-01    0.59783E+01
    0.16402E-01    0.58526E+01
    0.16734E-01    0.57264E+01
    0.17072E-01    0.55980E+01
    0.17416E-01    0.54688E+01
    0.17768E-01    0.53390E+01
    0.18127E-01    0.52085E+01
    0.18493E-01    0.50770E+01
    0.18867E-01    0.49457E+01
    0.19248E-01    0.48158E+01
    0.19637E-01    0.46857E+01
    0.20034E-01    0.45542E+01
    0.20438E-01    0.44228E+01
    0.20851E-01    0.42920E+01
    0.21272E-01    0.41617E+01
    0.21702E-01    0.40320E+01
    0.22141E-01    0.39031E+01
    0.22588E-01    0.37746E+01
    0.23044E-01    0.36469E+01
    0.23510E-01    0.35206E+01
    0.23985E-01    0.33958E+01
    0.24469E-01    0.32722E+01
    0.24964E-01    0.31502E+01
    0.25468E-01    0.30300E+01
    0.25982E-01    0.29119E+01
    0.26507E-01    0.27958E+01
    0.27043E-01    0.26820E+01
    0.27589E-01    0.25705E+01
    0.28146E-01    0.24615E+01
    0.28715E-01    0.23549E+01
    0.29295E-01    0.22509E+01
    0.29887E-01    0.21496E+01
    0.30490E-01    0.20511E+01
    0.31106E-01    0.19556E+01
    0.31735E-01    0.18635E+01
    0.32376E-01    0.17749E+01
    0.33030E-01    0.16899E+01
    0.33697E-01    0.16084E+01
    0.34378E-01    0.15304E+01
    0.35072E-01    0.14555E+01
    0.35781E-01    0.13837E+01
    0.36504E-01    0.13147E+01
    0.37241E-01    0.12484E+01
    0.37993E-01    0.11846E+01
    0.38761E-01    0.11235E+01
    0.39544E-01    0.10649E+01
    0.40343E-01    0.10089E+01
    0.41158E-01    0.95538E+00
    0.41989E-01    0.90431E+00
    0.42838E-01    0.85580E+00
    0.43703E-01    0.80995E+00
    0.44586E-01    0.76682E+00
    0.45486E-01    0.72637E+00
    0.46405E-01    0.68847E+00
    0.47343E-01    0.65293E+00
    0.48299E-01    0.61956E+00
    0.49275E-01    0.58819E+00
    0.50270E-01    0.55865E+00
    0.51286E-01    0.53074E+00
    0.52322E-01    0.50426E+00
    0.53379E-01    0.47903E+00
    0.54457E-01    0.45491E+00
    0.55557E-01    0.43180E+00
    0.56680E-01    0.40965E+00
    0.57825E-01    0.38843E+00
    0.58993E-01    0.36810E+00
    0.60184E-01    0.34860E+00
    0.61400E-01    0.32983E+00
    0.62641E-01    0.31174E+00
    0.63906E-01    0.29431E+00
    0.65197E-01    0.27752E+00
    0.66514E-01    0.26131E+00
    0.67858E-01    0.24559E+00
    0.69229E-01    0.23031E+00
    0.70627E-01    0.21550E+00
    0.72054E-01    0.20114E+00
    0.73510E-01    0.18726E+00
    0.74994E-01    0.17394E+00
    0.76509E-01    0.16125E+00
    0.78055E-01    0.14921E+00
    0.79632E-01    0.13778E+00
    0.81241E-01    0.12693E+00
    0.82882E-01    0.11670E+00
    0.84556E-01    0.10708E+00
    0.86264E-01    0.98102E-01
    0.88007E-01    0.89823E-01
    0.89785E-01    0.82267E-01
    0.91598E-01    0.75415E-01
    0.93449E-01    0.69220E-01
    0.95337E-01    0.63630E-01
    0.97263E-01    0.58596E-01
    0.99227E-01    0.54065E-01
    0.10123E+00    0.49989E-01
    0.10328E+00    0.46329E-01
    0.10536E+00    0.43031E-01
    0.10749E+00    0.40061E-01
    0.10966E+00    0.37377E-01
    0.11188E+00    0.34907E-01
    0.11414E+00    0.32605E-01
    0.11644E+00    0.30442E-01
    0.11880E+00    0.28391E-01
    0.12120E+00    0.26432E-01
    0.12365E+00    0.24530E-01
    0.12614E+00    0.22663E-01
    0.12869E+00    0.20833E-01
    0.13129E+00    0.19061E-01
    0.13394E+00    0.17370E-01
    0.13665E+00    0.15767E-01
    0.13941E+00    0.14263E-01
    0.14223E+00    0.12869E-01
    0.14510E+00    0.11590E-01
    0.14803E+00    0.10437E-01
    0.15102E+00    0.94154E-02
    0.15407E+00    0.85184E-02
    0.15718E+00    0.77334E-02
    0.16036E+00    0.70523E-02
    0.16360E+00    0.64652E-02
    0.16690E+00    0.59517E-02
    0.17028E+00    0.54903E-02
    0.17371E+00    0.50709E-02
    0.17722E+00    0.46826E-02
    0.18080E+00    0.43145E-02
    0.18446E+00    0.39584E-02
    0.18818E+00    0.36096E-02
    0.19198E+00    0.32728E-02
    0.19586E+00    0.29524E-02
    0.19982E+00    0.26498E-02
    0.20386E+00    0.23717E-02
    0.20797E+00    0.21229E-02
    0.21218E+00    0.19022E-02
    0.21646E+00    0.17107E-02
    0.22083E+00    0.15468E-02
    0.22530E+00    0.14061E-02
    0.22985E+00    0.12827E-02
    0.23449E+00    0.11722E-02
    0.23923E+00    0.10716E-02
    0.24406E+00    0.97614E-03
    0.24899E+00    0.88541E-03
    0.25402E+00    0.79827E-03
    0.25915E+00    0.71580E-03
    0.26439E+00    0.64006E-03
    0.26973E+00    0.57192E-03
    0.27518E+00    0.51135E-03
    0.28074E+00    0.45933E-03
    0.28641E+00    0.41422E-03
    0.29219E+00    0.37503E-03
    0.29810E+00    0.33977E-03
    0.30412E+00    0.30746E-03
    0.31026E+00    0.27763E-03
    0.31653E+00    0.24925E-03
    0.32292E+00    0.22306E-03
    0.32945E+00    0.19918E-03
    0.33610E+00    0.17799E-03
    0.34289E+00    0.15931E-03
    0.34982E+00    0.14309E-03
    0.35689E+00    0.12881E-03
    0.36409E+00    0.11592E-03
    0.37145E+00    0.10414E-03
    0.37895E+00    0.93335E-04
    0.38661E+00    0.83368E-04
    0.39442E+00    0.74452E-04
    0.40239E+00    0.66454E-04
    0.41052E+00    0.59464E-04
    0.41881E+00    0.53281E-04
    0.42727E+00    0.47731E-04
    0.43590E+00    0.42715E-04
    0.44471E+00    0.38154E-04
    0.45369E+00    0.34052E-04
    0.46286E+00    0.30371E-04
    0.47221E+00    0.27091E-04
    0.48174E+00    0.24215E-04
    0.49148E+00    0.21623E-04
    0.50141E+00    0.19294E-04
    0.51153E+00    0.17205E-04
    0.52187E+00    0.15334E-04
    0.53241E+00    0.13654E-04
    0.54317E+00    0.12169E-04
    0.55414E+00    0.10850E-04
    0.56533E+00    0.96647E-05
    0.57675E+00    0.85990E-05
    0.58840E+00    0.76509E-05
    0.60029E+00    0.68071E-05
    0.61242E+00    0.60559E-05
    0.62479E+00    0.53871E-05
    0.63741E+00    0.47914E-05
    0.65029E+00    0.42609E-05
    0.66342E+00    0.37883E-05
    0.67683E+00    0.33673E-05
    0.69050E+00    0.29922E-05
    0.70445E+00    0.26580E-05
    0.71868E+00    0.23606E-05
    0.73320E+00    0.20958E-05
    0.74801E+00    0.18603E-05
    0.76312E+00    0.16508E-05
    0.77854E+00    0.14645E-05
    0.79426E+00    0.12990E-05
    0.81031E+00    0.11519E-05
    0.82668E+00    0.10213E-05
    0.84338E+00    0.90533E-06
    0.86041E+00    0.80236E-06
    0.87780E+00    0.71097E-06
    0.89553E+00    0.62987E-06
    0.91362E+00    0.55791E-06
    0.93208E+00    0.49409E-06
    0.95091E+00    0.43748E-06
    0.97011E+00    0.38729E-06
    0.98971E+00    0.34279E-06
    0.10097E+01    0.30335E-06
    0.10301E+01    0.26840E-06
    0.10509E+01    0.23743E-06
    0.10721E+01    0.21000E-06
    0.10938E+01    0.18570E-06
    0.11159E+01    0.16419E-06
    0.11384E+01    0.14515E-06
    0.11614E+01    0.12830E-06
    0.11849E+01    0.11338E-06
    0.12088E+01    0.10019E-06
    0.12333E+01    0.88520E-07
    0.12582E+01    0.78198E-07
    0.12836E+01    0.69071E-07
    0.13095E+01    0.61001E-07
    0.13360E+01    0.53866E-07
    0.13630E+01    0.47559E-07
    0.13905E+01    0.41984E-07
    0.14186E+01    0.37056E-07
    0.14472E+01    0.32702E-07
    0.14765E+01    0.28854E-07
    0.15063E+01    0.25454E-07
    0.15367E+01    0.22451E-07
    0.15678E+01    0.19799E-07
    0.15994E+01    0.17457E-07
    0.16318E+01    0.15390E-07
    0.16647E+01    0.13566E-07
    0.16984E+01    0.11956E-07
    0.17327E+01    0.10536E-07
    0.17677E+01    0.92835E-08
    0.18034E+01    0.81791E-08
    0.18398E+01    0.72053E-08
    0.18770E+01    0.63469E-08
    0.19149E+01    0.55903E-08
    0.19536E+01    0.49235E-08
    0.19930E+01    0.43358E-08
    0.20333E+01    0.38179E-08
    0.20744E+01    0.33616E-08
    0.21163E+01    0.29595E-08
    0.21590E+01    0.26053E-08
    0.22026E+01    0.22932E-08
    0.22471E+01    0.20183E-08
    0.22925E+01    0.17762E-08
    0.23388E+01    0.15630E-08
    0.23861E+01    0.13752E-08
    0.24343E+01    0.12098E-08
    0.24835E+01    0.10642E-08
    0.25336E+01    0.93609E-09
    0.25848E+01    0.82327E-09
    0.26370E+01    0.72398E-09
    0.26903E+01    0.63659E-09
    0.27447E+01    0.55969E-09
    0.28001E+01    0.49203E-09
    0.28567E+01    0.43251E-09
    0.29144E+01    0.38015E-09
    0.29733E+01    0.33409E-09
    0.30333E+01    0.29359E-09
    0.30946E+01    0.25798E-09
    0.31571E+01    0.22667E-09
    0.32209E+01    0.19914E-09
    0.32860E+01    0.17495E-09
    0.33523E+01    0.15368E-09
    0.34201E+01    0.13499E-09
    0.34892E+01    0.11857E-09
    0.35596E+01    0.10414E-09
    0.36316E+01    0.91457E-10
    0.37049E+01    0.80317E-10
    0.37798E+01    0.70531E-10
    0.38561E+01    0.61935E-10
    0.39340E+01    0.54384E-10
    0.40135E+01    0.47752E-10
    0.40946E+01    0.41928E-10
    0.41773E+01    0.36813E-10
    0.42617E+01    0.32321E-10
    0.43478E+01    0.28376E-10
    0.44356E+01    0.24911E-10
    0.45252E+01    0.21868E-10
    0.46166E+01    0.19195E-10
    0.47099E+01    0.16848E-10
    0.48050E+01    0.14786E-10
    0.49021E+01    0.12976E-10
    0.50011E+01    0.11386E-10
    0.51021E+01    0.99899E-11
    0.52052E+01    0.87640E-11
    0.53104E+01    0.76878E-11
    0.54176E+01    0.67433E-11
    0.55271E+01    0.59144E-11
    0.56387E+01    0.51871E-11
    0.57526E+01    0.45491E-11
    0.58689E+01    0.39895E-11
    0.59874E+01    0.34987E-11
    0.61084E+01    0.30683E-11
    0.62318E+01    0.26909E-11
    0.63577E+01    0.23600E-11
    0.64861E+01    0.20697E-11
    0.66171E+01    0.18152E-11
    0.67508E+01    0.15919E-11
    0.68872E+01    0.13960E-11
    0.70263E+01    0.12242E-11
    0.71682E+01    0.10735E-11
    0.73130E+01    0.94121E-12
    0.74608E+01    0.82518E-12
    0.76115E+01    0.72339E-12
    0.77653E+01    0.63409E-12
    0.79221E+01    0.55577E-12
    0.80822E+01    0.48709E-12
    0.82454E+01    0.42687E-12
    0.84120E+01    0.37407E-12
    0.85819E+01    0.32779E-12
    0.87553E+01    0.28723E-12
    0.89322E+01    0.25168E-12
    0.91126E+01    0.22053E-12
    0.92967E+01    0.19324E-12
    0.94845E+01    0.16932E-12
    0.96761E+01    0.14836E-12
    0.98716E+01    0.13000E-12
    0.10071E+02    0.11392E-12
    0.10274E+02    0.99822E-13
    0.10482E+02    0.87472E-13
    0.10694E+02    0.76651E-13
    0.10910E+02    0.67169E-13
    0.11130E+02    0.58862E-13
    0.11355E+02    0.51582E-13
    0.11584E+02    0.45203E-13
    0.11818E+02    0.39612E-13
    0.12057E+02    0.34711E-13
    0.12301E+02    0.30414E-13
    0.12549E+02    0.26646E-13
    0.12803E+02    0.23343E-13
    0.13061E+02    0.20446E-13
    0.13325E+02    0.17906E-13
    0.13594E+02    0.15678E-13
    0.13869E+02    0.13725E-13
    0.14149E+02    0.12013E-13
    0.14435E+02    0.10512E-13
    0.14727E+02    0.91983E-14
    0.15024E+02    0.80478E-14
    0.15328E+02    0.70410E-14
    0.15637E+02    0.61601E-14
    0.15953E+02    0.53896E-14
    0.16275E+02    0.47158E-14
    0.16604E+02    0.41268E-14
    0.16940E+02    0.36118E-14
    0.17282E+02    0.31617E-14
    0.17631E+02    0.27679E-14
    0.17987E+02    0.24235E-14
    0.18351E+02    0.21221E-14
    0.18721E+02    0.18582E-14
    0.19099E+02    0.16272E-14
    0.19485E+02    0.14249E-14
    0.19879E+02    0.12477E-14
    0.20280E+02    0.10925E-14
    0.20690E+02    0.95654E-15
    0.21108E+02    0.83740E-15
    0.21535E+02    0.73303E-15
    0.21970E+02    0.64162E-15
    0.22413E+02    0.56155E-15
    0.22866E+02    0.49143E-15
    0.23328E+02    0.43003E-15
    0.23799E+02    0.37627E-15
    0.24280E+02    0.32920E-15
    0.24771E+02    0.28800E-15
    0.25271E+02    0.25194E-15
    0.25782E+02    0.22037E-15
    0.26302E+02    0.19275E-15
    0.26834E+02    0.16858E-15
    0.27376E+02    0.14744E-15
    0.27929E+02    0.12895E-15
    0.28493E+02    0.11277E-15
    0.29069E+02    0.98622E-16
    0.29656E+02    0.86250E-16
    0.30255E+02    0.75432E-16
    0.30866E+02    0.65973E-16
    0.31490E+02    0.57702E-16
    0.32126E+02    0.50468E-16
    0.32775E+02    0.44142E-16
    0.33437E+02    0.38608E-16
    0.34112E+02    0.33768E-16
    0.34801E+02    0.29534E-16
    0.35504E+02    0.25830E-16
    0.36222E+02    0.22589E-16
    0.36953E+02    0.19754E-16
    0.37700E+02    0.17274E-16
    0.38462E+02    0.15104E-16
    0.39239E+02    0.13205E-16
    0.40031E+02    0.11545E-16
    0.40840E+02    0.10093E-16
    0.41665E+02    0.88229E-17
    0.42507E+02    0.77124E-17
    0.43365E+02    0.67415E-17
    0.44241E+02    0.58926E-17
    0.45135E+02    0.51504E-17
    0.46047E+02    0.45016E-17
    0.46977E+02    0.39345E-17
    0.47926E+02    0.34389E-17
    0.48894E+02    0.30058E-17
    0.49882E+02    0.26273E-17
    0.50890E+02    0.22967E-17
    0.51918E+02    0.20078E-17
    0.52966E+02    0.17554E-17
    0.54036E+02    0.15350E-17
    0.55128E+02    0.13424E-17
    0.56242E+02    0.11741E-17
    0.57378E+02    0.10271E-17
    0.58537E+02    0.89851E-18
    0.59720E+02    0.78603E-18
    0.60926E+02    0.68759E-18
    0.62157E+02    0.60139E-18
    0.63412E+02    0.52590E-18
    0.64693E+02    0.45976E-18
    0.66000E+02    0.40181E-18
    0.67334E+02    0.35103E-18
    0.68694E+02    0.30653E-18
    0.70082E+02    0.26757E-18
    0.71497E+02    0.23350E-18
    0.72942E+02    0.20374E-18
    0.74415E+02    0.17778E-18
    0.75918E+02    0.15515E-18
    0.77452E+02    0.13544E-18
    0.79017E+02    0.11829E-18
    0.80613E+02    0.10337E-18
    0.82241E+02    0.90388E-19
    0.83903E+02    0.79106E-19
    0.85598E+02    0.69283E-19
    0.87327E+02    0.60710E-19
    0.89091E+02    0.53210E-19
    0.90891E+02    0.46636E-19
    0.92727E+02    0.40864E-19
    0.94600E+02    0.35787E-19
    0.96511E+02    0.31317E-19
    0.98461E+02    0.27377E-19
    0.10045E+03    0.23903E-19
    0.10248E+03    0.20838E-19
    0.10455E+03    0.18140E-19
    0.10666E+03    0.15774E-19
    0.10882E+03    0.13706E-19
    0.11101E+03    0.11903E-19
    0.11326E+03    0.10336E-19
    0.11554E+03    0.89774E-20
    0.11788E+03    0.78011E-20
    0.12026E+03    0.67846E-20
    0.12269E+03    0.59074E-20
    0.12517E+03    0.51512E-20
    0.12770E+03    0.44983E-20
    0.13028E+03    0.39329E-20
    0.13291E+03    0.34419E-20
    0.13559E+03    0.30143E-20
    0.13833E+03    0.26411E-20
    0.14113E+03    0.23146E-20
    0.14398E+03    0.20283E-20
    0.14689E+03    0.17770E-20
    0.14985E+03    0.15560E-20
    0.15288E+03    0.13614E-20
    0.15597E+03    0.11901E-20
    0.15912E+03    0.10397E-20
    0.16233E+03    0.90774E-21
    0.16561E+03    0.79214E-21
    0.16896E+03    0.69100E-21
    0.17237E+03    0.60262E-21
    0.17585E+03    0.52545E-21
    0.17941E+03    0.45815E-21
    0.18303E+03    0.39950E-21
    0.18673E+03    0.34841E-21
    0.19050E+03    0.30392E-21
    0.19435E+03    0.26516E-21
    0.19828E+03    0.23138E-21
    0.20228E+03    0.20193E-21
    0.20637E+03    0.17626E-21
    0.21054E+03    0.15679E-21
    0.21479E+03    0.15670E-21
    0.21913E+03    0.15661E-21
    0.22356E+03    0.15652E-21
