#           k/h    P           
    0.10000E-03    0.28484E+00
    0.10202E-03    0.29041E+00
    0.10408E-03    0.29609E+00
    0.10618E-03    0.30188E+00
    0.10833E-03    0.30778E+00
    0.11052E-03    0.31380E+00
    0.11275E-03    0.31994E+00
    0.11503E-03    0.32620E+00
    0.11735E-03    0.33257E+00
    0.11972E-03    0.33908E+00
    0.12214E-03    0.34571E+00
    0.12461E-03    0.35246E+00
    0.12712E-03    0.35935E+00
    0.12969E-03    0.36638E+00
    0.13231E-03    0.37354E+00
    0.13499E-03    0.38084E+00
    0.13771E-03    0.38828E+00
    0.14049E-03    0.39587E+00
    0.14333E-03    0.40361E+00
    0.14623E-03    0.41149E+00
    0.14918E-03    0.41953E+00
    0.15220E-03    0.42772E+00
    0.15527E-03    0.43608E+00
    0.15841E-03    0.44460E+00
    0.16161E-03    0.45328E+00
    0.16487E-03    0.46213E+00
    0.16820E-03    0.47115E+00
    0.17160E-03    0.48035E+00
    0.17507E-03    0.48972E+00
    0.17860E-03    0.49928E+00
    0.18221E-03    0.50903E+00
    0.18589E-03    0.51896E+00
    0.18965E-03    0.52908E+00
    0.19348E-03    0.53940E+00
    0.19739E-03    0.54992E+00
    0.20138E-03    0.56064E+00
    0.20544E-03    0.57157E+00
    0.20959E-03    0.58271E+00
    0.21383E-03    0.59407E+00
    0.21815E-03    0.60564E+00
    0.22255E-03    0.61744E+00
    0.22705E-03    0.62947E+00
    0.23164E-03    0.64173E+00
    0.23632E-03    0.65422E+00
    0.24109E-03    0.66695E+00
    0.24596E-03    0.67993E+00
    0.25093E-03    0.69316E+00
    0.25600E-03    0.70664E+00
    0.26117E-03    0.72038E+00
    0.26645E-03    0.73438E+00
    0.27183E-03    0.74865E+00
    0.27732E-03    0.76319E+00
    0.28292E-03    0.77801E+00
    0.28864E-03    0.79311E+00
    0.29447E-03    0.80850E+00
    0.30042E-03    0.82419E+00
    0.30649E-03    0.84017E+00
    0.31268E-03    0.85645E+00
    0.31899E-03    0.87305E+00
    0.32544E-03    0.88995E+00
    0.33201E-03    0.90718E+00
    0.33872E-03    0.92473E+00
    0.34556E-03    0.94262E+00
    0.35254E-03    0.96084E+00
    0.35966E-03    0.97940E+00
    0.36693E-03    0.99831E+00
    0.37434E-03    0.10176E+01
    0.38190E-03    0.10372E+01
    0.38962E-03    0.10572E+01
    0.39749E-03    0.10775E+01
    0.40552E-03    0.10983E+01
    0.41371E-03    0.11194E+01
    0.42207E-03    0.11409E+01
    0.43060E-03    0.11628E+01
    0.43929E-03    0.11852E+01
    0.44817E-03    0.12079E+01
    0.45722E-03    0.12310E+01
    0.46646E-03    0.12546E+01
    0.47588E-03    0.12786E+01
    0.48550E-03    0.13030E+01
    0.49530E-03    0.13279E+01
    0.50531E-03    0.13532E+01
    0.51552E-03    0.13789E+01
    0.52593E-03    0.14052E+01
    0.53656E-03    0.14319E+01
    0.54739E-03    0.14590E+01
    0.55845E-03    0.14867E+01
    0.56973E-03    0.15148E+01
    0.58124E-03    0.15434E+01
    0.59299E-03    0.15726E+01
    0.60496E-03    0.16022E+01
    0.61719E-03    0.16323E+01
    0.62965E-03    0.16630E+01
    0.64237E-03    0.16942E+01
    0.65535E-03    0.17259E+01
    0.66859E-03    0.17581E+01
    0.68210E-03    0.17909E+01
    0.69588E-03    0.18242E+01
    0.70993E-03    0.18581E+01
    0.72427E-03    0.18925E+01
    0.73891E-03    0.19275E+01
    0.75383E-03    0.19630E+01
    0.76906E-03    0.19991E+01
    0.78460E-03    0.20358E+01
    0.80045E-03    0.20730E+01
    0.81662E-03    0.21108E+01
    0.83311E-03    0.21492E+01
    0.84994E-03    0.21882E+01
    0.86711E-03    0.22277E+01
    0.88463E-03    0.22678E+01
    0.90250E-03    0.23085E+01
    0.92073E-03    0.23498E+01
    0.93933E-03    0.23917E+01
    0.95831E-03    0.24341E+01
    0.97767E-03    0.24771E+01
    0.99742E-03    0.25207E+01
    0.10176E-02    0.25648E+01
    0.10381E-02    0.26095E+01
    0.10591E-02    0.26548E+01
    0.10805E-02    0.27006E+01
    0.11023E-02    0.27469E+01
    0.11246E-02    0.27938E+01
    0.11473E-02    0.28412E+01
    0.11705E-02    0.28891E+01
    0.11941E-02    0.29375E+01
    0.12182E-02    0.29863E+01
    0.12429E-02    0.30357E+01
    0.12680E-02    0.30855E+01
    0.12936E-02    0.31357E+01
    0.13197E-02    0.31863E+01
    0.13464E-02    0.32373E+01
    0.13736E-02    0.32886E+01
    0.14013E-02    0.33403E+01
    0.14296E-02    0.33923E+01
    0.14585E-02    0.34446E+01
    0.14880E-02    0.34971E+01
    0.15180E-02    0.35498E+01
    0.15487E-02    0.36027E+01
    0.15800E-02    0.36557E+01
    0.16119E-02    0.37089E+01
    0.16445E-02    0.37620E+01
    0.16777E-02    0.38152E+01
    0.17116E-02    0.38682E+01
    0.17462E-02    0.39212E+01
    0.17814E-02    0.39741E+01
    0.18174E-02    0.40267E+01
    0.18541E-02    0.40790E+01
    0.18916E-02    0.41310E+01
    0.19298E-02    0.41825E+01
    0.19688E-02    0.42336E+01
    0.20086E-02    0.42841E+01
    0.20491E-02    0.43340E+01
    0.20905E-02    0.43832E+01
    0.21328E-02    0.44316E+01
    0.21758E-02    0.44791E+01
    0.22198E-02    0.45256E+01
    0.22646E-02    0.45711E+01
    0.23104E-02    0.46154E+01
    0.23571E-02    0.46585E+01
    0.24047E-02    0.47003E+01
    0.24533E-02    0.47406E+01
    0.25028E-02    0.47794E+01
    0.25534E-02    0.48165E+01
    0.26050E-02    0.48519E+01
    0.26576E-02    0.48855E+01
    0.27113E-02    0.49171E+01
    0.27660E-02    0.49467E+01
    0.28219E-02    0.49741E+01
    0.28789E-02    0.49993E+01
    0.29371E-02    0.50221E+01
    0.29964E-02    0.50425E+01
    0.30569E-02    0.50604E+01
    0.31187E-02    0.50756E+01
    0.31817E-02    0.50881E+01
    0.32460E-02    0.50978E+01
    0.33115E-02    0.51046E+01
    0.33784E-02    0.51085E+01
    0.34467E-02    0.51094E+01
    0.35163E-02    0.51072E+01
    0.35874E-02    0.51019E+01
    0.36598E-02    0.50937E+01
    0.37338E-02    0.50819E+01
    0.38092E-02    0.50665E+01
    0.38861E-02    0.50504E+01
    0.39646E-02    0.50331E+01
    0.40447E-02    0.50104E+01
    0.41264E-02    0.49827E+01
    0.42098E-02    0.49525E+01
    0.42948E-02    0.49195E+01
    0.43816E-02    0.48834E+01
    0.44701E-02    0.48445E+01
    0.45604E-02    0.48028E+01
    0.46525E-02    0.47583E+01
    0.47465E-02    0.47116E+01
    0.48424E-02    0.46623E+01
    0.49402E-02    0.46098E+01
    0.50400E-02    0.45550E+01
    0.51419E-02    0.44992E+01
    0.52457E-02    0.44417E+01
    0.53517E-02    0.43824E+01
    0.54598E-02    0.43218E+01
    0.55701E-02    0.42598E+01
    0.56826E-02    0.41967E+01
    0.57974E-02    0.41332E+01
    0.59145E-02    0.40687E+01
    0.60340E-02    0.40016E+01
    0.61559E-02    0.39394E+01
    0.62803E-02    0.38864E+01
    0.64072E-02    0.38287E+01
    0.65366E-02    0.37626E+01
    0.66686E-02    0.36973E+01
    0.68033E-02    0.36337E+01
    0.69408E-02    0.35701E+01
    0.70810E-02    0.35068E+01
    0.72240E-02    0.34441E+01
    0.73700E-02    0.33819E+01
    0.75189E-02    0.33209E+01
    0.76708E-02    0.32608E+01
    0.78257E-02    0.31982E+01
    0.79838E-02    0.31342E+01
    0.81451E-02    0.30736E+01
    0.83096E-02    0.30155E+01
    0.84775E-02    0.29571E+01
    0.86488E-02    0.28990E+01
    0.88235E-02    0.28413E+01
    0.90017E-02    0.27840E+01
    0.91836E-02    0.27267E+01
    0.93691E-02    0.26694E+01
    0.95583E-02    0.26135E+01
    0.97514E-02    0.25584E+01
    0.99484E-02    0.25022E+01
    0.10149E-01    0.24455E+01
    0.10354E-01    0.23891E+01
    0.10564E-01    0.23327E+01
    0.10777E-01    0.22765E+01
    0.10995E-01    0.22204E+01
    0.11217E-01    0.21642E+01
    0.11443E-01    0.21078E+01
    0.11675E-01    0.20518E+01
    0.11910E-01    0.19965E+01
    0.12151E-01    0.19416E+01
    0.12397E-01    0.18869E+01
    0.12647E-01    0.18327E+01
    0.12902E-01    0.17791E+01
    0.13163E-01    0.17261E+01
    0.13429E-01    0.16735E+01
    0.13700E-01    0.16213E+01
    0.13977E-01    0.15697E+01
    0.14259E-01    0.15187E+01
    0.14547E-01    0.14682E+01
    0.14841E-01    0.14183E+01
    0.15141E-01    0.13690E+01
    0.15447E-01    0.13204E+01
    0.15759E-01    0.12725E+01
    0.16077E-01    0.12253E+01
    0.16402E-01    0.11789E+01
    0.16734E-01    0.11333E+01
    0.17072E-01    0.10887E+01
    0.17416E-01    0.10449E+01
    0.17768E-01    0.10022E+01
    0.18127E-01    0.96050E+00
    0.18493E-01    0.91989E+00
    0.18867E-01    0.88037E+00
    0.19248E-01    0.84197E+00
    0.19637E-01    0.80471E+00
    0.20034E-01    0.76856E+00
    0.20438E-01    0.73349E+00
    0.20851E-01    0.69945E+00
    0.21272E-01    0.66638E+00
    0.21702E-01    0.63421E+00
    0.22141E-01    0.60287E+00
    0.22588E-01    0.57230E+00
    0.23044E-01    0.54246E+00
    0.23510E-01    0.51335E+00
    0.23985E-01    0.48502E+00
    0.24469E-01    0.45755E+00
    0.24964E-01    0.43109E+00
    0.25468E-01    0.40577E+00
    0.25982E-01    0.38175E+00
    0.26507E-01    0.35912E+00
    0.27043E-01    0.33790E+00
    0.27589E-01    0.31805E+00
    0.28146E-01    0.29944E+00
    0.28715E-01    0.28186E+00
    0.29295E-01    0.26511E+00
    0.29887E-01    0.24899E+00
    0.30490E-01    0.23339E+00
    0.31106E-01    0.21827E+00
    0.31735E-01    0.20369E+00
    0.32376E-01    0.18975E+00
    0.33030E-01    0.17657E+00
    0.33697E-01    0.16423E+00
    0.34378E-01    0.15275E+00
    0.35072E-01    0.14211E+00
    0.35781E-01    0.13224E+00
    0.36504E-01    0.12302E+00
    0.37241E-01    0.11439E+00
    0.37993E-01    0.10632E+00
    0.38761E-01    0.98801E-01
    0.39544E-01    0.91786E-01
    0.40343E-01    0.85213E-01
    0.41158E-01    0.79042E-01
    0.41989E-01    0.73261E-01
    0.42838E-01    0.67887E-01
    0.43703E-01    0.62939E-01
    0.44586E-01    0.58417E-01
    0.45486E-01    0.54276E-01
    0.46405E-01    0.50450E-01
    0.47343E-01    0.46874E-01
    0.48299E-01    0.43522E-01
    0.49275E-01    0.40399E-01
    0.50270E-01    0.37521E-01
    0.51286E-01    0.34893E-01
    0.52322E-01    0.32492E-01
    0.53379E-01    0.30285E-01
    0.54457E-01    0.28236E-01
    0.55557E-01    0.26307E-01
    0.56680E-01    0.24472E-01
    0.57825E-01    0.22709E-01
    0.58993E-01    0.21023E-01
    0.60184E-01    0.19444E-01
    0.61400E-01    0.17987E-01
    0.62641E-01    0.16645E-01
    0.63906E-01    0.15401E-01
    0.65197E-01    0.14236E-01
    0.66514E-01    0.13132E-01
    0.67858E-01    0.12084E-01
    0.69229E-01    0.11109E-01
    0.70627E-01    0.10217E-01
    0.72054E-01    0.93861E-02
    0.73510E-01    0.85895E-02
    0.74994E-01    0.78328E-02
    0.76509E-01    0.71366E-02
    0.78055E-01    0.64955E-02
    0.79632E-01    0.58890E-02
    0.81241E-01    0.53191E-02
    0.82882E-01    0.47982E-02
    0.84556E-01    0.43245E-02
    0.86264E-01    0.38945E-02
    0.88007E-01    0.35121E-02
    0.89785E-01    0.31706E-02
    0.91598E-01    0.28559E-02
    0.93449E-01    0.25679E-02
    0.95337E-01    0.23168E-02
    0.97263E-01    0.21003E-02
    0.99227E-01    0.19043E-02
    0.10123E+00    0.17267E-02
    0.10328E+00    0.15738E-02
    0.10536E+00    0.14369E-02
    0.10749E+00    0.13122E-02
    0.10966E+00    0.12033E-02
    0.11188E+00    0.11036E-02
    0.11414E+00    0.10138E-02
    0.11644E+00    0.93125E-03
    0.11880E+00    0.85186E-03
    0.12120E+00    0.78108E-03
    0.12365E+00    0.71492E-03
    0.12614E+00    0.64955E-03
    0.12869E+00    0.58865E-03
    0.13129E+00    0.53249E-03
    0.13394E+00    0.47873E-03
    0.13665E+00    0.42892E-03
    0.13941E+00    0.38306E-03
    0.14223E+00    0.34099E-03
    0.14510E+00    0.30292E-03
    0.14803E+00    0.26993E-03
    0.15102E+00    0.23966E-03
    0.15407E+00    0.21361E-03
    0.15718E+00    0.19169E-03
    0.16036E+00    0.17183E-03
    0.16360E+00    0.15529E-03
    0.16690E+00    0.14068E-03
    0.17028E+00    0.12792E-03
    0.17371E+00    0.11662E-03
    0.17722E+00    0.10603E-03
    0.18080E+00    0.96593E-04
    0.18446E+00    0.87530E-04
    0.18818E+00    0.78881E-04
    0.19198E+00    0.70892E-04
    0.19586E+00    0.63313E-04
    0.19982E+00    0.56216E-04
    0.20386E+00    0.49864E-04
    0.20797E+00    0.44133E-04
    0.21218E+00    0.39028E-04
    0.21646E+00    0.34809E-04
    0.22083E+00    0.31012E-04
    0.22530E+00    0.27812E-04
    0.22985E+00    0.25095E-04
    0.23449E+00    0.22626E-04
    0.23923E+00    0.20503E-04
    0.24406E+00    0.18436E-04
    0.24899E+00    0.16615E-04
    0.25402E+00    0.14816E-04
    0.25915E+00    0.13202E-04
    0.26439E+00    0.11719E-04
    0.26973E+00    0.10351E-04
    0.27518E+00    0.91897E-05
    0.28074E+00    0.81448E-05
    0.28641E+00    0.72724E-05
    0.29219E+00    0.65079E-05
    0.29810E+00    0.58525E-05
    0.30412E+00    0.52436E-05
    0.31026E+00    0.46998E-05
    0.31653E+00    0.41888E-05
    0.32292E+00    0.37213E-05
    0.32945E+00    0.32934E-05
    0.33610E+00    0.29167E-05
    0.34289E+00    0.25932E-05
    0.34982E+00    0.23057E-05
    0.35689E+00    0.20582E-05
    0.36409E+00    0.18405E-05
    0.37145E+00    0.16381E-05
    0.37895E+00    0.14574E-05
    0.38661E+00    0.12921E-05
    0.39442E+00    0.11438E-05
    0.40239E+00    0.10153E-05
    0.41052E+00    0.90153E-06
    0.41881E+00    0.80052E-06
    0.42727E+00    0.71287E-06
    0.43590E+00    0.63375E-06
    0.44471E+00    0.56316E-06
    0.45369E+00    0.49964E-06
    0.46286E+00    0.44262E-06
    0.47221E+00    0.39136E-06
    0.48174E+00    0.34838E-06
    0.49148E+00    0.30951E-06
    0.50141E+00    0.27484E-06
    0.51153E+00    0.24342E-06
    0.52187E+00    0.21545E-06
    0.53241E+00    0.19043E-06
    0.54317E+00    0.16820E-06
    0.55414E+00    0.14935E-06
    0.56533E+00    0.13254E-06
    0.57675E+00    0.11761E-06
    0.58840E+00    0.10425E-06
    0.60029E+00    0.92315E-07
    0.61242E+00    0.81673E-07
    0.62479E+00    0.72208E-07
    0.63741E+00    0.63810E-07
    0.65029E+00    0.56371E-07
    0.66342E+00    0.49795E-07
    0.67683E+00    0.43990E-07
    0.69050E+00    0.38873E-07
    0.70445E+00    0.34362E-07
    0.71868E+00    0.30383E-07
    0.73320E+00    0.26868E-07
    0.74801E+00    0.23762E-07
    0.76312E+00    0.21015E-07
    0.77854E+00    0.18583E-07
    0.79426E+00    0.16430E-07
    0.81031E+00    0.14522E-07
    0.82668E+00    0.12831E-07
    0.84338E+00    0.11332E-07
    0.86041E+00    0.10004E-07
    0.87780E+00    0.88275E-08
    0.89553E+00    0.77870E-08
    0.91362E+00    0.68672E-08
    0.93208E+00    0.60548E-08
    0.95091E+00    0.53377E-08
    0.97011E+00    0.47052E-08
    0.98971E+00    0.41475E-08
    0.10097E+01    0.36561E-08
    0.10301E+01    0.32232E-08
    0.10509E+01    0.28420E-08
    0.10721E+01    0.25061E-08
    0.10938E+01    0.22100E-08
    0.11159E+01    0.19491E-08
    0.11384E+01    0.17190E-08
    0.11614E+01    0.15161E-08
    0.11849E+01    0.13372E-08
    0.12088E+01    0.11793E-08
    0.12333E+01    0.10400E-08
    0.12582E+01    0.91710E-09
    0.12836E+01    0.80864E-09
    0.13095E+01    0.71294E-09
    0.13360E+01    0.62848E-09
    0.13630E+01    0.55395E-09
    0.13905E+01    0.48818E-09
    0.14186E+01    0.43015E-09
    0.14472E+01    0.37894E-09
    0.14765E+01    0.33376E-09
    0.15063E+01    0.29391E-09
    0.15367E+01    0.25875E-09
    0.15678E+01    0.22774E-09
    0.15994E+01    0.20041E-09
    0.16318E+01    0.17633E-09
    0.16647E+01    0.15512E-09
    0.16984E+01    0.13644E-09
    0.17327E+01    0.12000E-09
    0.17677E+01    0.10553E-09
    0.18034E+01    0.92805E-10
    0.18398E+01    0.81611E-10
    0.18770E+01    0.71768E-10
    0.19149E+01    0.63112E-10
    0.19536E+01    0.55500E-10
    0.19930E+01    0.48806E-10
    0.20333E+01    0.42918E-10
    0.20744E+01    0.37738E-10
    0.21163E+01    0.33182E-10
    0.21590E+01    0.29174E-10
    0.22026E+01    0.25648E-10
    0.22471E+01    0.22546E-10
    0.22925E+01    0.19817E-10
    0.23388E+01    0.17417E-10
    0.23861E+01    0.15306E-10
    0.24343E+01    0.13451E-10
    0.24835E+01    0.11820E-10
    0.25336E+01    0.10388E-10
    0.25848E+01    0.91293E-11
    0.26370E+01    0.80240E-11
    0.26903E+01    0.70534E-11
    0.27447E+01    0.62011E-11
    0.28001E+01    0.54527E-11
    0.28567E+01    0.47954E-11
    0.29144E+01    0.42176E-11
    0.29733E+01    0.37093E-11
    0.30333E+01    0.32620E-11
    0.30946E+01    0.28681E-11
    0.31571E+01    0.25211E-11
    0.32209E+01    0.22153E-11
    0.32860E+01    0.19457E-11
    0.33523E+01    0.17081E-11
    0.34201E+01    0.14986E-11
    0.34892E+01    0.13140E-11
    0.35596E+01    0.11517E-11
    0.36316E+01    0.10091E-11
    0.37049E+01    0.88398E-12
    0.37798E+01    0.77437E-12
    0.38561E+01    0.67841E-12
    0.39340E+01    0.59447E-12
    0.40135E+01    0.52110E-12
    0.40946E+01    0.45702E-12
    0.41773E+01    0.40106E-12
    0.42617E+01    0.35217E-12
    0.43478E+01    0.30940E-12
    0.44356E+01    0.27193E-12
    0.45252E+01    0.23908E-12
    0.46166E+01    0.21023E-12
    0.47099E+01    0.18488E-12
    0.48050E+01    0.16258E-12
    0.49021E+01    0.14295E-12
    0.50011E+01    0.12566E-12
    0.51021E+01    0.11042E-12
    0.52052E+01    0.96984E-13
    0.53104E+01    0.85152E-13
    0.54176E+01    0.74733E-13
    0.55271E+01    0.65562E-13
    0.56387E+01    0.57494E-13
    0.57526E+01    0.50398E-13
    0.58689E+01    0.44161E-13
    0.59874E+01    0.38680E-13
    0.61084E+01    0.33867E-13
    0.62318E+01    0.29641E-13
    0.63577E+01    0.25934E-13
    0.64861E+01    0.22686E-13
    0.66171E+01    0.19842E-13
    0.67508E+01    0.17355E-13
    0.68872E+01    0.15182E-13
    0.70263E+01    0.13283E-13
    0.71682E+01    0.11626E-13
    0.73130E+01    0.10180E-13
    0.74608E+01    0.89192E-14
    0.76115E+01    0.78194E-14
    0.77653E+01    0.68595E-14
    0.79221E+01    0.60201E-14
    0.80822E+01    0.52849E-14
    0.82454E+01    0.46399E-14
    0.84120E+01    0.40733E-14
    0.85819E+01    0.35750E-14
    0.87553E+01    0.31362E-14
    0.89322E+01    0.27496E-14
    0.91126E+01    0.24088E-14
    0.92967E+01    0.21082E-14
    0.94845E+01    0.18434E-14
    0.96761E+01    0.16107E-14
    0.98716E+01    0.14065E-14
    0.10071E+02    0.12279E-14
    0.10274E+02    0.10718E-14
    0.10482E+02    0.93558E-15
    0.10694E+02    0.81692E-15
    0.10910E+02    0.71365E-15
    0.11130E+02    0.62386E-15
    0.11355E+02    0.54584E-15
    0.11584E+02    0.47801E-15
    0.11818E+02    0.41892E-15
    0.12057E+02    0.36737E-15
    0.12301E+02    0.32231E-15
    0.12549E+02    0.28287E-15
    0.12803E+02    0.24831E-15
    0.13061E+02    0.21797E-15
    0.13325E+02    0.19133E-15
    0.13594E+02    0.16789E-15
    0.13869E+02    0.14728E-15
    0.14149E+02    0.12914E-15
    0.14435E+02    0.11319E-15
    0.14727E+02    0.99186E-16
    0.15024E+02    0.86897E-16
    0.15328E+02    0.76120E-16
    0.15637E+02    0.66675E-16
    0.15953E+02    0.58403E-16
    0.16275E+02    0.51162E-16
    0.16604E+02    0.44825E-16
    0.16940E+02    0.39282E-16
    0.17282E+02    0.34431E-16
    0.17631E+02    0.30182E-16
    0.17987E+02    0.26457E-16
    0.18351E+02    0.23187E-16
    0.18721E+02    0.20317E-16
    0.19099E+02    0.17795E-16
    0.19485E+02    0.15579E-16
    0.19879E+02    0.13630E-16
    0.20280E+02    0.11917E-16
    0.20690E+02    0.10410E-16
    0.21108E+02    0.90867E-17
    0.21535E+02    0.79271E-17
    0.21970E+02    0.69129E-17
    0.22413E+02    0.60274E-17
    0.22866E+02    0.52557E-17
    0.23328E+02    0.45839E-17
    0.23799E+02    0.39997E-17
    0.24280E+02    0.34924E-17
    0.24771E+02    0.30521E-17
    0.25271E+02    0.26701E-17
    0.25782E+02    0.23383E-17
    0.26302E+02    0.20493E-17
    0.26834E+02    0.17970E-17
    0.27376E+02    0.15760E-17
    0.27929E+02    0.13822E-17
    0.28493E+02    0.12118E-17
    0.29069E+02    0.10617E-17
    0.29656E+02    0.92948E-18
    0.30255E+02    0.81278E-18
    0.30866E+02    0.70974E-18
    0.31490E+02    0.61894E-18
    0.32126E+02    0.53925E-18
    0.32775E+02    0.46955E-18
    0.33437E+02    0.40879E-18
    0.34112E+02    0.35596E-18
    0.34801E+02    0.31014E-18
    0.35504E+02    0.27049E-18
    0.36222E+02    0.23622E-18
    0.36953E+02    0.20666E-18
    0.37700E+02    0.18118E-18
    0.38462E+02    0.15916E-18
    0.39239E+02    0.14005E-18
    0.40031E+02    0.12338E-18
    0.40840E+02    0.10877E-18
    0.41665E+02    0.95919E-19
    0.42507E+02    0.84566E-19
    0.43365E+02    0.74509E-19
    0.44241E+02    0.65575E-19
    0.45135E+02    0.57623E-19
    0.46047E+02    0.50534E-19
    0.46977E+02    0.44226E-19
    0.47926E+02    0.38638E-19
    0.48894E+02    0.33708E-19
    0.49882E+02    0.29374E-19
    0.50890E+02    0.25577E-19
    0.51918E+02    0.22261E-19
    0.52966E+02    0.19371E-19
    0.54036E+02    0.16860E-19
    0.55128E+02    0.14681E-19
    0.56242E+02    0.12794E-19
    0.57378E+02    0.11158E-19
    0.58537E+02    0.97381E-20
    0.59720E+02    0.85020E-20
    0.60926E+02    0.74240E-20
    0.62157E+02    0.64824E-20
    0.63412E+02    0.56587E-20
    0.64693E+02    0.49372E-20
    0.66000E+02    0.43047E-20
    0.67334E+02    0.37496E-20
    0.68694E+02    0.32624E-20
    0.70082E+02    0.28354E-20
    0.71497E+02    0.24623E-20
    0.72942E+02    0.21374E-20
    0.74415E+02    0.18551E-20
    0.75918E+02    0.16104E-20
    0.77452E+02    0.13986E-20
    0.79017E+02    0.12157E-20
    0.80613E+02    0.10580E-20
    0.82241E+02    0.92202E-21
    0.83903E+02    0.80496E-21
    0.85598E+02    0.70396E-21
    0.87327E+02    0.61641E-21
    0.89091E+02    0.54019E-21
    0.90891E+02    0.47358E-21
    0.92727E+02    0.41516E-21
    0.94600E+02    0.36377E-21
    0.96511E+02    0.31843E-21
    0.98461E+02    0.27837E-21
    0.10045E+03    0.24290E-21
    0.10248E+03    0.21147E-21
    0.10455E+03    0.18369E-21
    0.10666E+03    0.15925E-21
    0.10882E+03    0.15550E-21
    0.11101E+03    0.15541E-21
    0.11326E+03    0.15531E-21
    0.11554E+03    0.15522E-21
    0.11788E+03    0.15512E-21
    0.12026E+03    0.15503E-21
    0.12269E+03    0.15494E-21
    0.12517E+03    0.15484E-21
    0.12770E+03    0.15475E-21
    0.13028E+03    0.15465E-21
    0.13291E+03    0.15456E-21
    0.13559E+03    0.15447E-21
    0.13833E+03    0.15437E-21
    0.14113E+03    0.15428E-21
    0.14398E+03    0.15418E-21
    0.14689E+03    0.15409E-21
    0.14985E+03    0.15400E-21
    0.15288E+03    0.15390E-21
    0.15597E+03    0.15381E-21
    0.15912E+03    0.15372E-21
    0.16233E+03    0.15362E-21
    0.16561E+03    0.15353E-21
    0.16896E+03    0.15344E-21
    0.17237E+03    0.15334E-21
    0.17585E+03    0.15325E-21
    0.17941E+03    0.15316E-21
    0.18303E+03    0.15306E-21
    0.18673E+03    0.15297E-21
    0.19050E+03    0.15288E-21
    0.19435E+03    0.15278E-21
    0.19828E+03    0.15269E-21
    0.20228E+03    0.15260E-21
    0.20637E+03    0.15251E-21
    0.21054E+03    0.15241E-21
    0.21479E+03    0.15232E-21
    0.21913E+03    0.15223E-21
    0.22356E+03    0.15214E-21
