    0.10000E-03    0.27871E+00
    0.10202E-03    0.28418E+00
    0.10408E-03    0.28976E+00
    0.10618E-03    0.29544E+00
    0.10833E-03    0.30124E+00
    0.11052E-03    0.30715E+00
    0.11275E-03    0.31317E+00
    0.11503E-03    0.31932E+00
    0.11735E-03    0.32558E+00
    0.11972E-03    0.33197E+00
    0.12214E-03    0.33848E+00
    0.12461E-03    0.34512E+00
    0.12712E-03    0.35189E+00
    0.12969E-03    0.35879E+00
    0.13231E-03    0.36583E+00
    0.13499E-03    0.37301E+00
    0.13771E-03    0.38033E+00
    0.14049E-03    0.38779E+00
    0.14333E-03    0.39539E+00
    0.14623E-03    0.40315E+00
    0.14918E-03    0.41106E+00
    0.15220E-03    0.41912E+00
    0.15527E-03    0.42734E+00
    0.15841E-03    0.43572E+00
    0.16161E-03    0.44427E+00
    0.16487E-03    0.45298E+00
    0.16820E-03    0.46187E+00
    0.17160E-03    0.47093E+00
    0.17507E-03    0.48016E+00
    0.17860E-03    0.48958E+00
    0.18221E-03    0.49918E+00
    0.18589E-03    0.50897E+00
    0.18965E-03    0.51896E+00
    0.19348E-03    0.52913E+00
    0.19739E-03    0.53951E+00
    0.20138E-03    0.55009E+00
    0.20544E-03    0.56088E+00
    0.20959E-03    0.57188E+00
    0.21383E-03    0.58309E+00
    0.21815E-03    0.59452E+00
    0.22255E-03    0.60618E+00
    0.22705E-03    0.61807E+00
    0.23164E-03    0.63019E+00
    0.23632E-03    0.64254E+00
    0.24109E-03    0.65514E+00
    0.24596E-03    0.66798E+00
    0.25093E-03    0.68108E+00
    0.25600E-03    0.69443E+00
    0.26117E-03    0.70804E+00
    0.26645E-03    0.72192E+00
    0.27183E-03    0.73607E+00
    0.27732E-03    0.75050E+00
    0.28292E-03    0.76521E+00
    0.28864E-03    0.78020E+00
    0.29447E-03    0.79549E+00
    0.30042E-03    0.81108E+00
    0.30649E-03    0.82698E+00
    0.31268E-03    0.84318E+00
    0.31899E-03    0.85970E+00
    0.32544E-03    0.87655E+00
    0.33201E-03    0.89372E+00
    0.33872E-03    0.91123E+00
    0.34556E-03    0.92908E+00
    0.35254E-03    0.94727E+00
    0.35966E-03    0.96583E+00
    0.36693E-03    0.98474E+00
    0.37434E-03    0.10040E+01
    0.38190E-03    0.10237E+01
    0.38962E-03    0.10437E+01
    0.39749E-03    0.10642E+01
    0.40552E-03    0.10850E+01
    0.41371E-03    0.11062E+01
    0.42207E-03    0.11279E+01
    0.43060E-03    0.11500E+01
    0.43929E-03    0.11725E+01
    0.44817E-03    0.11954E+01
    0.45722E-03    0.12188E+01
    0.46646E-03    0.12426E+01
    0.47588E-03    0.12669E+01
    0.48550E-03    0.12917E+01
    0.49530E-03    0.13170E+01
    0.50531E-03    0.13427E+01
    0.51552E-03    0.13689E+01
    0.52593E-03    0.13957E+01
    0.53656E-03    0.14230E+01
    0.54739E-03    0.14508E+01
    0.55845E-03    0.14791E+01
    0.56973E-03    0.15080E+01
    0.58124E-03    0.15375E+01
    0.59299E-03    0.15675E+01
    0.60496E-03    0.15981E+01
    0.61719E-03    0.16293E+01
    0.62965E-03    0.16610E+01
    0.64237E-03    0.16934E+01
    0.65535E-03    0.17265E+01
    0.66859E-03    0.17601E+01
    0.68210E-03    0.17944E+01
    0.69588E-03    0.18294E+01
    0.70993E-03    0.18650E+01
    0.72427E-03    0.19014E+01
    0.73891E-03    0.19384E+01
    0.75383E-03    0.19761E+01
    0.76906E-03    0.20146E+01
    0.78460E-03    0.20537E+01
    0.80045E-03    0.20937E+01
    0.81662E-03    0.21344E+01
    0.83311E-03    0.21758E+01
    0.84994E-03    0.22181E+01
    0.86711E-03    0.22611E+01
    0.88463E-03    0.23050E+01
    0.90250E-03    0.23497E+01
    0.92073E-03    0.23953E+01
    0.93933E-03    0.24417E+01
    0.95831E-03    0.24890E+01
    0.97767E-03    0.25371E+01
    0.99742E-03    0.25862E+01
    0.10176E-02    0.26362E+01
    0.10381E-02    0.26872E+01
    0.10591E-02    0.27391E+01
    0.10805E-02    0.27919E+01
    0.11023E-02    0.28458E+01
    0.11246E-02    0.29006E+01
    0.11473E-02    0.29565E+01
    0.11705E-02    0.30134E+01
    0.11941E-02    0.30713E+01
    0.12182E-02    0.31303E+01
    0.12429E-02    0.31904E+01
    0.12680E-02    0.32516E+01
    0.12936E-02    0.33139E+01
    0.13197E-02    0.33773E+01
    0.13464E-02    0.34419E+01
    0.13736E-02    0.35077E+01
    0.14013E-02    0.35746E+01
    0.14296E-02    0.36428E+01
    0.14585E-02    0.37121E+01
    0.14880E-02    0.37827E+01
    0.15180E-02    0.38546E+01
    0.15487E-02    0.39277E+01
    0.15800E-02    0.40021E+01
    0.16119E-02    0.40778E+01
    0.16445E-02    0.41548E+01
    0.16777E-02    0.42332E+01
    0.17116E-02    0.43129E+01
    0.17462E-02    0.43940E+01
    0.17814E-02    0.44765E+01
    0.18174E-02    0.45603E+01
    0.18541E-02    0.46456E+01
    0.18916E-02    0.47323E+01
    0.19298E-02    0.48205E+01
    0.19688E-02    0.49101E+01
    0.20086E-02    0.50012E+01
    0.20491E-02    0.50938E+01
    0.20905E-02    0.51879E+01
    0.21328E-02    0.52834E+01
    0.21758E-02    0.53806E+01
    0.22198E-02    0.54792E+01
    0.22646E-02    0.55794E+01
    0.23104E-02    0.56811E+01
    0.23571E-02    0.57844E+01
    0.24047E-02    0.58893E+01
    0.24533E-02    0.59957E+01
    0.25028E-02    0.61037E+01
    0.25534E-02    0.62133E+01
    0.26050E-02    0.63245E+01
    0.26576E-02    0.64372E+01
    0.27113E-02    0.65516E+01
    0.27660E-02    0.66676E+01
    0.28219E-02    0.67851E+01
    0.28789E-02    0.69042E+01
    0.29371E-02    0.70249E+01
    0.29964E-02    0.71472E+01
    0.30569E-02    0.72711E+01
    0.31187E-02    0.73965E+01
    0.31817E-02    0.75235E+01
    0.32460E-02    0.76520E+01
    0.33115E-02    0.77820E+01
    0.33784E-02    0.79135E+01
    0.34467E-02    0.80465E+01
    0.35163E-02    0.81810E+01
    0.35874E-02    0.83169E+01
    0.36598E-02    0.84542E+01
    0.37338E-02    0.85930E+01
    0.38092E-02    0.87331E+01
    0.38861E-02    0.88745E+01
    0.39646E-02    0.90173E+01
    0.40447E-02    0.91613E+01
    0.41264E-02    0.93065E+01
    0.42098E-02    0.94530E+01
    0.42948E-02    0.96005E+01
    0.43816E-02    0.97492E+01
    0.44701E-02    0.98989E+01
    0.45604E-02    0.10050E+02
    0.46525E-02    0.10201E+02
    0.47465E-02    0.10354E+02
    0.48424E-02    0.10507E+02
    0.49402E-02    0.10662E+02
    0.50400E-02    0.10816E+02
    0.51419E-02    0.10972E+02
    0.52457E-02    0.11128E+02
    0.53517E-02    0.11285E+02
    0.54598E-02    0.11442E+02
    0.55701E-02    0.11600E+02
    0.56826E-02    0.11757E+02
    0.57974E-02    0.11915E+02
    0.59145E-02    0.12073E+02
    0.60340E-02    0.12232E+02
    0.61559E-02    0.12390E+02
    0.62803E-02    0.12548E+02
    0.64072E-02    0.12706E+02
    0.65366E-02    0.12863E+02
    0.66686E-02    0.13020E+02
    0.68033E-02    0.13176E+02
    0.69408E-02    0.13332E+02
    0.70810E-02    0.13487E+02
    0.72240E-02    0.13641E+02
    0.73700E-02    0.13794E+02
    0.75189E-02    0.13946E+02
    0.76708E-02    0.14097E+02
    0.78257E-02    0.14246E+02
    0.79838E-02    0.14394E+02
    0.81451E-02    0.14540E+02
    0.83096E-02    0.14684E+02
    0.84775E-02    0.14826E+02
    0.86488E-02    0.14966E+02
    0.88235E-02    0.15103E+02
    0.90017E-02    0.15238E+02
    0.91836E-02    0.15371E+02
    0.93691E-02    0.15500E+02
    0.95583E-02    0.15627E+02
    0.97514E-02    0.15750E+02
    0.99484E-02    0.15870E+02
    0.10149E-01    0.15987E+02
    0.10354E-01    0.16100E+02
    0.10564E-01    0.16208E+02
    0.10777E-01    0.16313E+02
    0.10995E-01    0.16413E+02
    0.11217E-01    0.16509E+02
    0.11443E-01    0.16600E+02
    0.11675E-01    0.16687E+02
    0.11910E-01    0.16767E+02
    0.12151E-01    0.16843E+02
    0.12397E-01    0.16915E+02
    0.12647E-01    0.16982E+02
    0.12902E-01    0.17042E+02
    0.13163E-01    0.17094E+02
    0.13429E-01    0.17141E+02
    0.13700E-01    0.17182E+02
    0.13977E-01    0.17215E+02
    0.14259E-01    0.17242E+02
    0.14547E-01    0.17262E+02
    0.14841E-01    0.17275E+02
    0.15141E-01    0.17281E+02
    0.15447E-01    0.17279E+02
    0.15759E-01    0.17269E+02
    0.16077E-01    0.17251E+02
    0.16402E-01    0.17225E+02
    0.16734E-01    0.17192E+02
    0.17072E-01    0.17151E+02
    0.17416E-01    0.17101E+02
    0.17768E-01    0.17044E+02
    0.18127E-01    0.16977E+02
    0.18493E-01    0.16903E+02
    0.18867E-01    0.16820E+02
    0.19248E-01    0.16728E+02
    0.19637E-01    0.16628E+02
    0.20034E-01    0.16520E+02
    0.20438E-01    0.16403E+02
    0.20851E-01    0.16278E+02
    0.21272E-01    0.16144E+02
    0.21702E-01    0.16002E+02
    0.22141E-01    0.15852E+02
    0.22588E-01    0.15695E+02
    0.23044E-01    0.15529E+02
    0.23510E-01    0.15356E+02
    0.23985E-01    0.15176E+02
    0.24469E-01    0.14989E+02
    0.24964E-01    0.14795E+02
    0.25468E-01    0.14595E+02
    0.25982E-01    0.14390E+02
    0.26507E-01    0.14178E+02
    0.27043E-01    0.13962E+02
    0.27589E-01    0.13741E+02
    0.28146E-01    0.13515E+02
    0.28715E-01    0.13287E+02
    0.29295E-01    0.13055E+02
    0.29887E-01    0.12820E+02
    0.30490E-01    0.12584E+02
    0.31106E-01    0.12346E+02
    0.31735E-01    0.12108E+02
    0.32376E-01    0.11869E+02
    0.33030E-01    0.11631E+02
    0.33697E-01    0.11394E+02
    0.34378E-01    0.11160E+02
    0.35072E-01    0.10927E+02
    0.35781E-01    0.10698E+02
    0.36504E-01    0.10472E+02
    0.37241E-01    0.10251E+02
    0.37993E-01    0.10034E+02
    0.38761E-01    0.98233E+01
    0.39544E-01    0.96180E+01
    0.40343E-01    0.94190E+01
    0.41158E-01    0.92265E+01
    0.41989E-01    0.90410E+01
    0.42838E-01    0.88627E+01
    0.43703E-01    0.86918E+01
    0.44586E-01    0.85284E+01
    0.45486E-01    0.83725E+01
    0.46405E-01    0.82242E+01
    0.47343E-01    0.80834E+01
    0.48299E-01    0.79497E+01
    0.49275E-01    0.78228E+01
    0.50270E-01    0.77025E+01
    0.51286E-01    0.75882E+01
    0.52322E-01    0.74792E+01
    0.53379E-01    0.73748E+01
    0.54457E-01    0.72743E+01
    0.55557E-01    0.71768E+01
    0.56680E-01    0.70813E+01
    0.57825E-01    0.69867E+01
    0.58993E-01    0.68919E+01
    0.60184E-01    0.67960E+01
    0.61400E-01    0.66976E+01
    0.62641E-01    0.65959E+01
    0.63906E-01    0.64896E+01
    0.65197E-01    0.63779E+01
    0.66514E-01    0.62600E+01
    0.67858E-01    0.61352E+01
    0.69229E-01    0.60031E+01
    0.70627E-01    0.58635E+01
    0.72054E-01    0.57162E+01
    0.73510E-01    0.55614E+01
    0.74994E-01    0.54002E+01
    0.76509E-01    0.52331E+01
    0.78055E-01    0.50615E+01
    0.79632E-01    0.48866E+01
    0.81241E-01    0.47101E+01
    0.82882E-01    0.45338E+01
    0.84556E-01    0.43594E+01
    0.86264E-01    0.41889E+01
    0.88007E-01    0.40241E+01
    0.89785E-01    0.38667E+01
    0.91598E-01    0.37183E+01
    0.93449E-01    0.35801E+01
    0.95337E-01    0.34532E+01
    0.97263E-01    0.33380E+01
    0.99227E-01    0.32350E+01
    0.10123E+00    0.31439E+01
    0.10328E+00    0.30642E+01
    0.10536E+00    0.29947E+01
    0.10749E+00    0.29342E+01
    0.10966E+00    0.28808E+01
    0.11188E+00    0.28325E+01
    0.11414E+00    0.27869E+01
    0.11644E+00    0.27416E+01
    0.11880E+00    0.26941E+01
    0.12120E+00    0.26423E+01
    0.12365E+00    0.25843E+01
    0.12614E+00    0.25190E+01
    0.12869E+00    0.24457E+01
    0.13129E+00    0.23644E+01
    0.13394E+00    0.22763E+01
    0.13665E+00    0.21828E+01
    0.13941E+00    0.20865E+01
    0.14223E+00    0.19898E+01
    0.14510E+00    0.18955E+01
    0.14803E+00    0.18063E+01
    0.15102E+00    0.17243E+01
    0.15407E+00    0.16513E+01
    0.15718E+00    0.15880E+01
    0.16036E+00    0.15346E+01
    0.16360E+00    0.14904E+01
    0.16690E+00    0.14537E+01
    0.17028E+00    0.14225E+01
    0.17371E+00    0.13942E+01
    0.17722E+00    0.13660E+01
    0.18080E+00    0.13354E+01
    0.18446E+00    0.13004E+01
    0.18818E+00    0.12599E+01
    0.19198E+00    0.12138E+01
    0.19586E+00    0.11632E+01
    0.19982E+00    0.11099E+01
    0.20386E+00    0.10563E+01
    0.20797E+00    0.10051E+01
    0.21218E+00    0.95827E+00
    0.21646E+00    0.91736E+00
    0.22083E+00    0.88285E+00
    0.22530E+00    0.85422E+00
    0.22985E+00    0.83013E+00
    0.23449E+00    0.80860E+00
    0.23923E+00    0.78744E+00
    0.24406E+00    0.76473E+00
    0.24899E+00    0.73928E+00
    0.25402E+00    0.71086E+00
    0.25915E+00    0.68022E+00
    0.26439E+00    0.64886E+00
    0.26973E+00    0.61853E+00
    0.27518E+00    0.59078E+00
    0.28074E+00    0.56650E+00
    0.28641E+00    0.54571E+00
    0.29219E+00    0.52764E+00
    0.29810E+00    0.51100E+00
    0.30412E+00    0.49440E+00
    0.31026E+00    0.47684E+00
    0.31653E+00    0.45801E+00
    0.32292E+00    0.43835E+00
    0.32945E+00    0.41878E+00
    0.33610E+00    0.40033E+00
    0.34289E+00    0.38364E+00
    0.34982E+00    0.36881E+00
    0.35689E+00    0.35537E+00
    0.36409E+00    0.34255E+00
    0.37145E+00    0.32969E+00
    0.37895E+00    0.31645E+00
    0.38661E+00    0.30302E+00
    0.39442E+00    0.28988E+00
    0.40239E+00    0.27754E+00
    0.41052E+00    0.26620E+00
    0.41881E+00    0.25572E+00
    0.42727E+00    0.24576E+00
    0.43590E+00    0.23595E+00
    0.44471E+00    0.22618E+00
    0.45369E+00    0.21655E+00
    0.46286E+00    0.20731E+00
    0.47221E+00    0.19862E+00
    0.48174E+00    0.19047E+00
    0.49148E+00    0.18269E+00
    0.50141E+00    0.17512E+00
    0.51153E+00    0.16772E+00
    0.52187E+00    0.16056E+00
    0.53241E+00    0.15372E+00
    0.54317E+00    0.14724E+00
    0.55414E+00    0.14105E+00
    0.56533E+00    0.13509E+00
    0.57675E+00    0.12933E+00
    0.58840E+00    0.12380E+00
    0.60029E+00    0.11849E+00
    0.61242E+00    0.11340E+00
    0.62479E+00    0.10851E+00
    0.63741E+00    0.10383E+00
    0.65029E+00    0.99335E-01
    0.66342E+00    0.95027E-01
    0.67683E+00    0.90896E-01
    0.69050E+00    0.86937E-01
    0.70445E+00    0.83143E-01
    0.71868E+00    0.79508E-01
    0.73320E+00    0.76024E-01
    0.74801E+00    0.72687E-01
    0.76312E+00    0.69490E-01
    0.77854E+00    0.66427E-01
    0.79426E+00    0.63494E-01
    0.81031E+00    0.60685E-01
    0.82668E+00    0.57995E-01
    0.84338E+00    0.55418E-01
    0.86041E+00    0.52952E-01
    0.87780E+00    0.50591E-01
    0.89553E+00    0.48330E-01
    0.91362E+00    0.46167E-01
    0.93208E+00    0.44097E-01
    0.95091E+00    0.42115E-01
    0.97011E+00    0.40220E-01
    0.98971E+00    0.38406E-01
    0.10097E+01    0.36671E-01
    0.10301E+01    0.35011E-01
    0.10509E+01    0.33424E-01
    0.10721E+01    0.31905E-01
    0.10938E+01    0.30454E-01
    0.11159E+01    0.29066E-01
    0.11384E+01    0.27739E-01
    0.11614E+01    0.26471E-01
    0.11849E+01    0.25259E-01
    0.12088E+01    0.24101E-01
    0.12333E+01    0.22994E-01
    0.12582E+01    0.21936E-01
    0.12836E+01    0.20926E-01
    0.13095E+01    0.19961E-01
    0.13360E+01    0.19038E-01
    0.13630E+01    0.18158E-01
    0.13905E+01    0.17316E-01
    0.14186E+01    0.16513E-01
    0.14472E+01    0.15746E-01
    0.14765E+01    0.15013E-01
    0.15063E+01    0.14313E-01
    0.15367E+01    0.13645E-01
    0.15678E+01    0.13007E-01
    0.15994E+01    0.12398E-01
    0.16318E+01    0.11817E-01
    0.16647E+01    0.11262E-01
    0.16984E+01    0.10733E-01
    0.17327E+01    0.10228E-01
    0.17677E+01    0.97456E-02
    0.18034E+01    0.92856E-02
    0.18398E+01    0.88468E-02
    0.18770E+01    0.84281E-02
    0.19149E+01    0.80288E-02
    0.19536E+01    0.76479E-02
    0.19930E+01    0.72847E-02
    0.20333E+01    0.69383E-02
    0.20744E+01    0.66079E-02
    0.21163E+01    0.62930E-02
    0.21590E+01    0.59927E-02
    0.22026E+01    0.57063E-02
    0.22471E+01    0.54334E-02
    0.22925E+01    0.51732E-02
    0.23388E+01    0.49252E-02
    0.23861E+01    0.46888E-02
    0.24343E+01    0.44636E-02
    0.24835E+01    0.42489E-02
    0.25336E+01    0.40443E-02
    0.25848E+01    0.38493E-02
    0.26370E+01    0.36635E-02
    0.26903E+01    0.34866E-02
    0.27447E+01    0.33179E-02
    0.28001E+01    0.31573E-02
    0.28567E+01    0.30043E-02
    0.29144E+01    0.28585E-02
    0.29733E+01    0.27197E-02
    0.30333E+01    0.25874E-02
    0.30946E+01    0.24615E-02
    0.31571E+01    0.23416E-02
    0.32209E+01    0.22274E-02
    0.32860E+01    0.21187E-02
    0.33523E+01    0.20152E-02
    0.34201E+01    0.19166E-02
    0.34892E+01    0.18228E-02
    0.35596E+01    0.17335E-02
    0.36316E+01    0.16485E-02
    0.37049E+01    0.15676E-02
    0.37798E+01    0.14906E-02
    0.38561E+01    0.14173E-02
    0.39340E+01    0.13476E-02
    0.40135E+01    0.12812E-02
    0.40946E+01    0.12180E-02
    0.41773E+01    0.11579E-02
    0.42617E+01    0.11008E-02
    0.43478E+01    0.10464E-02
    0.44356E+01    0.99460E-03
    0.45252E+01    0.94536E-03
    0.46166E+01    0.89852E-03
    0.47099E+01    0.85396E-03
    0.48050E+01    0.81157E-03
    0.49021E+01    0.77126E-03
    0.50011E+01    0.73292E-03
    0.51021E+01    0.69645E-03
    0.52052E+01    0.66177E-03
    0.53104E+01    0.62879E-03
    0.54176E+01    0.59743E-03
    0.55271E+01    0.56761E-03
    0.56387E+01    0.53926E-03
    0.57526E+01    0.51230E-03
    0.58689E+01    0.48668E-03
    0.59874E+01    0.46231E-03
    0.61084E+01    0.43915E-03
    0.62318E+01    0.41713E-03
    0.63577E+01    0.39620E-03
    0.64861E+01    0.37631E-03
    0.66171E+01    0.35740E-03
    0.67508E+01    0.33943E-03
    0.68872E+01    0.32236E-03
    0.70263E+01    0.30613E-03
    0.71682E+01    0.29070E-03
    0.73130E+01    0.27605E-03
    0.74608E+01    0.26212E-03
    0.76115E+01    0.24888E-03
    0.77653E+01    0.23631E-03
    0.79221E+01    0.22436E-03
    0.80822E+01    0.21301E-03
    0.82454E+01    0.20223E-03
    0.84120E+01    0.19198E-03
    0.85819E+01    0.18225E-03
    0.87553E+01    0.17301E-03
    0.89322E+01    0.16423E-03
    0.91126E+01    0.15589E-03
    0.92967E+01    0.14796E-03
    0.94845E+01    0.14044E-03
    0.96761E+01    0.13329E-03
    0.98716E+01    0.12651E-03
    0.10071E+02    0.12006E-03
    0.10274E+02    0.11394E-03
    0.10482E+02    0.10813E-03
    0.10694E+02    0.10261E-03
    0.10910E+02    0.97372E-04
    0.11130E+02    0.92396E-04
    0.11355E+02    0.87673E-04
    0.11584E+02    0.83188E-04
    0.11818E+02    0.78930E-04
    0.12057E+02    0.74888E-04
    0.12301E+02    0.71050E-04
    0.12549E+02    0.67408E-04
    0.12803E+02    0.63950E-04
    0.13061E+02    0.60667E-04
    0.13325E+02    0.57552E-04
    0.13594E+02    0.54594E-04
    0.13869E+02    0.51788E-04
    0.14149E+02    0.49124E-04
    0.14435E+02    0.46595E-04
    0.14727E+02    0.44196E-04
    0.15024E+02    0.41919E-04
    0.15328E+02    0.39758E-04
    0.15637E+02    0.37707E-04
    0.15953E+02    0.35762E-04
    0.16275E+02    0.33915E-04
    0.16604E+02    0.32163E-04
    0.16940E+02    0.30501E-04
    0.17282E+02    0.28924E-04
    0.17631E+02    0.27428E-04
    0.17987E+02    0.26008E-04
    0.18351E+02    0.24661E-04
    0.18721E+02    0.23383E-04
    0.19099E+02    0.22171E-04
    0.19485E+02    0.21022E-04
    0.19879E+02    0.19931E-04
    0.20280E+02    0.18896E-04
    0.20690E+02    0.17915E-04
    0.21108E+02    0.16984E-04
    0.21535E+02    0.16101E-04
    0.21970E+02    0.15264E-04
    0.22413E+02    0.14470E-04
    0.22866E+02    0.13716E-04
    0.23328E+02    0.13002E-04
    0.23799E+02    0.12324E-04
    0.24280E+02    0.11682E-04
    0.24771E+02    0.11073E-04
    0.25271E+02    0.10495E-04
    0.25782E+02    0.99472E-05
    0.26302E+02    0.94278E-05
    0.26834E+02    0.89352E-05
    0.27376E+02    0.84682E-05
    0.27929E+02    0.80254E-05
    0.28493E+02    0.76056E-05
    0.29069E+02    0.72075E-05
    0.29656E+02    0.68301E-05
    0.30255E+02    0.64723E-05
    0.30866E+02    0.61332E-05
    0.31490E+02    0.58116E-05
    0.32126E+02    0.55068E-05
    0.32775E+02    0.52178E-05
    0.33437E+02    0.49439E-05
    0.34112E+02    0.46843E-05
    0.34801E+02    0.44382E-05
    0.35504E+02    0.42049E-05
    0.36222E+02    0.39838E-05
    0.36953E+02    0.37743E-05
    0.37700E+02    0.35756E-05
    0.38462E+02    0.33874E-05
    0.39239E+02    0.32090E-05
    0.40031E+02    0.30399E-05
    0.40840E+02    0.28796E-05
    0.41665E+02    0.27278E-05
    0.42507E+02    0.25839E-05
    0.43365E+02    0.24475E-05
    0.44241E+02    0.23183E-05
    0.45135E+02    0.21958E-05
    0.46047E+02    0.20798E-05
    0.46977E+02    0.19698E-05
    0.47926E+02    0.18656E-05
    0.48894E+02    0.17669E-05
    0.49882E+02    0.16734E-05
    0.50890E+02    0.15848E-05
    0.51918E+02    0.15008E-05
    0.52966E+02    0.14213E-05
    0.54036E+02    0.13459E-05
    0.55128E+02    0.12746E-05
    0.56242E+02    0.12069E-05
    0.57378E+02    0.11428E-05
    0.58537E+02    0.10822E-05
    0.59720E+02    0.10247E-05
    0.60926E+02    0.97020E-06
    0.62157E+02    0.91860E-06
    0.63412E+02    0.86974E-06
    0.64693E+02    0.82345E-06
    0.66000E+02    0.77960E-06
    0.67334E+02    0.73808E-06
    0.68694E+02    0.69874E-06
    0.70082E+02    0.66149E-06
    0.71497E+02    0.62621E-06
    0.72942E+02    0.59279E-06
    0.74415E+02    0.56115E-06
    0.75918E+02    0.53118E-06
    0.77452E+02    0.50279E-06
    0.79017E+02    0.47592E-06
    0.80613E+02    0.45046E-06
    0.82241E+02    0.42636E-06
    0.83903E+02    0.40353E-06
    0.85598E+02    0.38192E-06
    0.87327E+02    0.36145E-06
    0.89091E+02    0.34208E-06
    0.90891E+02    0.32373E-06
    0.92727E+02    0.30635E-06
    0.94600E+02    0.28990E-06
    0.96511E+02    0.27433E-06
    0.98461E+02    0.25958E-06
    0.10045E+03    0.24562E-06
    0.10248E+03    0.23241E-06
    0.10455E+03    0.21990E-06
    0.10666E+03    0.20805E-06
    0.10882E+03    0.19684E-06
    0.11101E+03    0.18622E-06
    0.11326E+03    0.17617E-06
    0.11554E+03    0.16666E-06
    0.11788E+03    0.15766E-06
    0.12026E+03    0.14913E-06
    0.12269E+03    0.14107E-06
    0.12517E+03    0.13343E-06
    0.12770E+03    0.12620E-06
    0.13028E+03    0.11936E-06
    0.13291E+03    0.11289E-06
    0.13559E+03    0.10676E-06
    0.13833E+03    0.10096E-06
    0.14113E+03    0.95472E-07
    0.14398E+03    0.90279E-07
    0.14689E+03    0.85365E-07
    0.14985E+03    0.80716E-07
    0.15288E+03    0.76316E-07
    0.15597E+03    0.72153E-07
    0.15912E+03    0.68214E-07
    0.16233E+03    0.64487E-07
    0.16561E+03    0.60960E-07
    0.16896E+03    0.57623E-07
    0.17237E+03    0.54465E-07
    0.17585E+03    0.51477E-07
    0.17941E+03    0.48649E-07
    0.18303E+03    0.45973E-07
    0.18673E+03    0.43441E-07
    0.19050E+03    0.41046E-07
    0.19435E+03    0.38780E-07
    0.19828E+03    0.36637E-07
    0.20228E+03    0.34611E-07
    0.20637E+03    0.32695E-07
    0.21054E+03    0.30884E-07
    0.21479E+03    0.29173E-07
    0.21913E+03    0.27556E-07
    0.22356E+03    0.26029E-07
