    0.10000E-03    0.24242E+00
    0.10202E-03    0.24721E+00
    0.10408E-03    0.25210E+00
    0.10618E-03    0.25708E+00
    0.10833E-03    0.26217E+00
    0.11052E-03    0.26735E+00
    0.11275E-03    0.27263E+00
    0.11503E-03    0.27802E+00
    0.11735E-03    0.28352E+00
    0.11972E-03    0.28912E+00
    0.12214E-03    0.29484E+00
    0.12461E-03    0.30067E+00
    0.12712E-03    0.30661E+00
    0.12969E-03    0.31267E+00
    0.13231E-03    0.31886E+00
    0.13499E-03    0.32516E+00
    0.13771E-03    0.33159E+00
    0.14049E-03    0.33814E+00
    0.14333E-03    0.34483E+00
    0.14623E-03    0.35164E+00
    0.14918E-03    0.35859E+00
    0.15220E-03    0.36568E+00
    0.15527E-03    0.37291E+00
    0.15841E-03    0.38028E+00
    0.16161E-03    0.38780E+00
    0.16487E-03    0.39546E+00
    0.16820E-03    0.40328E+00
    0.17160E-03    0.41125E+00
    0.17507E-03    0.41938E+00
    0.17860E-03    0.42767E+00
    0.18221E-03    0.43612E+00
    0.18589E-03    0.44474E+00
    0.18965E-03    0.45353E+00
    0.19348E-03    0.46249E+00
    0.19739E-03    0.47164E+00
    0.20138E-03    0.48096E+00
    0.20544E-03    0.49046E+00
    0.20959E-03    0.50015E+00
    0.21383E-03    0.51004E+00
    0.21815E-03    0.52012E+00
    0.22255E-03    0.53039E+00
    0.22705E-03    0.54087E+00
    0.23164E-03    0.55156E+00
    0.23632E-03    0.56246E+00
    0.24109E-03    0.57357E+00
    0.24596E-03    0.58491E+00
    0.25093E-03    0.59646E+00
    0.25600E-03    0.60825E+00
    0.26117E-03    0.62026E+00
    0.26645E-03    0.63252E+00
    0.27183E-03    0.64501E+00
    0.27732E-03    0.65775E+00
    0.28292E-03    0.67075E+00
    0.28864E-03    0.68399E+00
    0.29447E-03    0.69750E+00
    0.30042E-03    0.71128E+00
    0.30649E-03    0.72533E+00
    0.31268E-03    0.73965E+00
    0.31899E-03    0.75426E+00
    0.32544E-03    0.76915E+00
    0.33201E-03    0.78434E+00
    0.33872E-03    0.79983E+00
    0.34556E-03    0.81562E+00
    0.35254E-03    0.83172E+00
    0.35966E-03    0.84814E+00
    0.36693E-03    0.86488E+00
    0.37434E-03    0.88195E+00
    0.38190E-03    0.89936E+00
    0.38962E-03    0.91711E+00
    0.39749E-03    0.93521E+00
    0.40552E-03    0.95366E+00
    0.41371E-03    0.97248E+00
    0.42207E-03    0.99166E+00
    0.43060E-03    0.10112E+01
    0.43929E-03    0.10312E+01
    0.44817E-03    0.10515E+01
    0.45722E-03    0.10722E+01
    0.46646E-03    0.10934E+01
    0.47588E-03    0.11149E+01
    0.48550E-03    0.11369E+01
    0.49530E-03    0.11593E+01
    0.50531E-03    0.11822E+01
    0.51552E-03    0.12055E+01
    0.52593E-03    0.12292E+01
    0.53656E-03    0.12535E+01
    0.54739E-03    0.12781E+01
    0.55845E-03    0.13033E+01
    0.56973E-03    0.13290E+01
    0.58124E-03    0.13552E+01
    0.59299E-03    0.13818E+01
    0.60496E-03    0.14090E+01
    0.61719E-03    0.14368E+01
    0.62965E-03    0.14650E+01
    0.64237E-03    0.14938E+01
    0.65535E-03    0.15232E+01
    0.66859E-03    0.15532E+01
    0.68210E-03    0.15837E+01
    0.69588E-03    0.16148E+01
    0.70993E-03    0.16466E+01
    0.72427E-03    0.16789E+01
    0.73891E-03    0.17119E+01
    0.75383E-03    0.17455E+01
    0.76906E-03    0.17797E+01
    0.78460E-03    0.18147E+01
    0.80045E-03    0.18503E+01
    0.81662E-03    0.18865E+01
    0.83311E-03    0.19235E+01
    0.84994E-03    0.19612E+01
    0.86711E-03    0.19996E+01
    0.88463E-03    0.20388E+01
    0.90250E-03    0.20787E+01
    0.92073E-03    0.21194E+01
    0.93933E-03    0.21608E+01
    0.95831E-03    0.22030E+01
    0.97767E-03    0.22461E+01
    0.99742E-03    0.22900E+01
    0.10176E-02    0.23347E+01
    0.10381E-02    0.23802E+01
    0.10591E-02    0.24266E+01
    0.10805E-02    0.24739E+01
    0.11023E-02    0.25221E+01
    0.11246E-02    0.25712E+01
    0.11473E-02    0.26212E+01
    0.11705E-02    0.26721E+01
    0.11941E-02    0.27241E+01
    0.12182E-02    0.27769E+01
    0.12429E-02    0.28308E+01
    0.12680E-02    0.28857E+01
    0.12936E-02    0.29416E+01
    0.13197E-02    0.29985E+01
    0.13464E-02    0.30565E+01
    0.13736E-02    0.31155E+01
    0.14013E-02    0.31756E+01
    0.14296E-02    0.32368E+01
    0.14585E-02    0.32992E+01
    0.14880E-02    0.33627E+01
    0.15180E-02    0.34273E+01
    0.15487E-02    0.34931E+01
    0.15800E-02    0.35601E+01
    0.16119E-02    0.36283E+01
    0.16445E-02    0.36977E+01
    0.16777E-02    0.37683E+01
    0.17116E-02    0.38402E+01
    0.17462E-02    0.39133E+01
    0.17814E-02    0.39878E+01
    0.18174E-02    0.40635E+01
    0.18541E-02    0.41406E+01
    0.18916E-02    0.42189E+01
    0.19298E-02    0.42987E+01
    0.19688E-02    0.43797E+01
    0.20086E-02    0.44622E+01
    0.20491E-02    0.45461E+01
    0.20905E-02    0.46313E+01
    0.21328E-02    0.47180E+01
    0.21758E-02    0.48061E+01
    0.22198E-02    0.48957E+01
    0.22646E-02    0.49867E+01
    0.23104E-02    0.50792E+01
    0.23571E-02    0.51732E+01
    0.24047E-02    0.52686E+01
    0.24533E-02    0.53656E+01
    0.25028E-02    0.54641E+01
    0.25534E-02    0.55641E+01
    0.26050E-02    0.56656E+01
    0.26576E-02    0.57687E+01
    0.27113E-02    0.58733E+01
    0.27660E-02    0.59794E+01
    0.28219E-02    0.60871E+01
    0.28789E-02    0.61964E+01
    0.29371E-02    0.63072E+01
    0.29964E-02    0.64196E+01
    0.30569E-02    0.65335E+01
    0.31187E-02    0.66489E+01
    0.31817E-02    0.67660E+01
    0.32460E-02    0.68845E+01
    0.33115E-02    0.70046E+01
    0.33784E-02    0.71263E+01
    0.34467E-02    0.72494E+01
    0.35163E-02    0.73741E+01
    0.35874E-02    0.75003E+01
    0.36598E-02    0.76279E+01
    0.37338E-02    0.77570E+01
    0.38092E-02    0.78876E+01
    0.38861E-02    0.80196E+01
    0.39646E-02    0.81530E+01
    0.40447E-02    0.82878E+01
    0.41264E-02    0.84240E+01
    0.42098E-02    0.85615E+01
    0.42948E-02    0.87003E+01
    0.43816E-02    0.88404E+01
    0.44701E-02    0.89817E+01
    0.45604E-02    0.91242E+01
    0.46525E-02    0.92679E+01
    0.47465E-02    0.94127E+01
    0.48424E-02    0.95586E+01
    0.49402E-02    0.97056E+01
    0.50400E-02    0.98535E+01
    0.51419E-02    0.10002E+02
    0.52457E-02    0.10152E+02
    0.53517E-02    0.10303E+02
    0.54598E-02    0.10454E+02
    0.55701E-02    0.10606E+02
    0.56826E-02    0.10759E+02
    0.57974E-02    0.10913E+02
    0.59145E-02    0.11067E+02
    0.60340E-02    0.11221E+02
    0.61559E-02    0.11376E+02
    0.62803E-02    0.11531E+02
    0.64072E-02    0.11686E+02
    0.65366E-02    0.11842E+02
    0.66686E-02    0.11998E+02
    0.68033E-02    0.12153E+02
    0.69408E-02    0.12309E+02
    0.70810E-02    0.12464E+02
    0.72240E-02    0.12619E+02
    0.73700E-02    0.12773E+02
    0.75189E-02    0.12927E+02
    0.76708E-02    0.13081E+02
    0.78257E-02    0.13233E+02
    0.79838E-02    0.13385E+02
    0.81451E-02    0.13535E+02
    0.83096E-02    0.13685E+02
    0.84775E-02    0.13833E+02
    0.86488E-02    0.13980E+02
    0.88235E-02    0.14125E+02
    0.90017E-02    0.14268E+02
    0.91836E-02    0.14410E+02
    0.93691E-02    0.14549E+02
    0.95583E-02    0.14686E+02
    0.97514E-02    0.14820E+02
    0.99484E-02    0.14952E+02
    0.10149E-01    0.15082E+02
    0.10354E-01    0.15208E+02
    0.10564E-01    0.15331E+02
    0.10777E-01    0.15450E+02
    0.10995E-01    0.15566E+02
    0.11217E-01    0.15679E+02
    0.11443E-01    0.15787E+02
    0.11675E-01    0.15891E+02
    0.11910E-01    0.15991E+02
    0.12151E-01    0.16086E+02
    0.12397E-01    0.16176E+02
    0.12647E-01    0.16262E+02
    0.12902E-01    0.16342E+02
    0.13163E-01    0.16416E+02
    0.13429E-01    0.16485E+02
    0.13700E-01    0.16548E+02
    0.13977E-01    0.16605E+02
    0.14259E-01    0.16656E+02
    0.14547E-01    0.16701E+02
    0.14841E-01    0.16738E+02
    0.15141E-01    0.16769E+02
    0.15447E-01    0.16793E+02
    0.15759E-01    0.16809E+02
    0.16077E-01    0.16818E+02
    0.16402E-01    0.16820E+02
    0.16734E-01    0.16813E+02
    0.17072E-01    0.16799E+02
    0.17416E-01    0.16777E+02
    0.17768E-01    0.16746E+02
    0.18127E-01    0.16708E+02
    0.18493E-01    0.16660E+02
    0.18867E-01    0.16605E+02
    0.19248E-01    0.16541E+02
    0.19637E-01    0.16468E+02
    0.20034E-01    0.16387E+02
    0.20438E-01    0.16298E+02
    0.20851E-01    0.16199E+02
    0.21272E-01    0.16093E+02
    0.21702E-01    0.15977E+02
    0.22141E-01    0.15854E+02
    0.22588E-01    0.15722E+02
    0.23044E-01    0.15582E+02
    0.23510E-01    0.15434E+02
    0.23985E-01    0.15278E+02
    0.24469E-01    0.15115E+02
    0.24964E-01    0.14945E+02
    0.25468E-01    0.14767E+02
    0.25982E-01    0.14583E+02
    0.26507E-01    0.14393E+02
    0.27043E-01    0.14196E+02
    0.27589E-01    0.13995E+02
    0.28146E-01    0.13787E+02
    0.28715E-01    0.13576E+02
    0.29295E-01    0.13360E+02
    0.29887E-01    0.13140E+02
    0.30490E-01    0.12918E+02
    0.31106E-01    0.12692E+02
    0.31735E-01    0.12465E+02
    0.32376E-01    0.12237E+02
    0.33030E-01    0.12007E+02
    0.33697E-01    0.11777E+02
    0.34378E-01    0.11548E+02
    0.35072E-01    0.11320E+02
    0.35781E-01    0.11093E+02
    0.36504E-01    0.10869E+02
    0.37241E-01    0.10648E+02
    0.37993E-01    0.10430E+02
    0.38761E-01    0.10215E+02
    0.39544E-01    0.10006E+02
    0.40343E-01    0.98009E+01
    0.41158E-01    0.96015E+01
    0.41989E-01    0.94080E+01
    0.42838E-01    0.92206E+01
    0.43703E-01    0.90397E+01
    0.44586E-01    0.88654E+01
    0.45486E-01    0.86981E+01
    0.46405E-01    0.85377E+01
    0.47343E-01    0.83843E+01
    0.48299E-01    0.82378E+01
    0.49275E-01    0.80981E+01
    0.50270E-01    0.79649E+01
    0.51286E-01    0.78379E+01
    0.52322E-01    0.77167E+01
    0.53379E-01    0.76008E+01
    0.54457E-01    0.74895E+01
    0.55557E-01    0.73822E+01
    0.56680E-01    0.72780E+01
    0.57825E-01    0.71761E+01
    0.58993E-01    0.70755E+01
    0.60184E-01    0.69753E+01
    0.61400E-01    0.68745E+01
    0.62641E-01    0.67721E+01
    0.63906E-01    0.66670E+01
    0.65197E-01    0.65583E+01
    0.66514E-01    0.64451E+01
    0.67858E-01    0.63267E+01
    0.69229E-01    0.62023E+01
    0.70627E-01    0.60716E+01
    0.72054E-01    0.59341E+01
    0.73510E-01    0.57899E+01
    0.74994E-01    0.56389E+01
    0.76509E-01    0.54819E+01
    0.78055E-01    0.53194E+01
    0.79632E-01    0.51525E+01
    0.81241E-01    0.49823E+01
    0.82882E-01    0.48102E+01
    0.84556E-01    0.46378E+01
    0.86264E-01    0.44667E+01
    0.88007E-01    0.42987E+01
    0.89785E-01    0.41355E+01
    0.91598E-01    0.39788E+01
    0.93449E-01    0.38299E+01
    0.95337E-01    0.36901E+01
    0.97263E-01    0.35606E+01
    0.99227E-01    0.34420E+01
    0.10123E+00    0.33346E+01
    0.10328E+00    0.32385E+01
    0.10536E+00    0.31533E+01
    0.10749E+00    0.30781E+01
    0.10966E+00    0.30118E+01
    0.11188E+00    0.29528E+01
    0.11414E+00    0.28993E+01
    0.11644E+00    0.28492E+01
    0.11880E+00    0.28003E+01
    0.12120E+00    0.27502E+01
    0.12365E+00    0.26969E+01
    0.12614E+00    0.26387E+01
    0.12869E+00    0.25740E+01
    0.13129E+00    0.25023E+01
    0.13394E+00    0.24233E+01
    0.13665E+00    0.23377E+01
    0.13941E+00    0.22469E+01
    0.14223E+00    0.21526E+01
    0.14510E+00    0.20574E+01
    0.14803E+00    0.19637E+01
    0.15102E+00    0.18740E+01
    0.15407E+00    0.17905E+01
    0.15718E+00    0.17149E+01
    0.16036E+00    0.16484E+01
    0.16360E+00    0.15912E+01
    0.16690E+00    0.15429E+01
    0.17028E+00    0.15023E+01
    0.17371E+00    0.14675E+01
    0.17722E+00    0.14364E+01
    0.18080E+00    0.14063E+01
    0.18446E+00    0.13748E+01
    0.18818E+00    0.13398E+01
    0.19198E+00    0.13001E+01
    0.19586E+00    0.12552E+01
    0.19982E+00    0.12058E+01
    0.20386E+00    0.11533E+01
    0.20797E+00    0.11000E+01
    0.21218E+00    0.10481E+01
    0.21646E+00    0.99987E+00
    0.22083E+00    0.95684E+00
    0.22530E+00    0.91981E+00
    0.22985E+00    0.88860E+00
    0.23449E+00    0.86218E+00
    0.23923E+00    0.83885E+00
    0.24406E+00    0.81659E+00
    0.24899E+00    0.79349E+00
    0.25402E+00    0.76817E+00
    0.25915E+00    0.74012E+00
    0.26439E+00    0.70976E+00
    0.26973E+00    0.67829E+00
    0.27518E+00    0.64735E+00
    0.28074E+00    0.61846E+00
    0.28641E+00    0.59269E+00
    0.29219E+00    0.57032E+00
    0.29810E+00    0.55084E+00
    0.30412E+00    0.53316E+00
    0.31026E+00    0.51596E+00
    0.31653E+00    0.49817E+00
    0.32292E+00    0.47926E+00
    0.32945E+00    0.45944E+00
    0.33610E+00    0.43946E+00
    0.34289E+00    0.42028E+00
    0.34982E+00    0.40266E+00
    0.35689E+00    0.38686E+00
    0.36409E+00    0.37258E+00
    0.37145E+00    0.35916E+00
    0.37895E+00    0.34590E+00
    0.38661E+00    0.33240E+00
    0.39442E+00    0.31866E+00
    0.40239E+00    0.30508E+00
    0.41052E+00    0.29215E+00
    0.41881E+00    0.28016E+00
    0.42727E+00    0.26910E+00
    0.43590E+00    0.25866E+00
    0.44471E+00    0.24849E+00
    0.45369E+00    0.23839E+00
    0.46286E+00    0.22841E+00
    0.47221E+00    0.21875E+00
    0.48174E+00    0.20962E+00
    0.49148E+00    0.20103E+00
    0.50141E+00    0.19287E+00
    0.51153E+00    0.18498E+00
    0.52187E+00    0.17727E+00
    0.53241E+00    0.16978E+00
    0.54317E+00    0.16260E+00
    0.55414E+00    0.15578E+00
    0.56533E+00    0.14928E+00
    0.57675E+00    0.14303E+00
    0.58840E+00    0.13698E+00
    0.60029E+00    0.13116E+00
    0.61242E+00    0.12557E+00
    0.62479E+00    0.12022E+00
    0.63741E+00    0.11509E+00
    0.65029E+00    0.11016E+00
    0.66342E+00    0.10544E+00
    0.67683E+00    0.10091E+00
    0.69050E+00    0.96572E-01
    0.70445E+00    0.92406E-01
    0.71868E+00    0.88411E-01
    0.73320E+00    0.84579E-01
    0.74801E+00    0.80905E-01
    0.76312E+00    0.77382E-01
    0.77854E+00    0.74004E-01
    0.79426E+00    0.70767E-01
    0.81031E+00    0.67665E-01
    0.82668E+00    0.64693E-01
    0.84338E+00    0.61845E-01
    0.86041E+00    0.59118E-01
    0.87780E+00    0.56506E-01
    0.89553E+00    0.54004E-01
    0.91362E+00    0.51609E-01
    0.93208E+00    0.49316E-01
    0.95091E+00    0.47121E-01
    0.97011E+00    0.45020E-01
    0.98971E+00    0.43008E-01
    0.10097E+01    0.41083E-01
    0.10301E+01    0.39241E-01
    0.10509E+01    0.37478E-01
    0.10721E+01    0.35792E-01
    0.10938E+01    0.34178E-01
    0.11159E+01    0.32635E-01
    0.11384E+01    0.31159E-01
    0.11614E+01    0.29747E-01
    0.11849E+01    0.28397E-01
    0.12088E+01    0.27106E-01
    0.12333E+01    0.25871E-01
    0.12582E+01    0.24691E-01
    0.12836E+01    0.23563E-01
    0.13095E+01    0.22485E-01
    0.13360E+01    0.21454E-01
    0.13630E+01    0.20470E-01
    0.13905E+01    0.19529E-01
    0.14186E+01    0.18629E-01
    0.14472E+01    0.17770E-01
    0.14765E+01    0.16950E-01
    0.15063E+01    0.16166E-01
    0.15367E+01    0.15417E-01
    0.15678E+01    0.14702E-01
    0.15994E+01    0.14019E-01
    0.16318E+01    0.13367E-01
    0.16647E+01    0.12744E-01
    0.16984E+01    0.12150E-01
    0.17327E+01    0.11582E-01
    0.17677E+01    0.11041E-01
    0.18034E+01    0.10524E-01
    0.18398E+01    0.10030E-01
    0.18770E+01    0.95589E-02
    0.19149E+01    0.91094E-02
    0.19536E+01    0.86805E-02
    0.19930E+01    0.82712E-02
    0.20333E+01    0.78807E-02
    0.20744E+01    0.75082E-02
    0.21163E+01    0.71529E-02
    0.21590E+01    0.68140E-02
    0.22026E+01    0.64907E-02
    0.22471E+01    0.61824E-02
    0.22925E+01    0.58884E-02
    0.23388E+01    0.56081E-02
    0.23861E+01    0.53408E-02
    0.24343E+01    0.50859E-02
    0.24835E+01    0.48430E-02
    0.25336E+01    0.46113E-02
    0.25848E+01    0.43906E-02
    0.26370E+01    0.41801E-02
    0.26903E+01    0.39795E-02
    0.27447E+01    0.37883E-02
    0.28001E+01    0.36061E-02
    0.28567E+01    0.34325E-02
    0.29144E+01    0.32671E-02
    0.29733E+01    0.31095E-02
    0.30333E+01    0.29593E-02
    0.30946E+01    0.28162E-02
    0.31571E+01    0.26799E-02
    0.32209E+01    0.25501E-02
    0.32860E+01    0.24264E-02
    0.33523E+01    0.23086E-02
    0.34201E+01    0.21965E-02
    0.34892E+01    0.20896E-02
    0.35596E+01    0.19879E-02
    0.36316E+01    0.18911E-02
    0.37049E+01    0.17988E-02
    0.37798E+01    0.17110E-02
    0.38561E+01    0.16274E-02
    0.39340E+01    0.15478E-02
    0.40135E+01    0.14721E-02
    0.40946E+01    0.13999E-02
    0.41773E+01    0.13313E-02
    0.42617E+01    0.12659E-02
    0.43478E+01    0.12037E-02
    0.44356E+01    0.11445E-02
    0.45252E+01    0.10882E-02
    0.46166E+01    0.10346E-02
    0.47099E+01    0.98356E-03
    0.48050E+01    0.93501E-03
    0.49021E+01    0.88882E-03
    0.50011E+01    0.84488E-03
    0.51021E+01    0.80308E-03
    0.52052E+01    0.76331E-03
    0.53104E+01    0.72548E-03
    0.54176E+01    0.68950E-03
    0.55271E+01    0.65528E-03
    0.56387E+01    0.62273E-03
    0.57526E+01    0.59177E-03
    0.58689E+01    0.56233E-03
    0.59874E+01    0.53434E-03
    0.61084E+01    0.50771E-03
    0.62318E+01    0.48240E-03
    0.63577E+01    0.45833E-03
    0.64861E+01    0.43544E-03
    0.66171E+01    0.41368E-03
    0.67508E+01    0.39299E-03
    0.68872E+01    0.37332E-03
    0.70263E+01    0.35462E-03
    0.71682E+01    0.33685E-03
    0.73130E+01    0.31995E-03
    0.74608E+01    0.30389E-03
    0.76115E+01    0.28863E-03
    0.77653E+01    0.27412E-03
    0.79221E+01    0.26033E-03
    0.80822E+01    0.24723E-03
    0.82454E+01    0.23478E-03
    0.84120E+01    0.22294E-03
    0.85819E+01    0.21170E-03
    0.87553E+01    0.20101E-03
    0.89322E+01    0.19086E-03
    0.91126E+01    0.18122E-03
    0.92967E+01    0.17205E-03
    0.94845E+01    0.16335E-03
    0.96761E+01    0.15508E-03
    0.98716E+01    0.14722E-03
    0.10071E+02    0.13976E-03
    0.10274E+02    0.13267E-03
    0.10482E+02    0.12594E-03
    0.10694E+02    0.11954E-03
    0.10910E+02    0.11346E-03
    0.11130E+02    0.10769E-03
    0.11355E+02    0.10222E-03
    0.11584E+02    0.97012E-04
    0.11818E+02    0.92070E-04
    0.12057E+02    0.87377E-04
    0.12301E+02    0.82920E-04
    0.12549E+02    0.78689E-04
    0.12803E+02    0.74671E-04
    0.13061E+02    0.70856E-04
    0.13325E+02    0.67234E-04
    0.13594E+02    0.63795E-04
    0.13869E+02    0.60530E-04
    0.14149E+02    0.57431E-04
    0.14435E+02    0.54489E-04
    0.14727E+02    0.51696E-04
    0.15024E+02    0.49045E-04
    0.15328E+02    0.46528E-04
    0.15637E+02    0.44139E-04
    0.15953E+02    0.41872E-04
    0.16275E+02    0.39720E-04
    0.16604E+02    0.37678E-04
    0.16940E+02    0.35739E-04
    0.17282E+02    0.33900E-04
    0.17631E+02    0.32154E-04
    0.17987E+02    0.30497E-04
    0.18351E+02    0.28925E-04
    0.18721E+02    0.27433E-04
    0.19099E+02    0.26017E-04
    0.19485E+02    0.24674E-04
    0.19879E+02    0.23399E-04
    0.20280E+02    0.22190E-04
    0.20690E+02    0.21042E-04
    0.21108E+02    0.19954E-04
    0.21535E+02    0.18921E-04
    0.21970E+02    0.17941E-04
    0.22413E+02    0.17012E-04
    0.22866E+02    0.16130E-04
    0.23328E+02    0.15294E-04
    0.23799E+02    0.14500E-04
    0.24280E+02    0.13748E-04
    0.24771E+02    0.13034E-04
    0.25271E+02    0.12357E-04
    0.25782E+02    0.11714E-04
    0.26302E+02    0.11105E-04
    0.26834E+02    0.10527E-04
    0.27376E+02    0.99795E-05
    0.27929E+02    0.94599E-05
    0.28493E+02    0.89671E-05
    0.29069E+02    0.84998E-05
    0.29656E+02    0.80566E-05
    0.30255E+02    0.76364E-05
    0.30866E+02    0.72379E-05
    0.31490E+02    0.68600E-05
    0.32126E+02    0.65017E-05
    0.32775E+02    0.61620E-05
    0.33437E+02    0.58399E-05
    0.34112E+02    0.55344E-05
    0.34801E+02    0.52449E-05
    0.35504E+02    0.49703E-05
    0.36222E+02    0.47101E-05
    0.36953E+02    0.44633E-05
    0.37700E+02    0.42294E-05
    0.38462E+02    0.40076E-05
    0.39239E+02    0.37974E-05
    0.40031E+02    0.35982E-05
    0.40840E+02    0.34093E-05
    0.41665E+02    0.32302E-05
    0.42507E+02    0.30605E-05
    0.43365E+02    0.28996E-05
    0.44241E+02    0.27472E-05
    0.45135E+02    0.26027E-05
    0.46047E+02    0.24657E-05
    0.46977E+02    0.23359E-05
    0.47926E+02    0.22128E-05
    0.48894E+02    0.20962E-05
    0.49882E+02    0.19857E-05
    0.50890E+02    0.18810E-05
    0.51918E+02    0.17818E-05
    0.52966E+02    0.16877E-05
    0.54036E+02    0.15986E-05
    0.55128E+02    0.15142E-05
    0.56242E+02    0.14342E-05
    0.57378E+02    0.13583E-05
    0.58537E+02    0.12865E-05
    0.59720E+02    0.12184E-05
    0.60926E+02    0.11539E-05
    0.62157E+02    0.10928E-05
    0.63412E+02    0.10349E-05
    0.64693E+02    0.98008E-06
    0.66000E+02    0.92811E-06
    0.67334E+02    0.87888E-06
    0.68694E+02    0.83224E-06
    0.70082E+02    0.78806E-06
    0.71497E+02    0.74620E-06
    0.72942E+02    0.70655E-06
    0.74415E+02    0.66899E-06
    0.75918E+02    0.63341E-06
    0.77452E+02    0.59971E-06
    0.79017E+02    0.56779E-06
    0.80613E+02    0.53755E-06
    0.82241E+02    0.50891E-06
    0.83903E+02    0.48178E-06
    0.85598E+02    0.45609E-06
    0.87327E+02    0.43175E-06
    0.89091E+02    0.40871E-06
    0.90891E+02    0.38688E-06
    0.92727E+02    0.36621E-06
    0.94600E+02    0.34663E-06
    0.96511E+02    0.32810E-06
    0.98461E+02    0.31054E-06
    0.10045E+03    0.29391E-06
    0.10248E+03    0.27817E-06
    0.10455E+03    0.26326E-06
    0.10666E+03    0.24915E-06
    0.10882E+03    0.23578E-06
    0.11101E+03    0.22313E-06
    0.11326E+03    0.21114E-06
    0.11554E+03    0.19980E-06
    0.11788E+03    0.18905E-06
    0.12026E+03    0.17888E-06
    0.12269E+03    0.16925E-06
    0.12517E+03    0.16014E-06
    0.12770E+03    0.15151E-06
    0.13028E+03    0.14333E-06
    0.13291E+03    0.13560E-06
    0.13559E+03    0.12828E-06
    0.13833E+03    0.12134E-06
    0.14113E+03    0.11478E-06
    0.14398E+03    0.10857E-06
    0.14689E+03    0.10269E-06
    0.14985E+03    0.97128E-07
    0.15288E+03    0.91862E-07
    0.15597E+03    0.86878E-07
    0.15912E+03    0.82161E-07
    0.16233E+03    0.77697E-07
    0.16561E+03    0.73473E-07
    0.16896E+03    0.69474E-07
    0.17237E+03    0.65690E-07
    0.17585E+03    0.62109E-07
    0.17941E+03    0.58719E-07
    0.18303E+03    0.55511E-07
    0.18673E+03    0.52475E-07
    0.19050E+03    0.49601E-07
    0.19435E+03    0.46882E-07
    0.19828E+03    0.44308E-07
    0.20228E+03    0.41873E-07
    0.20637E+03    0.39570E-07
    0.21054E+03    0.37392E-07
    0.21479E+03    0.35332E-07
    0.21913E+03    0.33384E-07
    0.22356E+03    0.31544E-07
    0.22807E+03    0.29804E-07
    0.23268E+03    0.28159E-07
