    0.10000E-03    0.24270E+00
    0.10202E-03    0.24750E+00
    0.10408E-03    0.25239E+00
    0.10618E-03    0.25738E+00
    0.10833E-03    0.26247E+00
    0.11052E-03    0.26766E+00
    0.11275E-03    0.27295E+00
    0.11503E-03    0.27835E+00
    0.11735E-03    0.28385E+00
    0.11972E-03    0.28946E+00
    0.12214E-03    0.29518E+00
    0.12461E-03    0.30102E+00
    0.12712E-03    0.30697E+00
    0.12969E-03    0.31304E+00
    0.13231E-03    0.31923E+00
    0.13499E-03    0.32554E+00
    0.13771E-03    0.33197E+00
    0.14049E-03    0.33853E+00
    0.14333E-03    0.34523E+00
    0.14623E-03    0.35205E+00
    0.14918E-03    0.35901E+00
    0.15220E-03    0.36611E+00
    0.15527E-03    0.37334E+00
    0.15841E-03    0.38072E+00
    0.16161E-03    0.38825E+00
    0.16487E-03    0.39592E+00
    0.16820E-03    0.40375E+00
    0.17160E-03    0.41173E+00
    0.17507E-03    0.41987E+00
    0.17860E-03    0.42816E+00
    0.18221E-03    0.43663E+00
    0.18589E-03    0.44526E+00
    0.18965E-03    0.45406E+00
    0.19348E-03    0.46303E+00
    0.19739E-03    0.47218E+00
    0.20138E-03    0.48151E+00
    0.20544E-03    0.49103E+00
    0.20959E-03    0.50073E+00
    0.21383E-03    0.51063E+00
    0.21815E-03    0.52072E+00
    0.22255E-03    0.53101E+00
    0.22705E-03    0.54150E+00
    0.23164E-03    0.55220E+00
    0.23632E-03    0.56311E+00
    0.24109E-03    0.57424E+00
    0.24596E-03    0.58558E+00
    0.25093E-03    0.59715E+00
    0.25600E-03    0.60895E+00
    0.26117E-03    0.62098E+00
    0.26645E-03    0.63325E+00
    0.27183E-03    0.64576E+00
    0.27732E-03    0.65852E+00
    0.28292E-03    0.67152E+00
    0.28864E-03    0.68479E+00
    0.29447E-03    0.69831E+00
    0.30042E-03    0.71211E+00
    0.30649E-03    0.72617E+00
    0.31268E-03    0.74051E+00
    0.31899E-03    0.75513E+00
    0.32544E-03    0.77004E+00
    0.33201E-03    0.78525E+00
    0.33872E-03    0.80075E+00
    0.34556E-03    0.81656E+00
    0.35254E-03    0.83268E+00
    0.35966E-03    0.84912E+00
    0.36693E-03    0.86588E+00
    0.37434E-03    0.88298E+00
    0.38190E-03    0.90040E+00
    0.38962E-03    0.91817E+00
    0.39749E-03    0.93629E+00
    0.40552E-03    0.95477E+00
    0.41371E-03    0.97360E+00
    0.42207E-03    0.99281E+00
    0.43060E-03    0.10124E+01
    0.43929E-03    0.10324E+01
    0.44817E-03    0.10527E+01
    0.45722E-03    0.10735E+01
    0.46646E-03    0.10947E+01
    0.47588E-03    0.11162E+01
    0.48550E-03    0.11382E+01
    0.49530E-03    0.11607E+01
    0.50531E-03    0.11836E+01
    0.51552E-03    0.12069E+01
    0.52593E-03    0.12307E+01
    0.53656E-03    0.12549E+01
    0.54739E-03    0.12796E+01
    0.55845E-03    0.13048E+01
    0.56973E-03    0.13305E+01
    0.58124E-03    0.13567E+01
    0.59299E-03    0.13834E+01
    0.60496E-03    0.14107E+01
    0.61719E-03    0.14384E+01
    0.62965E-03    0.14667E+01
    0.64237E-03    0.14956E+01
    0.65535E-03    0.15250E+01
    0.66859E-03    0.15550E+01
    0.68210E-03    0.15856E+01
    0.69588E-03    0.16167E+01
    0.70993E-03    0.16485E+01
    0.72427E-03    0.16809E+01
    0.73891E-03    0.17139E+01
    0.75383E-03    0.17475E+01
    0.76906E-03    0.17818E+01
    0.78460E-03    0.18168E+01
    0.80045E-03    0.18524E+01
    0.81662E-03    0.18888E+01
    0.83311E-03    0.19258E+01
    0.84994E-03    0.19635E+01
    0.86711E-03    0.20020E+01
    0.88463E-03    0.20412E+01
    0.90250E-03    0.20811E+01
    0.92073E-03    0.21218E+01
    0.93933E-03    0.21633E+01
    0.95831E-03    0.22056E+01
    0.97767E-03    0.22487E+01
    0.99742E-03    0.22926E+01
    0.10176E-02    0.23374E+01
    0.10381E-02    0.23830E+01
    0.10591E-02    0.24295E+01
    0.10805E-02    0.24768E+01
    0.11023E-02    0.25251E+01
    0.11246E-02    0.25742E+01
    0.11473E-02    0.26243E+01
    0.11705E-02    0.26753E+01
    0.11941E-02    0.27273E+01
    0.12182E-02    0.27802E+01
    0.12429E-02    0.28342E+01
    0.12680E-02    0.28891E+01
    0.12936E-02    0.29450E+01
    0.13197E-02    0.30020E+01
    0.13464E-02    0.30601E+01
    0.13736E-02    0.31192E+01
    0.14013E-02    0.31794E+01
    0.14296E-02    0.32407E+01
    0.14585E-02    0.33031E+01
    0.14880E-02    0.33667E+01
    0.15180E-02    0.34314E+01
    0.15487E-02    0.34973E+01
    0.15800E-02    0.35643E+01
    0.16119E-02    0.36326E+01
    0.16445E-02    0.37021E+01
    0.16777E-02    0.37728E+01
    0.17116E-02    0.38448E+01
    0.17462E-02    0.39181E+01
    0.17814E-02    0.39926E+01
    0.18174E-02    0.40684E+01
    0.18541E-02    0.41456E+01
    0.18916E-02    0.42241E+01
    0.19298E-02    0.43039E+01
    0.19688E-02    0.43851E+01
    0.20086E-02    0.44677E+01
    0.20491E-02    0.45516E+01
    0.20905E-02    0.46370E+01
    0.21328E-02    0.47238E+01
    0.21758E-02    0.48120E+01
    0.22198E-02    0.49017E+01
    0.22646E-02    0.49929E+01
    0.23104E-02    0.50855E+01
    0.23571E-02    0.51796E+01
    0.24047E-02    0.52752E+01
    0.24533E-02    0.53723E+01
    0.25028E-02    0.54709E+01
    0.25534E-02    0.55710E+01
    0.26050E-02    0.56727E+01
    0.26576E-02    0.57759E+01
    0.27113E-02    0.58806E+01
    0.27660E-02    0.59869E+01
    0.28219E-02    0.60948E+01
    0.28789E-02    0.62042E+01
    0.29371E-02    0.63152E+01
    0.29964E-02    0.64277E+01
    0.30569E-02    0.65417E+01
    0.31187E-02    0.66574E+01
    0.31817E-02    0.67746E+01
    0.32460E-02    0.68933E+01
    0.33115E-02    0.70136E+01
    0.33784E-02    0.71353E+01
    0.34467E-02    0.72587E+01
    0.35163E-02    0.73835E+01
    0.35874E-02    0.75098E+01
    0.36598E-02    0.76377E+01
    0.37338E-02    0.77670E+01
    0.38092E-02    0.78977E+01
    0.38861E-02    0.80299E+01
    0.39646E-02    0.81634E+01
    0.40447E-02    0.82984E+01
    0.41264E-02    0.84348E+01
    0.42098E-02    0.85724E+01
    0.42948E-02    0.87114E+01
    0.43816E-02    0.88516E+01
    0.44701E-02    0.89931E+01
    0.45604E-02    0.91358E+01
    0.46525E-02    0.92797E+01
    0.47465E-02    0.94246E+01
    0.48424E-02    0.95707E+01
    0.49402E-02    0.97178E+01
    0.50400E-02    0.98659E+01
    0.51419E-02    0.10015E+02
    0.52457E-02    0.10165E+02
    0.53517E-02    0.10316E+02
    0.54598E-02    0.10467E+02
    0.55701E-02    0.10619E+02
    0.56826E-02    0.10772E+02
    0.57974E-02    0.10926E+02
    0.59145E-02    0.11080E+02
    0.60340E-02    0.11234E+02
    0.61559E-02    0.11389E+02
    0.62803E-02    0.11544E+02
    0.64072E-02    0.11700E+02
    0.65366E-02    0.11855E+02
    0.66686E-02    0.12011E+02
    0.68033E-02    0.12166E+02
    0.69408E-02    0.12322E+02
    0.70810E-02    0.12477E+02
    0.72240E-02    0.12632E+02
    0.73700E-02    0.12786E+02
    0.75189E-02    0.12940E+02
    0.76708E-02    0.13093E+02
    0.78257E-02    0.13246E+02
    0.79838E-02    0.13397E+02
    0.81451E-02    0.13548E+02
    0.83096E-02    0.13697E+02
    0.84775E-02    0.13845E+02
    0.86488E-02    0.13992E+02
    0.88235E-02    0.14137E+02
    0.90017E-02    0.14280E+02
    0.91836E-02    0.14421E+02
    0.93691E-02    0.14560E+02
    0.95583E-02    0.14697E+02
    0.97514E-02    0.14831E+02
    0.99484E-02    0.14963E+02
    0.10149E-01    0.15092E+02
    0.10354E-01    0.15217E+02
    0.10564E-01    0.15340E+02
    0.10777E-01    0.15459E+02
    0.10995E-01    0.15575E+02
    0.11217E-01    0.15687E+02
    0.11443E-01    0.15795E+02
    0.11675E-01    0.15899E+02
    0.11910E-01    0.15998E+02
    0.12151E-01    0.16093E+02
    0.12397E-01    0.16183E+02
    0.12647E-01    0.16268E+02
    0.12902E-01    0.16347E+02
    0.13163E-01    0.16422E+02
    0.13429E-01    0.16490E+02
    0.13700E-01    0.16553E+02
    0.13977E-01    0.16610E+02
    0.14259E-01    0.16660E+02
    0.14547E-01    0.16704E+02
    0.14841E-01    0.16741E+02
    0.15141E-01    0.16772E+02
    0.15447E-01    0.16795E+02
    0.15759E-01    0.16811E+02
    0.16077E-01    0.16820E+02
    0.16402E-01    0.16821E+02
    0.16734E-01    0.16814E+02
    0.17072E-01    0.16799E+02
    0.17416E-01    0.16777E+02
    0.17768E-01    0.16746E+02
    0.18127E-01    0.16707E+02
    0.18493E-01    0.16660E+02
    0.18867E-01    0.16604E+02
    0.19248E-01    0.16540E+02
    0.19637E-01    0.16467E+02
    0.20034E-01    0.16386E+02
    0.20438E-01    0.16296E+02
    0.20851E-01    0.16198E+02
    0.21272E-01    0.16091E+02
    0.21702E-01    0.15975E+02
    0.22141E-01    0.15852E+02
    0.22588E-01    0.15720E+02
    0.23044E-01    0.15580E+02
    0.23510E-01    0.15432E+02
    0.23985E-01    0.15276E+02
    0.24469E-01    0.15113E+02
    0.24964E-01    0.14943E+02
    0.25468E-01    0.14766E+02
    0.25982E-01    0.14582E+02
    0.26507E-01    0.14391E+02
    0.27043E-01    0.14195E+02
    0.27589E-01    0.13993E+02
    0.28146E-01    0.13786E+02
    0.28715E-01    0.13575E+02
    0.29295E-01    0.13359E+02
    0.29887E-01    0.13140E+02
    0.30490E-01    0.12918E+02
    0.31106E-01    0.12693E+02
    0.31735E-01    0.12466E+02
    0.32376E-01    0.12237E+02
    0.33030E-01    0.12008E+02
    0.33697E-01    0.11779E+02
    0.34378E-01    0.11550E+02
    0.35072E-01    0.11322E+02
    0.35781E-01    0.11096E+02
    0.36504E-01    0.10872E+02
    0.37241E-01    0.10651E+02
    0.37993E-01    0.10433E+02
    0.38761E-01    0.10219E+02
    0.39544E-01    0.10010E+02
    0.40343E-01    0.98053E+01
    0.41158E-01    0.96063E+01
    0.41989E-01    0.94131E+01
    0.42838E-01    0.92260E+01
    0.43703E-01    0.90455E+01
    0.44586E-01    0.88716E+01
    0.45486E-01    0.87046E+01
    0.46405E-01    0.85445E+01
    0.47343E-01    0.83914E+01
    0.48299E-01    0.82453E+01
    0.49275E-01    0.81059E+01
    0.50270E-01    0.79731E+01
    0.51286E-01    0.78464E+01
    0.52322E-01    0.77255E+01
    0.53379E-01    0.76099E+01
    0.54457E-01    0.74989E+01
    0.55557E-01    0.73917E+01
    0.56680E-01    0.72878E+01
    0.57825E-01    0.71860E+01
    0.58993E-01    0.70856E+01
    0.60184E-01    0.69855E+01
    0.61400E-01    0.68848E+01
    0.62641E-01    0.67825E+01
    0.63906E-01    0.66774E+01
    0.65197E-01    0.65687E+01
    0.66514E-01    0.64556E+01
    0.67858E-01    0.63371E+01
    0.69229E-01    0.62126E+01
    0.70627E-01    0.60818E+01
    0.72054E-01    0.59442E+01
    0.73510E-01    0.57998E+01
    0.74994E-01    0.56487E+01
    0.76509E-01    0.54914E+01
    0.78055E-01    0.53287E+01
    0.79632E-01    0.51616E+01
    0.81241E-01    0.49912E+01
    0.82882E-01    0.48189E+01
    0.84556E-01    0.46462E+01
    0.86264E-01    0.44750E+01
    0.88007E-01    0.43068E+01
    0.89785E-01    0.41434E+01
    0.91598E-01    0.39865E+01
    0.93449E-01    0.38375E+01
    0.95337E-01    0.36977E+01
    0.97263E-01    0.35681E+01
    0.99227E-01    0.34494E+01
    0.10123E+00    0.33420E+01
    0.10328E+00    0.32459E+01
    0.10536E+00    0.31607E+01
    0.10749E+00    0.30855E+01
    0.10966E+00    0.30192E+01
    0.11188E+00    0.29602E+01
    0.11414E+00    0.29067E+01
    0.11644E+00    0.28566E+01
    0.11880E+00    0.28075E+01
    0.12120E+00    0.27574E+01
    0.12365E+00    0.27040E+01
    0.12614E+00    0.26455E+01
    0.12869E+00    0.25807E+01
    0.13129E+00    0.25087E+01
    0.13394E+00    0.24295E+01
    0.13665E+00    0.23436E+01
    0.13941E+00    0.22525E+01
    0.14223E+00    0.21580E+01
    0.14510E+00    0.20626E+01
    0.14803E+00    0.19687E+01
    0.15102E+00    0.18788E+01
    0.15407E+00    0.17952E+01
    0.15718E+00    0.17195E+01
    0.16036E+00    0.16529E+01
    0.16360E+00    0.15957E+01
    0.16690E+00    0.15473E+01
    0.17028E+00    0.15067E+01
    0.17371E+00    0.14720E+01
    0.17722E+00    0.14408E+01
    0.18080E+00    0.14106E+01
    0.18446E+00    0.13789E+01
    0.18818E+00    0.13438E+01
    0.19198E+00    0.13039E+01
    0.19586E+00    0.12588E+01
    0.19982E+00    0.12092E+01
    0.20386E+00    0.11566E+01
    0.20797E+00    0.11031E+01
    0.21218E+00    0.10511E+01
    0.21646E+00    0.10028E+01
    0.22083E+00    0.95971E+00
    0.22530E+00    0.92263E+00
    0.22985E+00    0.89139E+00
    0.23449E+00    0.86493E+00
    0.23923E+00    0.84156E+00
    0.24406E+00    0.81922E+00
    0.24899E+00    0.79603E+00
    0.25402E+00    0.77060E+00
    0.25915E+00    0.74242E+00
    0.26439E+00    0.71194E+00
    0.26973E+00    0.68037E+00
    0.27518E+00    0.64935E+00
    0.28074E+00    0.62040E+00
    0.28641E+00    0.59458E+00
    0.29219E+00    0.57217E+00
    0.29810E+00    0.55265E+00
    0.30412E+00    0.53492E+00
    0.31026E+00    0.51766E+00
    0.31653E+00    0.49980E+00
    0.32292E+00    0.48081E+00
    0.32945E+00    0.46091E+00
    0.33610E+00    0.44087E+00
    0.34289E+00    0.42164E+00
    0.34982E+00    0.40398E+00
    0.35689E+00    0.38814E+00
    0.36409E+00    0.37382E+00
    0.37145E+00    0.36036E+00
    0.37895E+00    0.34706E+00
    0.38661E+00    0.33350E+00
    0.39442E+00    0.31971E+00
    0.40239E+00    0.30609E+00
    0.41052E+00    0.29312E+00
    0.41881E+00    0.28110E+00
    0.42727E+00    0.27000E+00
    0.43590E+00    0.25953E+00
    0.44471E+00    0.24933E+00
    0.45369E+00    0.23919E+00
    0.46286E+00    0.22917E+00
    0.47221E+00    0.21949E+00
    0.48174E+00    0.21032E+00
    0.49148E+00    0.20171E+00
    0.50141E+00    0.19353E+00
    0.51153E+00    0.18561E+00
    0.52187E+00    0.17788E+00
    0.53241E+00    0.17036E+00
    0.54317E+00    0.16316E+00
    0.55414E+00    0.15632E+00
    0.56533E+00    0.14979E+00
    0.57675E+00    0.14352E+00
    0.58840E+00    0.13745E+00
    0.60029E+00    0.13161E+00
    0.61242E+00    0.12600E+00
    0.62479E+00    0.12063E+00
    0.63741E+00    0.11548E+00
    0.65029E+00    0.11054E+00
    0.66342E+00    0.10580E+00
    0.67683E+00    0.10126E+00
    0.69050E+00    0.96905E-01
    0.70445E+00    0.92725E-01
    0.71868E+00    0.88717E-01
    0.73320E+00    0.84872E-01
    0.74801E+00    0.81185E-01
    0.76312E+00    0.77649E-01
    0.77854E+00    0.74261E-01
    0.79426E+00    0.71012E-01
    0.81031E+00    0.67900E-01
    0.82668E+00    0.64917E-01
    0.84338E+00    0.62060E-01
    0.86041E+00    0.59323E-01
    0.87780E+00    0.56702E-01
    0.89553E+00    0.54192E-01
    0.91362E+00    0.51789E-01
    0.93208E+00    0.49488E-01
    0.95091E+00    0.47285E-01
    0.97011E+00    0.45176E-01
    0.98971E+00    0.43158E-01
    0.10097E+01    0.41226E-01
    0.10301E+01    0.39378E-01
    0.10509E+01    0.37609E-01
    0.10721E+01    0.35917E-01
    0.10938E+01    0.34297E-01
    0.11159E+01    0.32749E-01
    0.11384E+01    0.31267E-01
    0.11614E+01    0.29850E-01
    0.11849E+01    0.28495E-01
    0.12088E+01    0.27200E-01
    0.12333E+01    0.25961E-01
    0.12582E+01    0.24777E-01
    0.12836E+01    0.23645E-01
    0.13095E+01    0.22563E-01
    0.13360E+01    0.21529E-01
    0.13630E+01    0.20541E-01
    0.13905E+01    0.19597E-01
    0.14186E+01    0.18694E-01
    0.14472E+01    0.17832E-01
    0.14765E+01    0.17009E-01
    0.15063E+01    0.16222E-01
    0.15367E+01    0.15471E-01
    0.15678E+01    0.14754E-01
    0.15994E+01    0.14068E-01
    0.16318E+01    0.13414E-01
    0.16647E+01    0.12789E-01
    0.16984E+01    0.12192E-01
    0.17327E+01    0.11623E-01
    0.17677E+01    0.11079E-01
    0.18034E+01    0.10560E-01
    0.18398E+01    0.10065E-01
    0.18770E+01    0.95923E-02
    0.19149E+01    0.91413E-02
    0.19536E+01    0.87109E-02
    0.19930E+01    0.83003E-02
    0.20333E+01    0.79085E-02
    0.20744E+01    0.75348E-02
    0.21163E+01    0.71783E-02
    0.21590E+01    0.68382E-02
    0.22026E+01    0.65139E-02
    0.22471E+01    0.62045E-02
    0.22925E+01    0.59095E-02
    0.23388E+01    0.56282E-02
    0.23861E+01    0.53599E-02
    0.24343E+01    0.51041E-02
    0.24835E+01    0.48603E-02
    0.25336E+01    0.46278E-02
    0.25848E+01    0.44062E-02
    0.26370E+01    0.41949E-02
    0.26903E+01    0.39936E-02
    0.27447E+01    0.38017E-02
    0.28001E+01    0.36189E-02
    0.28567E+01    0.34446E-02
    0.29144E+01    0.32786E-02
    0.29733E+01    0.31204E-02
    0.30333E+01    0.29697E-02
    0.30946E+01    0.28262E-02
    0.31571E+01    0.26894E-02
    0.32209E+01    0.25591E-02
    0.32860E+01    0.24350E-02
    0.33523E+01    0.23168E-02
    0.34201E+01    0.22043E-02
    0.34892E+01    0.20971E-02
    0.35596E+01    0.19950E-02
    0.36316E+01    0.18977E-02
    0.37049E+01    0.18052E-02
    0.37798E+01    0.17170E-02
    0.38561E+01    0.16331E-02
    0.39340E+01    0.15532E-02
    0.40135E+01    0.14772E-02
    0.40946E+01    0.14048E-02
    0.41773E+01    0.13359E-02
    0.42617E+01    0.12703E-02
    0.43478E+01    0.12079E-02
    0.44356E+01    0.11485E-02
    0.45252E+01    0.10920E-02
    0.46166E+01    0.10382E-02
    0.47099E+01    0.98698E-03
    0.48050E+01    0.93827E-03
    0.49021E+01    0.89194E-03
    0.50011E+01    0.84785E-03
    0.51021E+01    0.80591E-03
    0.52052E+01    0.76600E-03
    0.53104E+01    0.72805E-03
    0.54176E+01    0.69194E-03
    0.55271E+01    0.65760E-03
    0.56387E+01    0.62493E-03
    0.57526E+01    0.59387E-03
    0.58689E+01    0.56432E-03
    0.59874E+01    0.53622E-03
    0.61084E+01    0.50950E-03
    0.62318E+01    0.48409E-03
    0.63577E+01    0.45994E-03
    0.64861E+01    0.43697E-03
    0.66171E+01    0.41513E-03
    0.67508E+01    0.39436E-03
    0.68872E+01    0.37462E-03
    0.70263E+01    0.35586E-03
    0.71682E+01    0.33802E-03
    0.73130E+01    0.32107E-03
    0.74608E+01    0.30495E-03
    0.76115E+01    0.28963E-03
    0.77653E+01    0.27507E-03
    0.79221E+01    0.26124E-03
    0.80822E+01    0.24809E-03
    0.82454E+01    0.23559E-03
    0.84120E+01    0.22372E-03
    0.85819E+01    0.21244E-03
    0.87553E+01    0.20172E-03
    0.89322E+01    0.19153E-03
    0.91126E+01    0.18185E-03
    0.92967E+01    0.17266E-03
    0.94845E+01    0.16392E-03
    0.96761E+01    0.15562E-03
    0.98716E+01    0.14774E-03
    0.10071E+02    0.14025E-03
    0.10274E+02    0.13313E-03
    0.10482E+02    0.12638E-03
    0.10694E+02    0.11996E-03
    0.10910E+02    0.11386E-03
    0.11130E+02    0.10807E-03
    0.11355E+02    0.10257E-03
    0.11584E+02    0.97351E-04
    0.11818E+02    0.92392E-04
    0.12057E+02    0.87683E-04
    0.12301E+02    0.83211E-04
    0.12549E+02    0.78965E-04
    0.12803E+02    0.74933E-04
    0.13061E+02    0.71105E-04
    0.13325E+02    0.67470E-04
    0.13594E+02    0.64019E-04
    0.13869E+02    0.60743E-04
    0.14149E+02    0.57633E-04
    0.14435E+02    0.54681E-04
    0.14727E+02    0.51878E-04
    0.15024E+02    0.49217E-04
    0.15328E+02    0.46692E-04
    0.15637E+02    0.44295E-04
    0.15953E+02    0.42019E-04
    0.16275E+02    0.39860E-04
    0.16604E+02    0.37810E-04
    0.16940E+02    0.35865E-04
    0.17282E+02    0.34019E-04
    0.17631E+02    0.32267E-04
    0.17987E+02    0.30604E-04
    0.18351E+02    0.29026E-04
    0.18721E+02    0.27529E-04
    0.19099E+02    0.26109E-04
    0.19485E+02    0.24760E-04
    0.19879E+02    0.23481E-04
    0.20280E+02    0.22268E-04
    0.20690E+02    0.21116E-04
    0.21108E+02    0.20024E-04
    0.21535E+02    0.18988E-04
    0.21970E+02    0.18004E-04
    0.22413E+02    0.17072E-04
    0.22866E+02    0.16187E-04
    0.23328E+02    0.15347E-04
    0.23799E+02    0.14551E-04
    0.24280E+02    0.13796E-04
    0.24771E+02    0.13079E-04
    0.25271E+02    0.12400E-04
    0.25782E+02    0.11755E-04
    0.26302E+02    0.11144E-04
    0.26834E+02    0.10564E-04
    0.27376E+02    0.10015E-04
    0.27929E+02    0.94932E-05
    0.28493E+02    0.89986E-05
    0.29069E+02    0.85297E-05
    0.29656E+02    0.80849E-05
    0.30255E+02    0.76632E-05
    0.30866E+02    0.72633E-05
    0.31490E+02    0.68841E-05
    0.32126E+02    0.65246E-05
    0.32775E+02    0.61836E-05
    0.33437E+02    0.58604E-05
    0.34112E+02    0.55539E-05
    0.34801E+02    0.52633E-05
    0.35504E+02    0.49878E-05
    0.36222E+02    0.47266E-05
    0.36953E+02    0.44790E-05
    0.37700E+02    0.42443E-05
    0.38462E+02    0.40218E-05
    0.39239E+02    0.38108E-05
    0.40031E+02    0.36108E-05
    0.40840E+02    0.34213E-05
    0.41665E+02    0.32416E-05
    0.42507E+02    0.30713E-05
    0.43365E+02    0.29098E-05
    0.44241E+02    0.27568E-05
    0.45135E+02    0.26118E-05
    0.46047E+02    0.24744E-05
    0.46977E+02    0.23441E-05
    0.47926E+02    0.22206E-05
    0.48894E+02    0.21036E-05
    0.49882E+02    0.19927E-05
    0.50890E+02    0.18876E-05
    0.51918E+02    0.17880E-05
    0.52966E+02    0.16937E-05
    0.54036E+02    0.16042E-05
    0.55128E+02    0.15195E-05
    0.56242E+02    0.14392E-05
    0.57378E+02    0.13631E-05
    0.58537E+02    0.12910E-05
    0.59720E+02    0.12227E-05
    0.60926E+02    0.11580E-05
    0.62157E+02    0.10967E-05
    0.63412E+02    0.10386E-05
    0.64693E+02    0.98352E-06
    0.66000E+02    0.93137E-06
    0.67334E+02    0.88197E-06
    0.68694E+02    0.83516E-06
    0.70082E+02    0.79082E-06
    0.71497E+02    0.74882E-06
    0.72942E+02    0.70903E-06
    0.74415E+02    0.67134E-06
    0.75918E+02    0.63563E-06
    0.77452E+02    0.60181E-06
    0.79017E+02    0.56978E-06
    0.80613E+02    0.53944E-06
    0.82241E+02    0.51069E-06
    0.83903E+02    0.48347E-06
    0.85598E+02    0.45769E-06
    0.87327E+02    0.43327E-06
    0.89091E+02    0.41014E-06
    0.90891E+02    0.38824E-06
    0.92727E+02    0.36750E-06
    0.94600E+02    0.34785E-06
    0.96511E+02    0.32925E-06
    0.98461E+02    0.31163E-06
    0.10045E+03    0.29495E-06
    0.10248E+03    0.27915E-06
    0.10455E+03    0.26419E-06
    0.10666E+03    0.25002E-06
    0.10882E+03    0.23661E-06
    0.11101E+03    0.22391E-06
    0.11326E+03    0.21188E-06
    0.11554E+03    0.20050E-06
    0.11788E+03    0.18972E-06
    0.12026E+03    0.17951E-06
    0.12269E+03    0.16985E-06
    0.12517E+03    0.16070E-06
    0.12770E+03    0.15204E-06
    0.13028E+03    0.14384E-06
    0.13291E+03    0.13607E-06
    0.13559E+03    0.12872E-06
    0.13833E+03    0.12177E-06
    0.14113E+03    0.11518E-06
    0.14398E+03    0.10895E-06
    0.14689E+03    0.10305E-06
    0.14985E+03    0.97468E-07
    0.15288E+03    0.92183E-07
    0.15597E+03    0.87182E-07
    0.15912E+03    0.82448E-07
    0.16233E+03    0.77969E-07
    0.16561E+03    0.73729E-07
    0.16896E+03    0.69717E-07
    0.17237E+03    0.65920E-07
    0.17585E+03    0.62326E-07
    0.17941E+03    0.58924E-07
    0.18303E+03    0.55705E-07
    0.18673E+03    0.52658E-07
    0.19050E+03    0.49774E-07
    0.19435E+03    0.47045E-07
    0.19828E+03    0.44463E-07
    0.20228E+03    0.42019E-07
    0.20637E+03    0.39708E-07
    0.21054E+03    0.37522E-07
    0.21479E+03    0.35455E-07
    0.21913E+03    0.33501E-07
    0.22356E+03    0.31653E-07
    0.22807E+03    0.29907E-07
    0.23268E+03    0.28257E-07
