#           k/h    P           
    0.10000E-03    0.24550E+00
    0.10202E-03    0.25036E+00
    0.10408E-03    0.25531E+00
    0.10618E-03    0.26035E+00
    0.10833E-03    0.26550E+00
    0.11052E-03    0.27075E+00
    0.11275E-03    0.27610E+00
    0.11503E-03    0.28155E+00
    0.11735E-03    0.28712E+00
    0.11972E-03    0.29279E+00
    0.12214E-03    0.29858E+00
    0.12461E-03    0.30448E+00
    0.12712E-03    0.31050E+00
    0.12969E-03    0.31664E+00
    0.13231E-03    0.32289E+00
    0.13499E-03    0.32927E+00
    0.13771E-03    0.33578E+00
    0.14049E-03    0.34242E+00
    0.14333E-03    0.34918E+00
    0.14623E-03    0.35608E+00
    0.14918E-03    0.36312E+00
    0.15220E-03    0.37029E+00
    0.15527E-03    0.37761E+00
    0.15841E-03    0.38507E+00
    0.16161E-03    0.39268E+00
    0.16487E-03    0.40044E+00
    0.16820E-03    0.40835E+00
    0.17160E-03    0.41642E+00
    0.17507E-03    0.42464E+00
    0.17860E-03    0.43303E+00
    0.18221E-03    0.44159E+00
    0.18589E-03    0.45031E+00
    0.18965E-03    0.45920E+00
    0.19348E-03    0.46827E+00
    0.19739E-03    0.47752E+00
    0.20138E-03    0.48695E+00
    0.20544E-03    0.49657E+00
    0.20959E-03    0.50637E+00
    0.21383E-03    0.51637E+00
    0.21815E-03    0.52657E+00
    0.22255E-03    0.53696E+00
    0.22705E-03    0.54756E+00
    0.23164E-03    0.55837E+00
    0.23632E-03    0.56940E+00
    0.24109E-03    0.58064E+00
    0.24596E-03    0.59210E+00
    0.25093E-03    0.60378E+00
    0.25600E-03    0.61570E+00
    0.26117E-03    0.62785E+00
    0.26645E-03    0.64023E+00
    0.27183E-03    0.65287E+00
    0.27732E-03    0.66574E+00
    0.28292E-03    0.67888E+00
    0.28864E-03    0.69227E+00
    0.29447E-03    0.70592E+00
    0.30042E-03    0.71984E+00
    0.30649E-03    0.73403E+00
    0.31268E-03    0.74851E+00
    0.31899E-03    0.76326E+00
    0.32544E-03    0.77831E+00
    0.33201E-03    0.79364E+00
    0.33872E-03    0.80928E+00
    0.34556E-03    0.82523E+00
    0.35254E-03    0.84149E+00
    0.35966E-03    0.85806E+00
    0.36693E-03    0.87496E+00
    0.37434E-03    0.89219E+00
    0.38190E-03    0.90975E+00
    0.38962E-03    0.92766E+00
    0.39749E-03    0.94591E+00
    0.40552E-03    0.96453E+00
    0.41371E-03    0.98350E+00
    0.42207E-03    0.10028E+01
    0.43060E-03    0.10226E+01
    0.43929E-03    0.10427E+01
    0.44817E-03    0.10632E+01
    0.45722E-03    0.10841E+01
    0.46646E-03    0.11053E+01
    0.47588E-03    0.11271E+01
    0.48550E-03    0.11492E+01
    0.49530E-03    0.11717E+01
    0.50531E-03    0.11947E+01
    0.51552E-03    0.12182E+01
    0.52593E-03    0.12421E+01
    0.53656E-03    0.12664E+01
    0.54739E-03    0.12912E+01
    0.55845E-03    0.13165E+01
    0.56973E-03    0.13423E+01
    0.58124E-03    0.13686E+01
    0.59299E-03    0.13954E+01
    0.60496E-03    0.14227E+01
    0.61719E-03    0.14505E+01
    0.62965E-03    0.14788E+01
    0.64237E-03    0.15077E+01
    0.65535E-03    0.15371E+01
    0.66859E-03    0.15671E+01
    0.68210E-03    0.15977E+01
    0.69588E-03    0.16288E+01
    0.70993E-03    0.16606E+01
    0.72427E-03    0.16929E+01
    0.73891E-03    0.17258E+01
    0.75383E-03    0.17594E+01
    0.76906E-03    0.17936E+01
    0.78460E-03    0.18284E+01
    0.80045E-03    0.18639E+01
    0.81662E-03    0.19000E+01
    0.83311E-03    0.19368E+01
    0.84994E-03    0.19743E+01
    0.86711E-03    0.20125E+01
    0.88463E-03    0.20514E+01
    0.90250E-03    0.20910E+01
    0.92073E-03    0.21313E+01
    0.93933E-03    0.21724E+01
    0.95831E-03    0.22142E+01
    0.97767E-03    0.22568E+01
    0.99742E-03    0.23001E+01
    0.10176E-02    0.23442E+01
    0.10381E-02    0.23891E+01
    0.10591E-02    0.24349E+01
    0.10805E-02    0.24814E+01
    0.11023E-02    0.25287E+01
    0.11246E-02    0.25769E+01
    0.11473E-02    0.26260E+01
    0.11705E-02    0.26759E+01
    0.11941E-02    0.27266E+01
    0.12182E-02    0.27783E+01
    0.12429E-02    0.28308E+01
    0.12680E-02    0.28842E+01
    0.12936E-02    0.29386E+01
    0.13197E-02    0.29938E+01
    0.13464E-02    0.30500E+01
    0.13736E-02    0.31071E+01
    0.14013E-02    0.31652E+01
    0.14296E-02    0.32242E+01
    0.14585E-02    0.32842E+01
    0.14880E-02    0.33452E+01
    0.15180E-02    0.34071E+01
    0.15487E-02    0.34700E+01
    0.15800E-02    0.35339E+01
    0.16119E-02    0.35989E+01
    0.16445E-02    0.36648E+01
    0.16777E-02    0.37317E+01
    0.17116E-02    0.37997E+01
    0.17462E-02    0.38686E+01
    0.17814E-02    0.39386E+01
    0.18174E-02    0.40096E+01
    0.18541E-02    0.40817E+01
    0.18916E-02    0.41548E+01
    0.19298E-02    0.42289E+01
    0.19688E-02    0.43040E+01
    0.20086E-02    0.43802E+01
    0.20491E-02    0.44574E+01
    0.20905E-02    0.45356E+01
    0.21328E-02    0.46148E+01
    0.21758E-02    0.46951E+01
    0.22198E-02    0.47764E+01
    0.22646E-02    0.48588E+01
    0.23104E-02    0.49421E+01
    0.23571E-02    0.50263E+01
    0.24047E-02    0.51116E+01
    0.24533E-02    0.51978E+01
    0.25028E-02    0.52851E+01
    0.25534E-02    0.53732E+01
    0.26050E-02    0.54623E+01
    0.26576E-02    0.55523E+01
    0.27113E-02    0.56433E+01
    0.27660E-02    0.57351E+01
    0.28219E-02    0.58278E+01
    0.28789E-02    0.59213E+01
    0.29371E-02    0.60157E+01
    0.29964E-02    0.61109E+01
    0.30569E-02    0.62069E+01
    0.31187E-02    0.63037E+01
    0.31817E-02    0.64012E+01
    0.32460E-02    0.64995E+01
    0.33115E-02    0.65985E+01
    0.33784E-02    0.66981E+01
    0.34467E-02    0.67984E+01
    0.35163E-02    0.68994E+01
    0.35874E-02    0.70009E+01
    0.36598E-02    0.71030E+01
    0.37338E-02    0.72056E+01
    0.38092E-02    0.73088E+01
    0.38861E-02    0.74124E+01
    0.39646E-02    0.75164E+01
    0.40447E-02    0.76209E+01
    0.41264E-02    0.77257E+01
    0.42098E-02    0.78309E+01
    0.42948E-02    0.79364E+01
    0.43816E-02    0.80421E+01
    0.44701E-02    0.81481E+01
    0.45604E-02    0.82542E+01
    0.46525E-02    0.83604E+01
    0.47465E-02    0.84667E+01
    0.48424E-02    0.85730E+01
    0.49402E-02    0.86793E+01
    0.50400E-02    0.87854E+01
    0.51419E-02    0.88913E+01
    0.52457E-02    0.89970E+01
    0.53517E-02    0.91023E+01
    0.54598E-02    0.92072E+01
    0.55701E-02    0.93115E+01
    0.56826E-02    0.94152E+01
    0.57974E-02    0.95181E+01
    0.59145E-02    0.96201E+01
    0.60340E-02    0.97212E+01
    0.61559E-02    0.98210E+01
    0.62803E-02    0.99195E+01
    0.64072E-02    0.10017E+02
    0.65366E-02    0.10112E+02
    0.66686E-02    0.10206E+02
    0.68033E-02    0.10297E+02
    0.69408E-02    0.10386E+02
    0.70810E-02    0.10473E+02
    0.72240E-02    0.10558E+02
    0.73700E-02    0.10639E+02
    0.75189E-02    0.10718E+02
    0.76708E-02    0.10793E+02
    0.78257E-02    0.10865E+02
    0.79838E-02    0.10933E+02
    0.81451E-02    0.10997E+02
    0.83096E-02    0.11057E+02
    0.84775E-02    0.11113E+02
    0.86488E-02    0.11165E+02
    0.88235E-02    0.11212E+02
    0.90017E-02    0.11254E+02
    0.91836E-02    0.11292E+02
    0.93691E-02    0.11325E+02
    0.95583E-02    0.11353E+02
    0.97514E-02    0.11376E+02
    0.99484E-02    0.11394E+02
    0.10149E-01    0.11406E+02
    0.10354E-01    0.11414E+02
    0.10564E-01    0.11415E+02
    0.10777E-01    0.11412E+02
    0.10995E-01    0.11403E+02
    0.11217E-01    0.11389E+02
    0.11443E-01    0.11369E+02
    0.11675E-01    0.11343E+02
    0.11910E-01    0.11311E+02
    0.12151E-01    0.11273E+02
    0.12397E-01    0.11230E+02
    0.12647E-01    0.11180E+02
    0.12902E-01    0.11124E+02
    0.13163E-01    0.11061E+02
    0.13429E-01    0.10993E+02
    0.13700E-01    0.10918E+02
    0.13977E-01    0.10837E+02
    0.14259E-01    0.10750E+02
    0.14547E-01    0.10658E+02
    0.14841E-01    0.10559E+02
    0.15141E-01    0.10455E+02
    0.15447E-01    0.10345E+02
    0.15759E-01    0.10230E+02
    0.16077E-01    0.10110E+02
    0.16402E-01    0.99850E+01
    0.16734E-01    0.98552E+01
    0.17072E-01    0.97206E+01
    0.17416E-01    0.95814E+01
    0.17768E-01    0.94375E+01
    0.18127E-01    0.92892E+01
    0.18493E-01    0.91368E+01
    0.18867E-01    0.89804E+01
    0.19248E-01    0.88203E+01
    0.19637E-01    0.86567E+01
    0.20034E-01    0.84898E+01
    0.20438E-01    0.83200E+01
    0.20851E-01    0.81475E+01
    0.21272E-01    0.79726E+01
    0.21702E-01    0.77955E+01
    0.22141E-01    0.76164E+01
    0.22588E-01    0.74355E+01
    0.23044E-01    0.72531E+01
    0.23510E-01    0.70693E+01
    0.23985E-01    0.68846E+01
    0.24469E-01    0.66991E+01
    0.24964E-01    0.65133E+01
    0.25468E-01    0.63275E+01
    0.25982E-01    0.61420E+01
    0.26507E-01    0.59572E+01
    0.27043E-01    0.57733E+01
    0.27589E-01    0.55906E+01
    0.28146E-01    0.54092E+01
    0.28715E-01    0.52295E+01
    0.29295E-01    0.50518E+01
    0.29887E-01    0.48763E+01
    0.30490E-01    0.47033E+01
    0.31106E-01    0.45332E+01
    0.31735E-01    0.43662E+01
    0.32376E-01    0.42023E+01
    0.33030E-01    0.40417E+01
    0.33697E-01    0.38846E+01
    0.34378E-01    0.37310E+01
    0.35072E-01    0.35813E+01
    0.35781E-01    0.34355E+01
    0.36504E-01    0.32939E+01
    0.37241E-01    0.31565E+01
    0.37993E-01    0.30235E+01
    0.38761E-01    0.28950E+01
    0.39544E-01    0.27710E+01
    0.40343E-01    0.26517E+01
    0.41158E-01    0.25371E+01
    0.41989E-01    0.24274E+01
    0.42838E-01    0.23226E+01
    0.43703E-01    0.22225E+01
    0.44586E-01    0.21271E+01
    0.45486E-01    0.20363E+01
    0.46405E-01    0.19499E+01
    0.47343E-01    0.18676E+01
    0.48299E-01    0.17893E+01
    0.49275E-01    0.17147E+01
    0.50270E-01    0.16434E+01
    0.51286E-01    0.15753E+01
    0.52322E-01    0.15100E+01
    0.53379E-01    0.14473E+01
    0.54457E-01    0.13872E+01
    0.55557E-01    0.13292E+01
    0.56680E-01    0.12734E+01
    0.57825E-01    0.12196E+01
    0.58993E-01    0.11677E+01
    0.60184E-01    0.11174E+01
    0.61400E-01    0.10687E+01
    0.62641E-01    0.10213E+01
    0.63906E-01    0.97520E+00
    0.65197E-01    0.93017E+00
    0.66514E-01    0.88609E+00
    0.67858E-01    0.84289E+00
    0.69229E-01    0.80053E+00
    0.70627E-01    0.75899E+00
    0.72054E-01    0.71828E+00
    0.73510E-01    0.67842E+00
    0.74994E-01    0.63946E+00
    0.76509E-01    0.60144E+00
    0.78055E-01    0.56443E+00
    0.79632E-01    0.52853E+00
    0.81241E-01    0.49382E+00
    0.82882E-01    0.46046E+00
    0.84556E-01    0.42862E+00
    0.86264E-01    0.39840E+00
    0.88007E-01    0.36992E+00
    0.89785E-01    0.34325E+00
    0.91598E-01    0.31836E+00
    0.93449E-01    0.29525E+00
    0.95337E-01    0.27393E+00
    0.97263E-01    0.25436E+00
    0.99227E-01    0.23658E+00
    0.10123E+00    0.22052E+00
    0.10328E+00    0.20609E+00
    0.10536E+00    0.19311E+00
    0.10749E+00    0.18135E+00
    0.10966E+00    0.17059E+00
    0.11188E+00    0.16062E+00
    0.11414E+00    0.15132E+00
    0.11644E+00    0.14261E+00
    0.11880E+00    0.13440E+00
    0.12120E+00    0.12659E+00
    0.12365E+00    0.11905E+00
    0.12614E+00    0.11168E+00
    0.12869E+00    0.10442E+00
    0.13129E+00    0.97248E-01
    0.13394E+00    0.90166E-01
    0.13665E+00    0.83220E-01
    0.13941E+00    0.76481E-01
    0.14223E+00    0.70049E-01
    0.14510E+00    0.64020E-01
    0.14803E+00    0.58438E-01
    0.15102E+00    0.53311E-01
    0.15407E+00    0.48638E-01
    0.15718E+00    0.44445E-01
    0.16036E+00    0.40757E-01
    0.16360E+00    0.37555E-01
    0.16690E+00    0.34762E-01
    0.17028E+00    0.32282E-01
    0.17371E+00    0.30041E-01
    0.17722E+00    0.27989E-01
    0.18080E+00    0.26078E-01
    0.18446E+00    0.24269E-01
    0.18818E+00    0.22528E-01
    0.19198E+00    0.20818E-01
    0.19586E+00    0.19118E-01
    0.19982E+00    0.17450E-01
    0.20386E+00    0.15861E-01
    0.20797E+00    0.14379E-01
    0.21218E+00    0.13013E-01
    0.21646E+00    0.11781E-01
    0.22083E+00    0.10700E-01
    0.22530E+00    0.97681E-02
    0.22985E+00    0.89589E-02
    0.23449E+00    0.82424E-02
    0.23923E+00    0.75943E-02
    0.24406E+00    0.70023E-02
    0.24899E+00    0.64513E-02
    0.25402E+00    0.59177E-02
    0.25915E+00    0.53969E-02
    0.26439E+00    0.48993E-02
    0.26973E+00    0.44302E-02
    0.27518E+00    0.39974E-02
    0.28074E+00    0.36108E-02
    0.28641E+00    0.32738E-02
    0.29219E+00    0.29792E-02
    0.29810E+00    0.27160E-02
    0.30412E+00    0.24820E-02
    0.31026E+00    0.22690E-02
    0.31653E+00    0.20680E-02
    0.32292E+00    0.18779E-02
    0.32945E+00    0.16981E-02
    0.33610E+00    0.15309E-02
    0.34289E+00    0.13806E-02
    0.34982E+00    0.12481E-02
    0.35689E+00    0.11292E-02
    0.36409E+00    0.10243E-02
    0.37145E+00    0.93002E-03
    0.37895E+00    0.84356E-03
    0.38661E+00    0.76328E-03
    0.39442E+00    0.68808E-03
    0.40239E+00    0.61978E-03
    0.41052E+00    0.55856E-03
    0.41881E+00    0.50342E-03
    0.42727E+00    0.45453E-03
    0.43590E+00    0.41063E-03
    0.44471E+00    0.37085E-03
    0.45369E+00    0.33393E-03
    0.46286E+00    0.30055E-03
    0.47221E+00    0.27030E-03
    0.48174E+00    0.24303E-03
    0.49148E+00    0.21871E-03
    0.50141E+00    0.19694E-03
    0.51153E+00    0.17709E-03
    0.52187E+00    0.15917E-03
    0.53241E+00    0.14294E-03
    0.54317E+00    0.12827E-03
    0.55414E+00    0.11514E-03
    0.56533E+00    0.10341E-03
    0.57675E+00    0.92755E-04
    0.58840E+00    0.83229E-04
    0.60029E+00    0.74590E-04
    0.61242E+00    0.66834E-04
    0.62479E+00    0.59872E-04
    0.63741E+00    0.53622E-04
    0.65029E+00    0.48013E-04
    0.66342E+00    0.42979E-04
    0.67683E+00    0.38462E-04
    0.69050E+00    0.34409E-04
    0.70445E+00    0.30774E-04
    0.71868E+00    0.27514E-04
    0.73320E+00    0.24591E-04
    0.74801E+00    0.21971E-04
    0.76312E+00    0.19624E-04
    0.77854E+00    0.17523E-04
    0.79426E+00    0.15642E-04
    0.81031E+00    0.13959E-04
    0.82668E+00    0.12453E-04
    0.84338E+00    0.11107E-04
    0.86041E+00    0.99033E-05
    0.87780E+00    0.88281E-05
    0.89553E+00    0.78675E-05
    0.91362E+00    0.70097E-05
    0.93208E+00    0.62438E-05
    0.95091E+00    0.55602E-05
    0.97011E+00    0.49502E-05
    0.98971E+00    0.44060E-05
    0.10097E+01    0.39207E-05
    0.10301E+01    0.34879E-05
    0.10509E+01    0.31022E-05
    0.10721E+01    0.27584E-05
    0.10938E+01    0.24521E-05
    0.11159E+01    0.21793E-05
    0.11384E+01    0.19364E-05
    0.11614E+01    0.17201E-05
    0.11849E+01    0.15277E-05
    0.12088E+01    0.13564E-05
    0.12333E+01    0.12041E-05
    0.12582E+01    0.10687E-05
    0.12836E+01    0.94828E-06
    0.13095E+01    0.84125E-06
    0.13360E+01    0.74615E-06
    0.13630E+01    0.66166E-06
    0.13905E+01    0.58661E-06
    0.14186E+01    0.51997E-06
    0.14472E+01    0.46081E-06
    0.14765E+01    0.40830E-06
    0.15063E+01    0.36170E-06
    0.15367E+01    0.32035E-06
    0.15678E+01    0.28368E-06
    0.15994E+01    0.25115E-06
    0.16318E+01    0.22232E-06
    0.16647E+01    0.19675E-06
    0.16984E+01    0.17410E-06
    0.17327E+01    0.15402E-06
    0.17677E+01    0.13624E-06
    0.18034E+01    0.12048E-06
    0.18398E+01    0.10653E-06
    0.18770E+01    0.94179E-07
    0.19149E+01    0.83244E-07
    0.19536E+01    0.73566E-07
    0.19930E+01    0.65002E-07
    0.20333E+01    0.57426E-07
    0.20744E+01    0.50724E-07
    0.21163E+01    0.44797E-07
    0.21590E+01    0.39556E-07
    0.22026E+01    0.34923E-07
    0.22471E+01    0.30828E-07
    0.22925E+01    0.27210E-07
    0.23388E+01    0.24012E-07
    0.23861E+01    0.21187E-07
    0.24343E+01    0.18692E-07
    0.24835E+01    0.16489E-07
    0.25336E+01    0.14543E-07
    0.25848E+01    0.12825E-07
    0.26370E+01    0.11308E-07
    0.26903E+01    0.99699E-08
    0.27447E+01    0.87887E-08
    0.28001E+01    0.77464E-08
    0.28567E+01    0.68268E-08
    0.29144E+01    0.60156E-08
    0.29733E+01    0.53002E-08
    0.30333E+01    0.46692E-08
    0.30946E+01    0.41128E-08
    0.31571E+01    0.36223E-08
    0.32209E+01    0.31899E-08
    0.32860E+01    0.28088E-08
    0.33523E+01    0.24729E-08
    0.34201E+01    0.21769E-08
    0.34892E+01    0.19161E-08
    0.35596E+01    0.16864E-08
    0.36316E+01    0.14841E-08
    0.37049E+01    0.13058E-08
    0.37798E+01    0.11489E-08
    0.38561E+01    0.10107E-08
    0.39340E+01    0.88905E-09
    0.40135E+01    0.78195E-09
    0.40946E+01    0.68769E-09
    0.41773E+01    0.60474E-09
    0.42617E+01    0.53174E-09
    0.43478E+01    0.46750E-09
    0.44356E+01    0.41099E-09
    0.45252E+01    0.36128E-09
    0.46166E+01    0.31756E-09
    0.47099E+01    0.27910E-09
    0.48050E+01    0.24527E-09
    0.49021E+01    0.21553E-09
    0.50011E+01    0.18938E-09
    0.51021E+01    0.16639E-09
    0.52052E+01    0.14618E-09
    0.53104E+01    0.12841E-09
    0.54176E+01    0.11279E-09
    0.55271E+01    0.99064E-10
    0.56387E+01    0.87002E-10
    0.57526E+01    0.76402E-10
    0.58689E+01    0.67089E-10
    0.59874E+01    0.58906E-10
    0.61084E+01    0.51718E-10
    0.62318E+01    0.45403E-10
    0.63577E+01    0.39856E-10
    0.64861E+01    0.34985E-10
    0.66171E+01    0.30706E-10
    0.67508E+01    0.26949E-10
    0.68872E+01    0.23650E-10
    0.70263E+01    0.20754E-10
    0.71682E+01    0.18211E-10
    0.73130E+01    0.15979E-10
    0.74608E+01    0.14020E-10
    0.76115E+01    0.12300E-10
    0.77653E+01    0.10791E-10
    0.79221E+01    0.94662E-11
    0.80822E+01    0.83039E-11
    0.82454E+01    0.72840E-11
    0.84120E+01    0.63890E-11
    0.85819E+01    0.56037E-11
    0.87553E+01    0.49146E-11
    0.89322E+01    0.43100E-11
    0.91126E+01    0.37796E-11
    0.92967E+01    0.33142E-11
    0.94845E+01    0.29059E-11
    0.96761E+01    0.25478E-11
    0.98716E+01    0.22336E-11
    0.10071E+02    0.19581E-11
    0.10274E+02    0.17164E-11
    0.10482E+02    0.15045E-11
    0.10694E+02    0.13187E-11
    0.10910E+02    0.11558E-11
    0.11130E+02    0.10130E-11
    0.11355E+02    0.88785E-12
    0.11584E+02    0.77811E-12
    0.11818E+02    0.68193E-12
    0.12057E+02    0.59762E-12
    0.12301E+02    0.52373E-12
    0.12549E+02    0.45896E-12
    0.12803E+02    0.40219E-12
    0.13061E+02    0.35243E-12
    0.13325E+02    0.30881E-12
    0.13594E+02    0.27058E-12
    0.13869E+02    0.23707E-12
    0.14149E+02    0.20770E-12
    0.14435E+02    0.18195E-12
    0.14727E+02    0.15939E-12
    0.15024E+02    0.13962E-12
    0.15328E+02    0.12229E-12
    0.15637E+02    0.10711E-12
    0.15953E+02    0.93810E-13
    0.16275E+02    0.82158E-13
    0.16604E+02    0.71950E-13
    0.16940E+02    0.63009E-13
    0.17282E+02    0.55177E-13
    0.17631E+02    0.48317E-13
    0.17987E+02    0.42309E-13
    0.18351E+02    0.37047E-13
    0.18721E+02    0.32439E-13
    0.19099E+02    0.28402E-13
    0.19485E+02    0.24867E-13
    0.19879E+02    0.21771E-13
    0.20280E+02    0.19060E-13
    0.20690E+02    0.16685E-13
    0.21108E+02    0.14605E-13
    0.21535E+02    0.12784E-13
    0.21970E+02    0.11190E-13
    0.22413E+02    0.97935E-14
    0.22866E+02    0.85712E-14
    0.23328E+02    0.75011E-14
    0.23799E+02    0.65645E-14
    0.24280E+02    0.57448E-14
    0.24771E+02    0.50273E-14
    0.25271E+02    0.43994E-14
    0.25782E+02    0.38500E-14
    0.26302E+02    0.33692E-14
    0.26834E+02    0.29485E-14
    0.27376E+02    0.25803E-14
    0.27929E+02    0.22581E-14
    0.28493E+02    0.19762E-14
    0.29069E+02    0.17294E-14
    0.29656E+02    0.15135E-14
    0.30255E+02    0.13245E-14
    0.30866E+02    0.11591E-14
    0.31490E+02    0.10143E-14
    0.32126E+02    0.88758E-15
    0.32775E+02    0.77668E-15
    0.33437E+02    0.67963E-15
    0.34112E+02    0.59468E-15
    0.34801E+02    0.52034E-15
    0.35504E+02    0.45528E-15
    0.36222E+02    0.39834E-15
    0.36953E+02    0.34851E-15
    0.37700E+02    0.30490E-15
    0.38462E+02    0.26674E-15
    0.39239E+02    0.23335E-15
    0.40031E+02    0.20413E-15
    0.40840E+02    0.17856E-15
    0.41665E+02    0.15618E-15
    0.42507E+02    0.13661E-15
    0.43365E+02    0.11948E-15
    0.44241E+02    0.10449E-15
    0.45135E+02    0.91385E-16
    0.46047E+02    0.79916E-16
    0.46977E+02    0.69884E-16
    0.47926E+02    0.61108E-16
    0.48894E+02    0.53431E-16
    0.49882E+02    0.46717E-16
    0.50890E+02    0.40846E-16
    0.51918E+02    0.35712E-16
    0.52966E+02    0.31223E-16
    0.54036E+02    0.27297E-16
    0.55128E+02    0.23866E-16
    0.56242E+02    0.20866E-16
    0.57378E+02    0.18243E-16
    0.58537E+02    0.15950E-16
    0.59720E+02    0.13946E-16
    0.60926E+02    0.12194E-16
    0.62157E+02    0.10661E-16
    0.63412E+02    0.93213E-17
    0.64693E+02    0.81494E-17
    0.66000E+02    0.71245E-17
    0.67334E+02    0.62281E-17
    0.68694E+02    0.54440E-17
    0.70082E+02    0.47582E-17
    0.71497E+02    0.41584E-17
    0.72942E+02    0.36338E-17
    0.74415E+02    0.31752E-17
    0.75918E+02    0.27742E-17
    0.77452E+02    0.24238E-17
    0.79017E+02    0.21175E-17
    0.80613E+02    0.18500E-17
    0.82241E+02    0.16162E-17
    0.83903E+02    0.14120E-17
    0.85598E+02    0.12336E-17
    0.87327E+02    0.10778E-17
    0.89091E+02    0.94177E-18
    0.90891E+02    0.82290E-18
    0.92727E+02    0.71903E-18
    0.94600E+02    0.62826E-18
    0.96511E+02    0.54893E-18
    0.98461E+02    0.47958E-18
    0.10045E+03    0.41896E-18
    0.10248E+03    0.36597E-18
    0.10455E+03    0.31964E-18
    0.10666E+03    0.27913E-18
    0.10882E+03    0.24373E-18
    0.11101E+03    0.21280E-18
    0.11326E+03    0.18579E-18
    0.11554E+03    0.16220E-18
    0.11788E+03    0.14162E-18
    0.12026E+03    0.12366E-18
    0.12269E+03    0.10799E-18
    0.12517E+03    0.94317E-19
    0.12770E+03    0.82395E-19
    0.13028E+03    0.71997E-19
    0.13291E+03    0.62925E-19
    0.13559E+03    0.55003E-19
    0.13833E+03    0.48083E-19
    0.14113E+03    0.42033E-19
    0.14398E+03    0.36743E-19
    0.14689E+03    0.32113E-19
    0.14985E+03    0.28062E-19
    0.15288E+03    0.24515E-19
    0.15597E+03    0.21408E-19
    0.15912E+03    0.18688E-19
    0.16233E+03    0.16307E-19
    0.16561E+03    0.14225E-19
    0.16896E+03    0.12406E-19
    0.17237E+03    0.10817E-19
    0.17585E+03    0.94315E-20
    0.17941E+03    0.82229E-20
    0.18303E+03    0.71695E-20
    0.18673E+03    0.62518E-20
    0.19050E+03    0.54527E-20
    0.19435E+03    0.47570E-20
    0.19828E+03    0.41511E-20
    0.20228E+03    0.36234E-20
    0.20637E+03    0.31634E-20
    0.21054E+03    0.27623E-20
    0.21479E+03    0.24124E-20
    0.21913E+03    0.21072E-20
    0.22356E+03    0.18407E-20
    0.22807E+03    0.16081E-20
    0.23268E+03    0.14049E-20
