    0.10000E-03    0.24280E+00
    0.10202E-03    0.24760E+00
    0.10408E-03    0.25249E+00
    0.10618E-03    0.25748E+00
    0.10833E-03    0.26258E+00
    0.11052E-03    0.26777E+00
    0.11275E-03    0.27306E+00
    0.11503E-03    0.27846E+00
    0.11735E-03    0.28396E+00
    0.11972E-03    0.28958E+00
    0.12214E-03    0.29530E+00
    0.12461E-03    0.30114E+00
    0.12712E-03    0.30709E+00
    0.12969E-03    0.31316E+00
    0.13231E-03    0.31935E+00
    0.13499E-03    0.32567E+00
    0.13771E-03    0.33211E+00
    0.14049E-03    0.33867E+00
    0.14333E-03    0.34537E+00
    0.14623E-03    0.35219E+00
    0.14918E-03    0.35915E+00
    0.15220E-03    0.36625E+00
    0.15527E-03    0.37349E+00
    0.15841E-03    0.38088E+00
    0.16161E-03    0.38840E+00
    0.16487E-03    0.39608E+00
    0.16820E-03    0.40391E+00
    0.17160E-03    0.41189E+00
    0.17507E-03    0.42004E+00
    0.17860E-03    0.42834E+00
    0.18221E-03    0.43680E+00
    0.18589E-03    0.44544E+00
    0.18965E-03    0.45424E+00
    0.19348E-03    0.46322E+00
    0.19739E-03    0.47237E+00
    0.20138E-03    0.48171E+00
    0.20544E-03    0.49123E+00
    0.20959E-03    0.50094E+00
    0.21383E-03    0.51084E+00
    0.21815E-03    0.52093E+00
    0.22255E-03    0.53122E+00
    0.22705E-03    0.54172E+00
    0.23164E-03    0.55242E+00
    0.23632E-03    0.56334E+00
    0.24109E-03    0.57447E+00
    0.24596E-03    0.58582E+00
    0.25093E-03    0.59740E+00
    0.25600E-03    0.60920E+00
    0.26117E-03    0.62123E+00
    0.26645E-03    0.63351E+00
    0.27183E-03    0.64602E+00
    0.27732E-03    0.65878E+00
    0.28292E-03    0.67180E+00
    0.28864E-03    0.68507E+00
    0.29447E-03    0.69860E+00
    0.30042E-03    0.71239E+00
    0.30649E-03    0.72646E+00
    0.31268E-03    0.74081E+00
    0.31899E-03    0.75544E+00
    0.32544E-03    0.77036E+00
    0.33201E-03    0.78557E+00
    0.33872E-03    0.80108E+00
    0.34556E-03    0.81690E+00
    0.35254E-03    0.83302E+00
    0.35966E-03    0.84947E+00
    0.36693E-03    0.86624E+00
    0.37434E-03    0.88333E+00
    0.38190E-03    0.90077E+00
    0.38962E-03    0.91855E+00
    0.39749E-03    0.93667E+00
    0.40552E-03    0.95515E+00
    0.41371E-03    0.97400E+00
    0.42207E-03    0.99322E+00
    0.43060E-03    0.10128E+01
    0.43929E-03    0.10328E+01
    0.44817E-03    0.10532E+01
    0.45722E-03    0.10739E+01
    0.46646E-03    0.10951E+01
    0.47588E-03    0.11167E+01
    0.48550E-03    0.11387E+01
    0.49530E-03    0.11612E+01
    0.50531E-03    0.11840E+01
    0.51552E-03    0.12074E+01
    0.52593E-03    0.12312E+01
    0.53656E-03    0.12554E+01
    0.54739E-03    0.12802E+01
    0.55845E-03    0.13054E+01
    0.56973E-03    0.13311E+01
    0.58124E-03    0.13573E+01
    0.59299E-03    0.13840E+01
    0.60496E-03    0.14112E+01
    0.61719E-03    0.14390E+01
    0.62965E-03    0.14673E+01
    0.64237E-03    0.14962E+01
    0.65535E-03    0.15256E+01
    0.66859E-03    0.15556E+01
    0.68210E-03    0.15862E+01
    0.69588E-03    0.16174E+01
    0.70993E-03    0.16492E+01
    0.72427E-03    0.16816E+01
    0.73891E-03    0.17146E+01
    0.75383E-03    0.17482E+01
    0.76906E-03    0.17826E+01
    0.78460E-03    0.18175E+01
    0.80045E-03    0.18532E+01
    0.81662E-03    0.18895E+01
    0.83311E-03    0.19266E+01
    0.84994E-03    0.19643E+01
    0.86711E-03    0.20028E+01
    0.88463E-03    0.20420E+01
    0.90250E-03    0.20820E+01
    0.92073E-03    0.21227E+01
    0.93933E-03    0.21642E+01
    0.95831E-03    0.22065E+01
    0.97767E-03    0.22497E+01
    0.99742E-03    0.22936E+01
    0.10176E-02    0.23384E+01
    0.10381E-02    0.23840E+01
    0.10591E-02    0.24305E+01
    0.10805E-02    0.24779E+01
    0.11023E-02    0.25261E+01
    0.11246E-02    0.25753E+01
    0.11473E-02    0.26254E+01
    0.11705E-02    0.26764E+01
    0.11941E-02    0.27284E+01
    0.12182E-02    0.27814E+01
    0.12429E-02    0.28353E+01
    0.12680E-02    0.28903E+01
    0.12936E-02    0.29463E+01
    0.13197E-02    0.30033E+01
    0.13464E-02    0.30614E+01
    0.13736E-02    0.31205E+01
    0.14013E-02    0.31808E+01
    0.14296E-02    0.32421E+01
    0.14585E-02    0.33045E+01
    0.14880E-02    0.33681E+01
    0.15180E-02    0.34329E+01
    0.15487E-02    0.34988E+01
    0.15800E-02    0.35659E+01
    0.16119E-02    0.36342E+01
    0.16445E-02    0.37037E+01
    0.16777E-02    0.37745E+01
    0.17116E-02    0.38465E+01
    0.17462E-02    0.39198E+01
    0.17814E-02    0.39943E+01
    0.18174E-02    0.40702E+01
    0.18541E-02    0.41474E+01
    0.18916E-02    0.42259E+01
    0.19298E-02    0.43058E+01
    0.19688E-02    0.43870E+01
    0.20086E-02    0.44696E+01
    0.20491E-02    0.45536E+01
    0.20905E-02    0.46391E+01
    0.21328E-02    0.47259E+01
    0.21758E-02    0.48142E+01
    0.22198E-02    0.49039E+01
    0.22646E-02    0.49951E+01
    0.23104E-02    0.50878E+01
    0.23571E-02    0.51819E+01
    0.24047E-02    0.52776E+01
    0.24533E-02    0.53747E+01
    0.25028E-02    0.54734E+01
    0.25534E-02    0.55736E+01
    0.26050E-02    0.56753E+01
    0.26576E-02    0.57786E+01
    0.27113E-02    0.58834E+01
    0.27660E-02    0.59897E+01
    0.28219E-02    0.60976E+01
    0.28789E-02    0.62071E+01
    0.29371E-02    0.63181E+01
    0.29964E-02    0.64307E+01
    0.30569E-02    0.65448E+01
    0.31187E-02    0.66605E+01
    0.31817E-02    0.67778E+01
    0.32460E-02    0.68966E+01
    0.33115E-02    0.70169E+01
    0.33784E-02    0.71388E+01
    0.34467E-02    0.72622E+01
    0.35163E-02    0.73871E+01
    0.35874E-02    0.75135E+01
    0.36598E-02    0.76414E+01
    0.37338E-02    0.77707E+01
    0.38092E-02    0.79015E+01
    0.38861E-02    0.80338E+01
    0.39646E-02    0.81674E+01
    0.40447E-02    0.83025E+01
    0.41264E-02    0.84389E+01
    0.42098E-02    0.85766E+01
    0.42948E-02    0.87156E+01
    0.43816E-02    0.88560E+01
    0.44701E-02    0.89975E+01
    0.45604E-02    0.91403E+01
    0.46525E-02    0.92842E+01
    0.47465E-02    0.94292E+01
    0.48424E-02    0.95753E+01
    0.49402E-02    0.97225E+01
    0.50400E-02    0.98706E+01
    0.51419E-02    0.10020E+02
    0.52457E-02    0.10170E+02
    0.53517E-02    0.10320E+02
    0.54598E-02    0.10472E+02
    0.55701E-02    0.10624E+02
    0.56826E-02    0.10777E+02
    0.57974E-02    0.10931E+02
    0.59145E-02    0.11085E+02
    0.60340E-02    0.11239E+02
    0.61559E-02    0.11394E+02
    0.62803E-02    0.11549E+02
    0.64072E-02    0.11705E+02
    0.65366E-02    0.11860E+02
    0.66686E-02    0.12016E+02
    0.68033E-02    0.12171E+02
    0.69408E-02    0.12327E+02
    0.70810E-02    0.12482E+02
    0.72240E-02    0.12637E+02
    0.73700E-02    0.12791E+02
    0.75189E-02    0.12945E+02
    0.76708E-02    0.13098E+02
    0.78257E-02    0.13250E+02
    0.79838E-02    0.13402E+02
    0.81451E-02    0.13552E+02
    0.83096E-02    0.13701E+02
    0.84775E-02    0.13849E+02
    0.86488E-02    0.13996E+02
    0.88235E-02    0.14140E+02
    0.90017E-02    0.14283E+02
    0.91836E-02    0.14424E+02
    0.93691E-02    0.14563E+02
    0.95583E-02    0.14700E+02
    0.97514E-02    0.14834E+02
    0.99484E-02    0.14966E+02
    0.10149E-01    0.15094E+02
    0.10354E-01    0.15220E+02
    0.10564E-01    0.15343E+02
    0.10777E-01    0.15462E+02
    0.10995E-01    0.15577E+02
    0.11217E-01    0.15689E+02
    0.11443E-01    0.15797E+02
    0.11675E-01    0.15900E+02
    0.11910E-01    0.15999E+02
    0.12151E-01    0.16094E+02
    0.12397E-01    0.16184E+02
    0.12647E-01    0.16268E+02
    0.12902E-01    0.16348E+02
    0.13163E-01    0.16422E+02
    0.13429E-01    0.16490E+02
    0.13700E-01    0.16553E+02
    0.13977E-01    0.16609E+02
    0.14259E-01    0.16659E+02
    0.14547E-01    0.16703E+02
    0.14841E-01    0.16740E+02
    0.15141E-01    0.16770E+02
    0.15447E-01    0.16793E+02
    0.15759E-01    0.16809E+02
    0.16077E-01    0.16817E+02
    0.16402E-01    0.16818E+02
    0.16734E-01    0.16811E+02
    0.17072E-01    0.16797E+02
    0.17416E-01    0.16774E+02
    0.17768E-01    0.16743E+02
    0.18127E-01    0.16704E+02
    0.18493E-01    0.16657E+02
    0.18867E-01    0.16601E+02
    0.19248E-01    0.16536E+02
    0.19637E-01    0.16464E+02
    0.20034E-01    0.16382E+02
    0.20438E-01    0.16292E+02
    0.20851E-01    0.16194E+02
    0.21272E-01    0.16087E+02
    0.21702E-01    0.15972E+02
    0.22141E-01    0.15848E+02
    0.22588E-01    0.15716E+02
    0.23044E-01    0.15576E+02
    0.23510E-01    0.15428E+02
    0.23985E-01    0.15273E+02
    0.24469E-01    0.15109E+02
    0.24964E-01    0.14939E+02
    0.25468E-01    0.14762E+02
    0.25982E-01    0.14578E+02
    0.26507E-01    0.14388E+02
    0.27043E-01    0.14192E+02
    0.27589E-01    0.13990E+02
    0.28146E-01    0.13783E+02
    0.28715E-01    0.13572E+02
    0.29295E-01    0.13356E+02
    0.29887E-01    0.13137E+02
    0.30490E-01    0.12915E+02
    0.31106E-01    0.12690E+02
    0.31735E-01    0.12464E+02
    0.32376E-01    0.12235E+02
    0.33030E-01    0.12006E+02
    0.33697E-01    0.11777E+02
    0.34378E-01    0.11549E+02
    0.35072E-01    0.11321E+02
    0.35781E-01    0.11095E+02
    0.36504E-01    0.10871E+02
    0.37241E-01    0.10650E+02
    0.37993E-01    0.10433E+02
    0.38761E-01    0.10219E+02
    0.39544E-01    0.10010E+02
    0.40343E-01    0.98056E+01
    0.41158E-01    0.96068E+01
    0.41989E-01    0.94138E+01
    0.42838E-01    0.92269E+01
    0.43703E-01    0.90466E+01
    0.44586E-01    0.88729E+01
    0.45486E-01    0.87061E+01
    0.46405E-01    0.85462E+01
    0.47343E-01    0.83933E+01
    0.48299E-01    0.82474E+01
    0.49275E-01    0.81082E+01
    0.50270E-01    0.79756E+01
    0.51286E-01    0.78491E+01
    0.52322E-01    0.77284E+01
    0.53379E-01    0.76129E+01
    0.54457E-01    0.75020E+01
    0.55557E-01    0.73950E+01
    0.56680E-01    0.72911E+01
    0.57825E-01    0.71895E+01
    0.58993E-01    0.70892E+01
    0.60184E-01    0.69892E+01
    0.61400E-01    0.68885E+01
    0.62641E-01    0.67862E+01
    0.63906E-01    0.66812E+01
    0.65197E-01    0.65726E+01
    0.66514E-01    0.64594E+01
    0.67858E-01    0.63409E+01
    0.69229E-01    0.62165E+01
    0.70627E-01    0.60856E+01
    0.72054E-01    0.59480E+01
    0.73510E-01    0.58035E+01
    0.74994E-01    0.56523E+01
    0.76509E-01    0.54950E+01
    0.78055E-01    0.53323E+01
    0.79632E-01    0.51650E+01
    0.81241E-01    0.49945E+01
    0.82882E-01    0.48222E+01
    0.84556E-01    0.46495E+01
    0.86264E-01    0.44781E+01
    0.88007E-01    0.43099E+01
    0.89785E-01    0.41465E+01
    0.91598E-01    0.39895E+01
    0.93449E-01    0.38405E+01
    0.95337E-01    0.37006E+01
    0.97263E-01    0.35710E+01
    0.99227E-01    0.34524E+01
    0.10123E+00    0.33450E+01
    0.10328E+00    0.32489E+01
    0.10536E+00    0.31637E+01
    0.10749E+00    0.30885E+01
    0.10966E+00    0.30222E+01
    0.11188E+00    0.29633E+01
    0.11414E+00    0.29098E+01
    0.11644E+00    0.28596E+01
    0.11880E+00    0.28106E+01
    0.12120E+00    0.27603E+01
    0.12365E+00    0.27069E+01
    0.12614E+00    0.26483E+01
    0.12869E+00    0.25834E+01
    0.13129E+00    0.25114E+01
    0.13394E+00    0.24320E+01
    0.13665E+00    0.23461E+01
    0.13941E+00    0.22548E+01
    0.14223E+00    0.21603E+01
    0.14510E+00    0.20647E+01
    0.14803E+00    0.19708E+01
    0.15102E+00    0.18808E+01
    0.15407E+00    0.17972E+01
    0.15718E+00    0.17215E+01
    0.16036E+00    0.16548E+01
    0.16360E+00    0.15976E+01
    0.16690E+00    0.15492E+01
    0.17028E+00    0.15086E+01
    0.17371E+00    0.14738E+01
    0.17722E+00    0.14426E+01
    0.18080E+00    0.14124E+01
    0.18446E+00    0.13807E+01
    0.18818E+00    0.13455E+01
    0.19198E+00    0.13055E+01
    0.19586E+00    0.12604E+01
    0.19982E+00    0.12107E+01
    0.20386E+00    0.11580E+01
    0.20797E+00    0.11044E+01
    0.21218E+00    0.10524E+01
    0.21646E+00    0.10040E+01
    0.22083E+00    0.96093E+00
    0.22530E+00    0.92385E+00
    0.22985E+00    0.89259E+00
    0.23449E+00    0.86611E+00
    0.23923E+00    0.84271E+00
    0.24406E+00    0.82036E+00
    0.24899E+00    0.79712E+00
    0.25402E+00    0.77163E+00
    0.25915E+00    0.74341E+00
    0.26439E+00    0.71287E+00
    0.26973E+00    0.68126E+00
    0.27518E+00    0.65020E+00
    0.28074E+00    0.62123E+00
    0.28641E+00    0.59539E+00
    0.29219E+00    0.57297E+00
    0.29810E+00    0.55343E+00
    0.30412E+00    0.53568E+00
    0.31026E+00    0.51839E+00
    0.31653E+00    0.50050E+00
    0.32292E+00    0.48148E+00
    0.32945E+00    0.46155E+00
    0.33610E+00    0.44148E+00
    0.34289E+00    0.42223E+00
    0.34982E+00    0.40455E+00
    0.35689E+00    0.38869E+00
    0.36409E+00    0.37436E+00
    0.37145E+00    0.36088E+00
    0.37895E+00    0.34756E+00
    0.38661E+00    0.33397E+00
    0.39442E+00    0.32016E+00
    0.40239E+00    0.30652E+00
    0.41052E+00    0.29354E+00
    0.41881E+00    0.28151E+00
    0.42727E+00    0.27040E+00
    0.43590E+00    0.25991E+00
    0.44471E+00    0.24969E+00
    0.45369E+00    0.23954E+00
    0.46286E+00    0.22951E+00
    0.47221E+00    0.21981E+00
    0.48174E+00    0.21063E+00
    0.49148E+00    0.20201E+00
    0.50141E+00    0.19381E+00
    0.51153E+00    0.18588E+00
    0.52187E+00    0.17814E+00
    0.53241E+00    0.17061E+00
    0.54317E+00    0.16340E+00
    0.55414E+00    0.15655E+00
    0.56533E+00    0.15002E+00
    0.57675E+00    0.14373E+00
    0.58840E+00    0.13765E+00
    0.60029E+00    0.13180E+00
    0.61242E+00    0.12619E+00
    0.62479E+00    0.12081E+00
    0.63741E+00    0.11565E+00
    0.65029E+00    0.11070E+00
    0.66342E+00    0.10596E+00
    0.67683E+00    0.10141E+00
    0.69050E+00    0.97049E-01
    0.70445E+00    0.92864E-01
    0.71868E+00    0.88849E-01
    0.73320E+00    0.84999E-01
    0.74801E+00    0.81306E-01
    0.76312E+00    0.77766E-01
    0.77854E+00    0.74372E-01
    0.79426E+00    0.71119E-01
    0.81031E+00    0.68002E-01
    0.82668E+00    0.65015E-01
    0.84338E+00    0.62153E-01
    0.86041E+00    0.59412E-01
    0.87780E+00    0.56787E-01
    0.89553E+00    0.54274E-01
    0.91362E+00    0.51867E-01
    0.93208E+00    0.49562E-01
    0.95091E+00    0.47356E-01
    0.97011E+00    0.45244E-01
    0.98971E+00    0.43223E-01
    0.10097E+01    0.41289E-01
    0.10301E+01    0.39437E-01
    0.10509E+01    0.37666E-01
    0.10721E+01    0.35971E-01
    0.10938E+01    0.34349E-01
    0.11159E+01    0.32798E-01
    0.11384E+01    0.31314E-01
    0.11614E+01    0.29895E-01
    0.11849E+01    0.28538E-01
    0.12088E+01    0.27241E-01
    0.12333E+01    0.26000E-01
    0.12582E+01    0.24814E-01
    0.12836E+01    0.23681E-01
    0.13095E+01    0.22597E-01
    0.13360E+01    0.21562E-01
    0.13630E+01    0.20572E-01
    0.13905E+01    0.19626E-01
    0.14186E+01    0.18723E-01
    0.14472E+01    0.17860E-01
    0.14765E+01    0.17035E-01
    0.15063E+01    0.16247E-01
    0.15367E+01    0.15495E-01
    0.15678E+01    0.14776E-01
    0.15994E+01    0.14089E-01
    0.16318E+01    0.13434E-01
    0.16647E+01    0.12808E-01
    0.16984E+01    0.12211E-01
    0.17327E+01    0.11640E-01
    0.17677E+01    0.11096E-01
    0.18034E+01    0.10576E-01
    0.18398E+01    0.10080E-01
    0.18770E+01    0.96066E-02
    0.19149E+01    0.91549E-02
    0.19536E+01    0.87239E-02
    0.19930E+01    0.83127E-02
    0.20333E+01    0.79204E-02
    0.20744E+01    0.75462E-02
    0.21163E+01    0.71892E-02
    0.21590E+01    0.68487E-02
    0.22026E+01    0.65239E-02
    0.22471E+01    0.62141E-02
    0.22925E+01    0.59187E-02
    0.23388E+01    0.56369E-02
    0.23861E+01    0.53683E-02
    0.24343E+01    0.51121E-02
    0.24835E+01    0.48679E-02
    0.25336E+01    0.46350E-02
    0.25848E+01    0.44130E-02
    0.26370E+01    0.42015E-02
    0.26903E+01    0.39998E-02
    0.27447E+01    0.38076E-02
    0.28001E+01    0.36245E-02
    0.28567E+01    0.34500E-02
    0.29144E+01    0.32837E-02
    0.29733E+01    0.31253E-02
    0.30333E+01    0.29743E-02
    0.30946E+01    0.28305E-02
    0.31571E+01    0.26936E-02
    0.32209E+01    0.25631E-02
    0.32860E+01    0.24388E-02
    0.33523E+01    0.23204E-02
    0.34201E+01    0.22077E-02
    0.34892E+01    0.21003E-02
    0.35596E+01    0.19981E-02
    0.36316E+01    0.19007E-02
    0.37049E+01    0.18080E-02
    0.37798E+01    0.17197E-02
    0.38561E+01    0.16356E-02
    0.39340E+01    0.15556E-02
    0.40135E+01    0.14794E-02
    0.40946E+01    0.14069E-02
    0.41773E+01    0.13379E-02
    0.42617E+01    0.12722E-02
    0.43478E+01    0.12097E-02
    0.44356E+01    0.11502E-02
    0.45252E+01    0.10936E-02
    0.46166E+01    0.10397E-02
    0.47099E+01    0.98847E-03
    0.48050E+01    0.93970E-03
    0.49021E+01    0.89330E-03
    0.50011E+01    0.84915E-03
    0.51021E+01    0.80714E-03
    0.52052E+01    0.76719E-03
    0.53104E+01    0.72917E-03
    0.54176E+01    0.69301E-03
    0.55271E+01    0.65862E-03
    0.56387E+01    0.62590E-03
    0.57526E+01    0.59479E-03
    0.58689E+01    0.56519E-03
    0.59874E+01    0.53705E-03
    0.61084E+01    0.51029E-03
    0.62318E+01    0.48484E-03
    0.63577E+01    0.46065E-03
    0.64861E+01    0.43764E-03
    0.66171E+01    0.41577E-03
    0.67508E+01    0.39497E-03
    0.68872E+01    0.37520E-03
    0.70263E+01    0.35641E-03
    0.71682E+01    0.33854E-03
    0.73130E+01    0.32156E-03
    0.74608E+01    0.30542E-03
    0.76115E+01    0.29008E-03
    0.77653E+01    0.27550E-03
    0.79221E+01    0.26164E-03
    0.80822E+01    0.24847E-03
    0.82454E+01    0.23596E-03
    0.84120E+01    0.22406E-03
    0.85819E+01    0.21276E-03
    0.87553E+01    0.20203E-03
    0.89322E+01    0.19182E-03
    0.91126E+01    0.18213E-03
    0.92967E+01    0.17292E-03
    0.94845E+01    0.16417E-03
    0.96761E+01    0.15586E-03
    0.98716E+01    0.14796E-03
    0.10071E+02    0.14046E-03
    0.10274E+02    0.13334E-03
    0.10482E+02    0.12657E-03
    0.10694E+02    0.12014E-03
    0.10910E+02    0.11404E-03
    0.11130E+02    0.10824E-03
    0.11355E+02    0.10273E-03
    0.11584E+02    0.97500E-04
    0.11818E+02    0.92534E-04
    0.12057E+02    0.87817E-04
    0.12301E+02    0.83339E-04
    0.12549E+02    0.79086E-04
    0.12803E+02    0.75048E-04
    0.13061E+02    0.71214E-04
    0.13325E+02    0.67574E-04
    0.13594E+02    0.64118E-04
    0.13869E+02    0.60837E-04
    0.14149E+02    0.57722E-04
    0.14435E+02    0.54765E-04
    0.14727E+02    0.51958E-04
    0.15024E+02    0.49293E-04
    0.15328E+02    0.46763E-04
    0.15637E+02    0.44362E-04
    0.15953E+02    0.42084E-04
    0.16275E+02    0.39921E-04
    0.16604E+02    0.37868E-04
    0.16940E+02    0.35919E-04
    0.17282E+02    0.34070E-04
    0.17631E+02    0.32316E-04
    0.17987E+02    0.30651E-04
    0.18351E+02    0.29070E-04
    0.18721E+02    0.27571E-04
    0.19099E+02    0.26148E-04
    0.19485E+02    0.24798E-04
    0.19879E+02    0.23517E-04
    0.20280E+02    0.22302E-04
    0.20690E+02    0.21149E-04
    0.21108E+02    0.20055E-04
    0.21535E+02    0.19017E-04
    0.21970E+02    0.18032E-04
    0.22413E+02    0.17098E-04
    0.22866E+02    0.16211E-04
    0.23328E+02    0.15371E-04
    0.23799E+02    0.14573E-04
    0.24280E+02    0.13817E-04
    0.24771E+02    0.13099E-04
    0.25271E+02    0.12419E-04
    0.25782E+02    0.11773E-04
    0.26302E+02    0.11161E-04
    0.26834E+02    0.10581E-04
    0.27376E+02    0.10030E-04
    0.27929E+02    0.95077E-05
    0.28493E+02    0.90124E-05
    0.29069E+02    0.85427E-05
    0.29656E+02    0.80973E-05
    0.30255E+02    0.76749E-05
    0.30866E+02    0.72744E-05
    0.31490E+02    0.68946E-05
    0.32126E+02    0.65345E-05
    0.32775E+02    0.61931E-05
    0.33437E+02    0.58693E-05
    0.34112E+02    0.55624E-05
    0.34801E+02    0.52714E-05
    0.35504E+02    0.49954E-05
    0.36222E+02    0.47338E-05
    0.36953E+02    0.44859E-05
    0.37700E+02    0.42508E-05
    0.38462E+02    0.40279E-05
    0.39239E+02    0.38166E-05
    0.40031E+02    0.36163E-05
    0.40840E+02    0.34265E-05
    0.41665E+02    0.32465E-05
    0.42507E+02    0.30760E-05
    0.43365E+02    0.29143E-05
    0.44241E+02    0.27610E-05
    0.45135E+02    0.26158E-05
    0.46047E+02    0.24781E-05
    0.46977E+02    0.23476E-05
    0.47926E+02    0.22240E-05
    0.48894E+02    0.21068E-05
    0.49882E+02    0.19957E-05
    0.50890E+02    0.18905E-05
    0.51918E+02    0.17908E-05
    0.52966E+02    0.16962E-05
    0.54036E+02    0.16067E-05
    0.55128E+02    0.15218E-05
    0.56242E+02    0.14414E-05
    0.57378E+02    0.13652E-05
    0.58537E+02    0.12930E-05
    0.59720E+02    0.12246E-05
    0.60926E+02    0.11598E-05
    0.62157E+02    0.10983E-05
    0.63412E+02    0.10401E-05
    0.64693E+02    0.98502E-06
    0.66000E+02    0.93279E-06
    0.67334E+02    0.88331E-06
    0.68694E+02    0.83644E-06
    0.70082E+02    0.79203E-06
    0.71497E+02    0.74996E-06
    0.72942E+02    0.71011E-06
    0.74415E+02    0.67236E-06
    0.75918E+02    0.63660E-06
    0.77452E+02    0.60273E-06
    0.79017E+02    0.57065E-06
    0.80613E+02    0.54026E-06
    0.82241E+02    0.51147E-06
    0.83903E+02    0.48421E-06
    0.85598E+02    0.45839E-06
    0.87327E+02    0.43393E-06
    0.89091E+02    0.41077E-06
    0.90891E+02    0.38883E-06
    0.92727E+02    0.36805E-06
    0.94600E+02    0.34838E-06
    0.96511E+02    0.32975E-06
    0.98461E+02    0.31210E-06
    0.10045E+03    0.29539E-06
    0.10248E+03    0.27957E-06
    0.10455E+03    0.26459E-06
    0.10666E+03    0.25040E-06
    0.10882E+03    0.23697E-06
    0.11101E+03    0.22425E-06
    0.11326E+03    0.21220E-06
    0.11554E+03    0.20080E-06
    0.11788E+03    0.19000E-06
    0.12026E+03    0.17978E-06
    0.12269E+03    0.17010E-06
    0.12517E+03    0.16094E-06
    0.12770E+03    0.15227E-06
    0.13028E+03    0.14405E-06
    0.13291E+03    0.13628E-06
    0.13559E+03    0.12892E-06
    0.13833E+03    0.12195E-06
    0.14113E+03    0.11536E-06
    0.14398E+03    0.10912E-06
    0.14689E+03    0.10321E-06
    0.14985E+03    0.97616E-07
    0.15288E+03    0.92323E-07
    0.15597E+03    0.87314E-07
    0.15912E+03    0.82573E-07
    0.16233E+03    0.78087E-07
    0.16561E+03    0.73841E-07
    0.16896E+03    0.69823E-07
    0.17237E+03    0.66020E-07
    0.17585E+03    0.62420E-07
    0.17941E+03    0.59014E-07
    0.18303E+03    0.55789E-07
    0.18673E+03    0.52738E-07
    0.19050E+03    0.49850E-07
    0.19435E+03    0.47116E-07
    0.19828E+03    0.44530E-07
    0.20228E+03    0.42083E-07
    0.20637E+03    0.39768E-07
    0.21054E+03    0.37579E-07
    0.21479E+03    0.35508E-07
    0.21913E+03    0.33551E-07
    0.22356E+03    0.31701E-07
    0.22807E+03    0.29952E-07
    0.23268E+03    0.28300E-07
