    0.10000E-03    0.24258E+00
    0.10202E-03    0.24737E+00
    0.10408E-03    0.25226E+00
    0.10618E-03    0.25725E+00
    0.10833E-03    0.26234E+00
    0.11052E-03    0.26752E+00
    0.11275E-03    0.27281E+00
    0.11503E-03    0.27820E+00
    0.11735E-03    0.28370E+00
    0.11972E-03    0.28931E+00
    0.12214E-03    0.29503E+00
    0.12461E-03    0.30086E+00
    0.12712E-03    0.30681E+00
    0.12969E-03    0.31288E+00
    0.13231E-03    0.31906E+00
    0.13499E-03    0.32537E+00
    0.13771E-03    0.33180E+00
    0.14049E-03    0.33836E+00
    0.14333E-03    0.34505E+00
    0.14623E-03    0.35187E+00
    0.14918E-03    0.35883E+00
    0.15220E-03    0.36592E+00
    0.15527E-03    0.37315E+00
    0.15841E-03    0.38053E+00
    0.16161E-03    0.38805E+00
    0.16487E-03    0.39572E+00
    0.16820E-03    0.40354E+00
    0.17160E-03    0.41152E+00
    0.17507E-03    0.41965E+00
    0.17860E-03    0.42795E+00
    0.18221E-03    0.43641E+00
    0.18589E-03    0.44503E+00
    0.18965E-03    0.45383E+00
    0.19348E-03    0.46280E+00
    0.19739E-03    0.47194E+00
    0.20138E-03    0.48127E+00
    0.20544E-03    0.49078E+00
    0.20959E-03    0.50048E+00
    0.21383E-03    0.51037E+00
    0.21815E-03    0.52045E+00
    0.22255E-03    0.53074E+00
    0.22705E-03    0.54123E+00
    0.23164E-03    0.55192E+00
    0.23632E-03    0.56283E+00
    0.24109E-03    0.57395E+00
    0.24596E-03    0.58529E+00
    0.25093E-03    0.59685E+00
    0.25600E-03    0.60864E+00
    0.26117E-03    0.62067E+00
    0.26645E-03    0.63293E+00
    0.27183E-03    0.64543E+00
    0.27732E-03    0.65818E+00
    0.28292E-03    0.67118E+00
    0.28864E-03    0.68444E+00
    0.29447E-03    0.69796E+00
    0.30042E-03    0.71174E+00
    0.30649E-03    0.72580E+00
    0.31268E-03    0.74013E+00
    0.31899E-03    0.75475E+00
    0.32544E-03    0.76965E+00
    0.33201E-03    0.78485E+00
    0.33872E-03    0.80035E+00
    0.34556E-03    0.81615E+00
    0.35254E-03    0.83226E+00
    0.35966E-03    0.84869E+00
    0.36693E-03    0.86544E+00
    0.37434E-03    0.88253E+00
    0.38190E-03    0.89994E+00
    0.38962E-03    0.91771E+00
    0.39749E-03    0.93582E+00
    0.40552E-03    0.95428E+00
    0.41371E-03    0.97311E+00
    0.42207E-03    0.99231E+00
    0.43060E-03    0.10119E+01
    0.43929E-03    0.10318E+01
    0.44817E-03    0.10522E+01
    0.45722E-03    0.10729E+01
    0.46646E-03    0.10941E+01
    0.47588E-03    0.11157E+01
    0.48550E-03    0.11377E+01
    0.49530E-03    0.11601E+01
    0.50531E-03    0.11830E+01
    0.51552E-03    0.12063E+01
    0.52593E-03    0.12300E+01
    0.53656E-03    0.12543E+01
    0.54739E-03    0.12790E+01
    0.55845E-03    0.13042E+01
    0.56973E-03    0.13299E+01
    0.58124E-03    0.13560E+01
    0.59299E-03    0.13827E+01
    0.60496E-03    0.14100E+01
    0.61719E-03    0.14377E+01
    0.62965E-03    0.14660E+01
    0.64237E-03    0.14948E+01
    0.65535E-03    0.15242E+01
    0.66859E-03    0.15542E+01
    0.68210E-03    0.15847E+01
    0.69588E-03    0.16159E+01
    0.70993E-03    0.16476E+01
    0.72427E-03    0.16800E+01
    0.73891E-03    0.17130E+01
    0.75383E-03    0.17466E+01
    0.76906E-03    0.17809E+01
    0.78460E-03    0.18159E+01
    0.80045E-03    0.18515E+01
    0.81662E-03    0.18878E+01
    0.83311E-03    0.19248E+01
    0.84994E-03    0.19625E+01
    0.86711E-03    0.20009E+01
    0.88463E-03    0.20401E+01
    0.90250E-03    0.20801E+01
    0.92073E-03    0.21208E+01
    0.93933E-03    0.21622E+01
    0.95831E-03    0.22045E+01
    0.97767E-03    0.22476E+01
    0.99742E-03    0.22915E+01
    0.10176E-02    0.23362E+01
    0.10381E-02    0.23818E+01
    0.10591E-02    0.24282E+01
    0.10805E-02    0.24755E+01
    0.11023E-02    0.25238E+01
    0.11246E-02    0.25729E+01
    0.11473E-02    0.26229E+01
    0.11705E-02    0.26739E+01
    0.11941E-02    0.27259E+01
    0.12182E-02    0.27788E+01
    0.12429E-02    0.28327E+01
    0.12680E-02    0.28876E+01
    0.12936E-02    0.29435E+01
    0.13197E-02    0.30005E+01
    0.13464E-02    0.30585E+01
    0.13736E-02    0.31176E+01
    0.14013E-02    0.31777E+01
    0.14296E-02    0.32390E+01
    0.14585E-02    0.33014E+01
    0.14880E-02    0.33649E+01
    0.15180E-02    0.34296E+01
    0.15487E-02    0.34954E+01
    0.15800E-02    0.35625E+01
    0.16119E-02    0.36307E+01
    0.16445E-02    0.37001E+01
    0.16777E-02    0.37708E+01
    0.17116E-02    0.38428E+01
    0.17462E-02    0.39160E+01
    0.17814E-02    0.39905E+01
    0.18174E-02    0.40662E+01
    0.18541E-02    0.41433E+01
    0.18916E-02    0.42218E+01
    0.19298E-02    0.43016E+01
    0.19688E-02    0.43827E+01
    0.20086E-02    0.44652E+01
    0.20491E-02    0.45492E+01
    0.20905E-02    0.46345E+01
    0.21328E-02    0.47212E+01
    0.21758E-02    0.48094E+01
    0.22198E-02    0.48990E+01
    0.22646E-02    0.49901E+01
    0.23104E-02    0.50827E+01
    0.23571E-02    0.51767E+01
    0.24047E-02    0.52723E+01
    0.24533E-02    0.53693E+01
    0.25028E-02    0.54679E+01
    0.25534E-02    0.55679E+01
    0.26050E-02    0.56695E+01
    0.26576E-02    0.57727E+01
    0.27113E-02    0.58774E+01
    0.27660E-02    0.59836E+01
    0.28219E-02    0.60914E+01
    0.28789E-02    0.62007E+01
    0.29371E-02    0.63116E+01
    0.29964E-02    0.64240E+01
    0.30569E-02    0.65380E+01
    0.31187E-02    0.66536E+01
    0.31817E-02    0.67707E+01
    0.32460E-02    0.68893E+01
    0.33115E-02    0.70095E+01
    0.33784E-02    0.71313E+01
    0.34467E-02    0.72545E+01
    0.35163E-02    0.73793E+01
    0.35874E-02    0.75055E+01
    0.36598E-02    0.76333E+01
    0.37338E-02    0.77625E+01
    0.38092E-02    0.78931E+01
    0.38861E-02    0.80252E+01
    0.39646E-02    0.81587E+01
    0.40447E-02    0.82936E+01
    0.41264E-02    0.84299E+01
    0.42098E-02    0.85675E+01
    0.42948E-02    0.87063E+01
    0.43816E-02    0.88465E+01
    0.44701E-02    0.89879E+01
    0.45604E-02    0.91305E+01
    0.46525E-02    0.92743E+01
    0.47465E-02    0.94192E+01
    0.48424E-02    0.95652E+01
    0.49402E-02    0.97122E+01
    0.50400E-02    0.98603E+01
    0.51419E-02    0.10009E+02
    0.52457E-02    0.10159E+02
    0.53517E-02    0.10310E+02
    0.54598E-02    0.10461E+02
    0.55701E-02    0.10614E+02
    0.56826E-02    0.10766E+02
    0.57974E-02    0.10920E+02
    0.59145E-02    0.11074E+02
    0.60340E-02    0.11228E+02
    0.61559E-02    0.11383E+02
    0.62803E-02    0.11538E+02
    0.64072E-02    0.11694E+02
    0.65366E-02    0.11849E+02
    0.66686E-02    0.12005E+02
    0.68033E-02    0.12160E+02
    0.69408E-02    0.12316E+02
    0.70810E-02    0.12471E+02
    0.72240E-02    0.12626E+02
    0.73700E-02    0.12781E+02
    0.75189E-02    0.12934E+02
    0.76708E-02    0.13088E+02
    0.78257E-02    0.13240E+02
    0.79838E-02    0.13392E+02
    0.81451E-02    0.13542E+02
    0.83096E-02    0.13692E+02
    0.84775E-02    0.13840E+02
    0.86488E-02    0.13986E+02
    0.88235E-02    0.14131E+02
    0.90017E-02    0.14275E+02
    0.91836E-02    0.14416E+02
    0.93691E-02    0.14555E+02
    0.95583E-02    0.14692E+02
    0.97514E-02    0.14827E+02
    0.99484E-02    0.14958E+02
    0.10149E-01    0.15087E+02
    0.10354E-01    0.15214E+02
    0.10564E-01    0.15336E+02
    0.10777E-01    0.15456E+02
    0.10995E-01    0.15572E+02
    0.11217E-01    0.15684E+02
    0.11443E-01    0.15792E+02
    0.11675E-01    0.15896E+02
    0.11910E-01    0.15995E+02
    0.12151E-01    0.16090E+02
    0.12397E-01    0.16181E+02
    0.12647E-01    0.16266E+02
    0.12902E-01    0.16346E+02
    0.13163E-01    0.16420E+02
    0.13429E-01    0.16489E+02
    0.13700E-01    0.16552E+02
    0.13977E-01    0.16609E+02
    0.14259E-01    0.16659E+02
    0.14547E-01    0.16703E+02
    0.14841E-01    0.16741E+02
    0.15141E-01    0.16771E+02
    0.15447E-01    0.16795E+02
    0.15759E-01    0.16811E+02
    0.16077E-01    0.16820E+02
    0.16402E-01    0.16821E+02
    0.16734E-01    0.16815E+02
    0.17072E-01    0.16800E+02
    0.17416E-01    0.16778E+02
    0.17768E-01    0.16747E+02
    0.18127E-01    0.16708E+02
    0.18493E-01    0.16661E+02
    0.18867E-01    0.16606E+02
    0.19248E-01    0.16542E+02
    0.19637E-01    0.16469E+02
    0.20034E-01    0.16388E+02
    0.20438E-01    0.16298E+02
    0.20851E-01    0.16200E+02
    0.21272E-01    0.16093E+02
    0.21702E-01    0.15978E+02
    0.22141E-01    0.15854E+02
    0.22588E-01    0.15722E+02
    0.23044E-01    0.15582E+02
    0.23510E-01    0.15434E+02
    0.23985E-01    0.15279E+02
    0.24469E-01    0.15115E+02
    0.24964E-01    0.14945E+02
    0.25468E-01    0.14768E+02
    0.25982E-01    0.14583E+02
    0.26507E-01    0.14393E+02
    0.27043E-01    0.14197E+02
    0.27589E-01    0.13995E+02
    0.28146E-01    0.13788E+02
    0.28715E-01    0.13576E+02
    0.29295E-01    0.13361E+02
    0.29887E-01    0.13141E+02
    0.30490E-01    0.12919E+02
    0.31106E-01    0.12693E+02
    0.31735E-01    0.12466E+02
    0.32376E-01    0.12238E+02
    0.33030E-01    0.12009E+02
    0.33697E-01    0.11779E+02
    0.34378E-01    0.11550E+02
    0.35072E-01    0.11322E+02
    0.35781E-01    0.11095E+02
    0.36504E-01    0.10871E+02
    0.37241E-01    0.10650E+02
    0.37993E-01    0.10432E+02
    0.38761E-01    0.10218E+02
    0.39544E-01    0.10008E+02
    0.40343E-01    0.98038E+01
    0.41158E-01    0.96046E+01
    0.41989E-01    0.94113E+01
    0.42838E-01    0.92240E+01
    0.43703E-01    0.90433E+01
    0.44586E-01    0.88692E+01
    0.45486E-01    0.87020E+01
    0.46405E-01    0.85418E+01
    0.47343E-01    0.83885E+01
    0.48299E-01    0.82422E+01
    0.49275E-01    0.81026E+01
    0.50270E-01    0.79696E+01
    0.51286E-01    0.78428E+01
    0.52322E-01    0.77218E+01
    0.53379E-01    0.76060E+01
    0.54457E-01    0.74948E+01
    0.55557E-01    0.73876E+01
    0.56680E-01    0.72835E+01
    0.57825E-01    0.71816E+01
    0.58993E-01    0.70811E+01
    0.60184E-01    0.69810E+01
    0.61400E-01    0.68802E+01
    0.62641E-01    0.67778E+01
    0.63906E-01    0.66727E+01
    0.65197E-01    0.65641E+01
    0.66514E-01    0.64509E+01
    0.67858E-01    0.63324E+01
    0.69229E-01    0.62080E+01
    0.70627E-01    0.60772E+01
    0.72054E-01    0.59397E+01
    0.73510E-01    0.57953E+01
    0.74994E-01    0.56443E+01
    0.76509E-01    0.54871E+01
    0.78055E-01    0.53245E+01
    0.79632E-01    0.51574E+01
    0.81241E-01    0.49871E+01
    0.82882E-01    0.48149E+01
    0.84556E-01    0.46424E+01
    0.86264E-01    0.44712E+01
    0.88007E-01    0.43031E+01
    0.89785E-01    0.41398E+01
    0.91598E-01    0.39830E+01
    0.93449E-01    0.38340E+01
    0.95337E-01    0.36942E+01
    0.97263E-01    0.35646E+01
    0.99227E-01    0.34460E+01
    0.10123E+00    0.33386E+01
    0.10328E+00    0.32425E+01
    0.10536E+00    0.31573E+01
    0.10749E+00    0.30821E+01
    0.10966E+00    0.30158E+01
    0.11188E+00    0.29568E+01
    0.11414E+00    0.29032E+01
    0.11644E+00    0.28531E+01
    0.11880E+00    0.28041E+01
    0.12120E+00    0.27540E+01
    0.12365E+00    0.27007E+01
    0.12614E+00    0.26423E+01
    0.12869E+00    0.25776E+01
    0.13129E+00    0.25057E+01
    0.13394E+00    0.24266E+01
    0.13665E+00    0.23409E+01
    0.13941E+00    0.22499E+01
    0.14223E+00    0.21555E+01
    0.14510E+00    0.20602E+01
    0.14803E+00    0.19664E+01
    0.15102E+00    0.18766E+01
    0.15407E+00    0.17930E+01
    0.15718E+00    0.17174E+01
    0.16036E+00    0.16508E+01
    0.16360E+00    0.15936E+01
    0.16690E+00    0.15452E+01
    0.17028E+00    0.15046E+01
    0.17371E+00    0.14699E+01
    0.17722E+00    0.14387E+01
    0.18080E+00    0.14086E+01
    0.18446E+00    0.13770E+01
    0.18818E+00    0.13419E+01
    0.19198E+00    0.13021E+01
    0.19586E+00    0.12571E+01
    0.19982E+00    0.12076E+01
    0.20386E+00    0.11551E+01
    0.20797E+00    0.11016E+01
    0.21218E+00    0.10497E+01
    0.21646E+00    0.10014E+01
    0.22083E+00    0.95835E+00
    0.22530E+00    0.92130E+00
    0.22985E+00    0.89008E+00
    0.23449E+00    0.86363E+00
    0.23923E+00    0.84027E+00
    0.24406E+00    0.81798E+00
    0.24899E+00    0.79482E+00
    0.25402E+00    0.76945E+00
    0.25915E+00    0.74134E+00
    0.26439E+00    0.71091E+00
    0.26973E+00    0.67939E+00
    0.27518E+00    0.64840E+00
    0.28074E+00    0.61949E+00
    0.28641E+00    0.59369E+00
    0.29219E+00    0.57129E+00
    0.29810E+00    0.55179E+00
    0.30412E+00    0.53408E+00
    0.31026E+00    0.51686E+00
    0.31653E+00    0.49902E+00
    0.32292E+00    0.48008E+00
    0.32945E+00    0.46022E+00
    0.33610E+00    0.44021E+00
    0.34289E+00    0.42100E+00
    0.34982E+00    0.40335E+00
    0.35689E+00    0.38753E+00
    0.36409E+00    0.37323E+00
    0.37145E+00    0.35979E+00
    0.37895E+00    0.34651E+00
    0.38661E+00    0.33297E+00
    0.39442E+00    0.31921E+00
    0.40239E+00    0.30561E+00
    0.41052E+00    0.29266E+00
    0.41881E+00    0.28065E+00
    0.42727E+00    0.26957E+00
    0.43590E+00    0.25912E+00
    0.44471E+00    0.24893E+00
    0.45369E+00    0.23881E+00
    0.46286E+00    0.22881E+00
    0.47221E+00    0.21914E+00
    0.48174E+00    0.20999E+00
    0.49148E+00    0.20139E+00
    0.50141E+00    0.19322E+00
    0.51153E+00    0.18531E+00
    0.52187E+00    0.17759E+00
    0.53241E+00    0.17009E+00
    0.54317E+00    0.16290E+00
    0.55414E+00    0.15606E+00
    0.56533E+00    0.14955E+00
    0.57675E+00    0.14329E+00
    0.58840E+00    0.13723E+00
    0.60029E+00    0.13139E+00
    0.61242E+00    0.12580E+00
    0.62479E+00    0.12043E+00
    0.63741E+00    0.11529E+00
    0.65029E+00    0.11036E+00
    0.66342E+00    0.10563E+00
    0.67683E+00    0.10110E+00
    0.69050E+00    0.96746E-01
    0.70445E+00    0.92574E-01
    0.71868E+00    0.88571E-01
    0.73320E+00    0.84733E-01
    0.74801E+00    0.81052E-01
    0.76312E+00    0.77522E-01
    0.77854E+00    0.74139E-01
    0.79426E+00    0.70896E-01
    0.81031E+00    0.67788E-01
    0.82668E+00    0.64811E-01
    0.84338E+00    0.61958E-01
    0.86041E+00    0.59226E-01
    0.87780E+00    0.56609E-01
    0.89553E+00    0.54103E-01
    0.91362E+00    0.51704E-01
    0.93208E+00    0.49406E-01
    0.95091E+00    0.47207E-01
    0.97011E+00    0.45102E-01
    0.98971E+00    0.43087E-01
    0.10097E+01    0.41158E-01
    0.10301E+01    0.39313E-01
    0.10509E+01    0.37547E-01
    0.10721E+01    0.35857E-01
    0.10938E+01    0.34241E-01
    0.11159E+01    0.32695E-01
    0.11384E+01    0.31216E-01
    0.11614E+01    0.29801E-01
    0.11849E+01    0.28448E-01
    0.12088E+01    0.27155E-01
    0.12333E+01    0.25918E-01
    0.12582E+01    0.24736E-01
    0.12836E+01    0.23606E-01
    0.13095E+01    0.22526E-01
    0.13360E+01    0.21494E-01
    0.13630E+01    0.20507E-01
    0.13905E+01    0.19564E-01
    0.14186E+01    0.18664E-01
    0.14472E+01    0.17803E-01
    0.14765E+01    0.16981E-01
    0.15063E+01    0.16196E-01
    0.15367E+01    0.15446E-01
    0.15678E+01    0.14729E-01
    0.15994E+01    0.14045E-01
    0.16318E+01    0.13392E-01
    0.16647E+01    0.12768E-01
    0.16984E+01    0.12172E-01
    0.17327E+01    0.11604E-01
    0.17677E+01    0.11061E-01
    0.18034E+01    0.10543E-01
    0.18398E+01    0.10048E-01
    0.18770E+01    0.95765E-02
    0.19149E+01    0.91261E-02
    0.19536E+01    0.86964E-02
    0.19930E+01    0.82865E-02
    0.20333E+01    0.78953E-02
    0.20744E+01    0.75222E-02
    0.21163E+01    0.71662E-02
    0.21590E+01    0.68267E-02
    0.22026E+01    0.65028E-02
    0.22471E+01    0.61940E-02
    0.22925E+01    0.58995E-02
    0.23388E+01    0.56186E-02
    0.23861E+01    0.53508E-02
    0.24343E+01    0.50954E-02
    0.24835E+01    0.48520E-02
    0.25336E+01    0.46199E-02
    0.25848E+01    0.43987E-02
    0.26370E+01    0.41878E-02
    0.26903E+01    0.39869E-02
    0.27447E+01    0.37953E-02
    0.28001E+01    0.36128E-02
    0.28567E+01    0.34388E-02
    0.29144E+01    0.32731E-02
    0.29733E+01    0.31152E-02
    0.30333E+01    0.29647E-02
    0.30946E+01    0.28214E-02
    0.31571E+01    0.26848E-02
    0.32209E+01    0.25548E-02
    0.32860E+01    0.24309E-02
    0.33523E+01    0.23129E-02
    0.34201E+01    0.22005E-02
    0.34892E+01    0.20935E-02
    0.35596E+01    0.19916E-02
    0.36316E+01    0.18945E-02
    0.37049E+01    0.18021E-02
    0.37798E+01    0.17142E-02
    0.38561E+01    0.16304E-02
    0.39340E+01    0.15507E-02
    0.40135E+01    0.14748E-02
    0.40946E+01    0.14025E-02
    0.41773E+01    0.13337E-02
    0.42617E+01    0.12682E-02
    0.43478E+01    0.12059E-02
    0.44356E+01    0.11466E-02
    0.45252E+01    0.10902E-02
    0.46166E+01    0.10365E-02
    0.47099E+01    0.98535E-03
    0.48050E+01    0.93672E-03
    0.49021E+01    0.89045E-03
    0.50011E+01    0.84643E-03
    0.51021E+01    0.80455E-03
    0.52052E+01    0.76471E-03
    0.53104E+01    0.72682E-03
    0.54176E+01    0.69077E-03
    0.55271E+01    0.65648E-03
    0.56387E+01    0.62387E-03
    0.57526E+01    0.59286E-03
    0.58689E+01    0.56337E-03
    0.59874E+01    0.53532E-03
    0.61084E+01    0.50864E-03
    0.62318E+01    0.48328E-03
    0.63577E+01    0.45916E-03
    0.64861E+01    0.43623E-03
    0.66171E+01    0.41443E-03
    0.67508E+01    0.39371E-03
    0.68872E+01    0.37400E-03
    0.70263E+01    0.35527E-03
    0.71682E+01    0.33746E-03
    0.73130E+01    0.32054E-03
    0.74608E+01    0.30445E-03
    0.76115E+01    0.28916E-03
    0.77653E+01    0.27462E-03
    0.79221E+01    0.26081E-03
    0.80822E+01    0.24768E-03
    0.82454E+01    0.23521E-03
    0.84120E+01    0.22335E-03
    0.85819E+01    0.21209E-03
    0.87553E+01    0.20138E-03
    0.89322E+01    0.19121E-03
    0.91126E+01    0.18155E-03
    0.92967E+01    0.17237E-03
    0.94845E+01    0.16365E-03
    0.96761E+01    0.15536E-03
    0.98716E+01    0.14749E-03
    0.10071E+02    0.14002E-03
    0.10274E+02    0.13291E-03
    0.10482E+02    0.12617E-03
    0.10694E+02    0.11976E-03
    0.10910E+02    0.11367E-03
    0.11130E+02    0.10789E-03
    0.11355E+02    0.10240E-03
    0.11584E+02    0.97190E-04
    0.11818E+02    0.92239E-04
    0.12057E+02    0.87538E-04
    0.12301E+02    0.83073E-04
    0.12549E+02    0.78834E-04
    0.12803E+02    0.74809E-04
    0.13061E+02    0.70987E-04
    0.13325E+02    0.67358E-04
    0.13594E+02    0.63913E-04
    0.13869E+02    0.60642E-04
    0.14149E+02    0.57537E-04
    0.14435E+02    0.54590E-04
    0.14727E+02    0.51792E-04
    0.15024E+02    0.49135E-04
    0.15328E+02    0.46614E-04
    0.15637E+02    0.44221E-04
    0.15953E+02    0.41949E-04
    0.16275E+02    0.39793E-04
    0.16604E+02    0.37747E-04
    0.16940E+02    0.35805E-04
    0.17282E+02    0.33962E-04
    0.17631E+02    0.32213E-04
    0.17987E+02    0.30553E-04
    0.18351E+02    0.28978E-04
    0.18721E+02    0.27483E-04
    0.19099E+02    0.26065E-04
    0.19485E+02    0.24719E-04
    0.19879E+02    0.23442E-04
    0.20280E+02    0.22231E-04
    0.20690E+02    0.21081E-04
    0.21108E+02    0.19991E-04
    0.21535E+02    0.18956E-04
    0.21970E+02    0.17974E-04
    0.22413E+02    0.17043E-04
    0.22866E+02    0.16160E-04
    0.23328E+02    0.15322E-04
    0.23799E+02    0.14527E-04
    0.24280E+02    0.13773E-04
    0.24771E+02    0.13058E-04
    0.25271E+02    0.12379E-04
    0.25782E+02    0.11736E-04
    0.26302E+02    0.11126E-04
    0.26834E+02    0.10547E-04
    0.27376E+02    0.99980E-05
    0.27929E+02    0.94774E-05
    0.28493E+02    0.89837E-05
    0.29069E+02    0.85155E-05
    0.29656E+02    0.80715E-05
    0.30255E+02    0.76505E-05
    0.30866E+02    0.72512E-05
    0.31490E+02    0.68727E-05
    0.32126E+02    0.65137E-05
    0.32775E+02    0.61734E-05
    0.33437E+02    0.58506E-05
    0.34112E+02    0.55447E-05
    0.34801E+02    0.52546E-05
    0.35504E+02    0.49795E-05
    0.36222E+02    0.47188E-05
    0.36953E+02    0.44716E-05
    0.37700E+02    0.42372E-05
    0.38462E+02    0.40151E-05
    0.39239E+02    0.38045E-05
    0.40031E+02    0.36048E-05
    0.40840E+02    0.34156E-05
    0.41665E+02    0.32362E-05
    0.42507E+02    0.30662E-05
    0.43365E+02    0.29050E-05
    0.44241E+02    0.27522E-05
    0.45135E+02    0.26075E-05
    0.46047E+02    0.24702E-05
    0.46977E+02    0.23402E-05
    0.47926E+02    0.22169E-05
    0.48894E+02    0.21001E-05
    0.49882E+02    0.19894E-05
    0.50890E+02    0.18845E-05
    0.51918E+02    0.17851E-05
    0.52966E+02    0.16908E-05
    0.54036E+02    0.16016E-05
    0.55128E+02    0.15170E-05
    0.56242E+02    0.14368E-05
    0.57378E+02    0.13608E-05
    0.58537E+02    0.12889E-05
    0.59720E+02    0.12207E-05
    0.60926E+02    0.11561E-05
    0.62157E+02    0.10948E-05
    0.63412E+02    0.10368E-05
    0.64693E+02    0.98188E-06
    0.66000E+02    0.92982E-06
    0.67334E+02    0.88050E-06
    0.68694E+02    0.83377E-06
    0.70082E+02    0.78951E-06
    0.71497E+02    0.74757E-06
    0.72942E+02    0.70785E-06
    0.74415E+02    0.67022E-06
    0.75918E+02    0.63458E-06
    0.77452E+02    0.60081E-06
    0.79017E+02    0.56883E-06
    0.80613E+02    0.53854E-06
    0.82241E+02    0.50984E-06
    0.83903E+02    0.48267E-06
    0.85598E+02    0.45693E-06
    0.87327E+02    0.43255E-06
    0.89091E+02    0.40946E-06
    0.90891E+02    0.38759E-06
    0.92727E+02    0.36688E-06
    0.94600E+02    0.34727E-06
    0.96511E+02    0.32870E-06
    0.98461E+02    0.31111E-06
    0.10045E+03    0.29446E-06
    0.10248E+03    0.27868E-06
    0.10455E+03    0.26375E-06
    0.10666E+03    0.24961E-06
    0.10882E+03    0.23622E-06
    0.11101E+03    0.22354E-06
    0.11326E+03    0.21153E-06
    0.11554E+03    0.20016E-06
    0.11788E+03    0.18940E-06
    0.12026E+03    0.17921E-06
    0.12269E+03    0.16956E-06
    0.12517E+03    0.16043E-06
    0.12770E+03    0.15178E-06
    0.13028E+03    0.14360E-06
    0.13291E+03    0.13585E-06
    0.13559E+03    0.12851E-06
    0.13833E+03    0.12157E-06
    0.14113E+03    0.11499E-06
    0.14398E+03    0.10877E-06
    0.14689E+03    0.10288E-06
    0.14985E+03    0.97306E-07
    0.15288E+03    0.92030E-07
    0.15597E+03    0.87037E-07
    0.15912E+03    0.82312E-07
    0.16233E+03    0.77840E-07
    0.16561E+03    0.73607E-07
    0.16896E+03    0.69602E-07
    0.17237E+03    0.65811E-07
    0.17585E+03    0.62223E-07
    0.17941E+03    0.58827E-07
    0.18303E+03    0.55613E-07
    0.18673E+03    0.52571E-07
    0.19050E+03    0.49692E-07
    0.19435E+03    0.46968E-07
    0.19828E+03    0.44389E-07
    0.20228E+03    0.41950E-07
    0.20637E+03    0.39642E-07
    0.21054E+03    0.37460E-07
    0.21479E+03    0.35396E-07
    0.21913E+03    0.33445E-07
    0.22356E+03    0.31601E-07
    0.22807E+03    0.29858E-07
    0.23268E+03    0.28211E-07
