    0.10000E-03    0.24288E+00
    0.10202E-03    0.24768E+00
    0.10408E-03    0.25258E+00
    0.10618E-03    0.25757E+00
    0.10833E-03    0.26266E+00
    0.11052E-03    0.26785E+00
    0.11275E-03    0.27315E+00
    0.11503E-03    0.27855E+00
    0.11735E-03    0.28406E+00
    0.11972E-03    0.28967E+00
    0.12214E-03    0.29540E+00
    0.12461E-03    0.30124E+00
    0.12712E-03    0.30719E+00
    0.12969E-03    0.31327E+00
    0.13231E-03    0.31946E+00
    0.13499E-03    0.32578E+00
    0.13771E-03    0.33222E+00
    0.14049E-03    0.33878E+00
    0.14333E-03    0.34548E+00
    0.14623E-03    0.35231E+00
    0.14918E-03    0.35927E+00
    0.15220E-03    0.36638E+00
    0.15527E-03    0.37362E+00
    0.15841E-03    0.38100E+00
    0.16161E-03    0.38853E+00
    0.16487E-03    0.39621E+00
    0.16820E-03    0.40404E+00
    0.17160E-03    0.41203E+00
    0.17507E-03    0.42018E+00
    0.17860E-03    0.42848E+00
    0.18221E-03    0.43695E+00
    0.18589E-03    0.44558E+00
    0.18965E-03    0.45439E+00
    0.19348E-03    0.46337E+00
    0.19739E-03    0.47253E+00
    0.20138E-03    0.48187E+00
    0.20544E-03    0.49139E+00
    0.20959E-03    0.50110E+00
    0.21383E-03    0.51100E+00
    0.21815E-03    0.52110E+00
    0.22255E-03    0.53140E+00
    0.22705E-03    0.54190E+00
    0.23164E-03    0.55261E+00
    0.23632E-03    0.56353E+00
    0.24109E-03    0.57466E+00
    0.24596E-03    0.58602E+00
    0.25093E-03    0.59759E+00
    0.25600E-03    0.60940E+00
    0.26117E-03    0.62144E+00
    0.26645E-03    0.63372E+00
    0.27183E-03    0.64624E+00
    0.27732E-03    0.65900E+00
    0.28292E-03    0.67202E+00
    0.28864E-03    0.68529E+00
    0.29447E-03    0.69883E+00
    0.30042E-03    0.71263E+00
    0.30649E-03    0.72671E+00
    0.31268E-03    0.74106E+00
    0.31899E-03    0.75569E+00
    0.32544E-03    0.77061E+00
    0.33201E-03    0.78583E+00
    0.33872E-03    0.80135E+00
    0.34556E-03    0.81717E+00
    0.35254E-03    0.83330E+00
    0.35966E-03    0.84975E+00
    0.36693E-03    0.86652E+00
    0.37434E-03    0.88363E+00
    0.38190E-03    0.90107E+00
    0.38962E-03    0.91885E+00
    0.39749E-03    0.93698E+00
    0.40552E-03    0.95547E+00
    0.41371E-03    0.97432E+00
    0.42207E-03    0.99355E+00
    0.43060E-03    0.10131E+01
    0.43929E-03    0.10331E+01
    0.44817E-03    0.10535E+01
    0.45722E-03    0.10743E+01
    0.46646E-03    0.10955E+01
    0.47588E-03    0.11171E+01
    0.48550E-03    0.11391E+01
    0.49530E-03    0.11615E+01
    0.50531E-03    0.11844E+01
    0.51552E-03    0.12078E+01
    0.52593E-03    0.12316E+01
    0.53656E-03    0.12558E+01
    0.54739E-03    0.12806E+01
    0.55845E-03    0.13058E+01
    0.56973E-03    0.13315E+01
    0.58124E-03    0.13577E+01
    0.59299E-03    0.13845E+01
    0.60496E-03    0.14117E+01
    0.61719E-03    0.14395E+01
    0.62965E-03    0.14678E+01
    0.64237E-03    0.14967E+01
    0.65535E-03    0.15261E+01
    0.66859E-03    0.15561E+01
    0.68210E-03    0.15867E+01
    0.69588E-03    0.16179E+01
    0.70993E-03    0.16497E+01
    0.72427E-03    0.16821E+01
    0.73891E-03    0.17152E+01
    0.75383E-03    0.17488E+01
    0.76906E-03    0.17832E+01
    0.78460E-03    0.18181E+01
    0.80045E-03    0.18538E+01
    0.81662E-03    0.18902E+01
    0.83311E-03    0.19272E+01
    0.84994E-03    0.19650E+01
    0.86711E-03    0.20035E+01
    0.88463E-03    0.20427E+01
    0.90250E-03    0.20827E+01
    0.92073E-03    0.21234E+01
    0.93933E-03    0.21650E+01
    0.95831E-03    0.22073E+01
    0.97767E-03    0.22504E+01
    0.99742E-03    0.22944E+01
    0.10176E-02    0.23392E+01
    0.10381E-02    0.23848E+01
    0.10591E-02    0.24313E+01
    0.10805E-02    0.24787E+01
    0.11023E-02    0.25270E+01
    0.11246E-02    0.25762E+01
    0.11473E-02    0.26263E+01
    0.11705E-02    0.26773E+01
    0.11941E-02    0.27294E+01
    0.12182E-02    0.27824E+01
    0.12429E-02    0.28363E+01
    0.12680E-02    0.28913E+01
    0.12936E-02    0.29473E+01
    0.13197E-02    0.30044E+01
    0.13464E-02    0.30625E+01
    0.13736E-02    0.31216E+01
    0.14013E-02    0.31819E+01
    0.14296E-02    0.32432E+01
    0.14585E-02    0.33057E+01
    0.14880E-02    0.33693E+01
    0.15180E-02    0.34341E+01
    0.15487E-02    0.35000E+01
    0.15800E-02    0.35671E+01
    0.16119E-02    0.36355E+01
    0.16445E-02    0.37050E+01
    0.16777E-02    0.37758E+01
    0.17116E-02    0.38479E+01
    0.17462E-02    0.39212E+01
    0.17814E-02    0.39958E+01
    0.18174E-02    0.40717E+01
    0.18541E-02    0.41489E+01
    0.18916E-02    0.42274E+01
    0.19298E-02    0.43074E+01
    0.19688E-02    0.43886E+01
    0.20086E-02    0.44713E+01
    0.20491E-02    0.45553E+01
    0.20905E-02    0.46408E+01
    0.21328E-02    0.47277E+01
    0.21758E-02    0.48160E+01
    0.22198E-02    0.49058E+01
    0.22646E-02    0.49970E+01
    0.23104E-02    0.50897E+01
    0.23571E-02    0.51839E+01
    0.24047E-02    0.52796E+01
    0.24533E-02    0.53768E+01
    0.25028E-02    0.54755E+01
    0.25534E-02    0.55757E+01
    0.26050E-02    0.56775E+01
    0.26576E-02    0.57808E+01
    0.27113E-02    0.58857E+01
    0.27660E-02    0.59921E+01
    0.28219E-02    0.61000E+01
    0.28789E-02    0.62095E+01
    0.29371E-02    0.63206E+01
    0.29964E-02    0.64333E+01
    0.30569E-02    0.65474E+01
    0.31187E-02    0.66632E+01
    0.31817E-02    0.67805E+01
    0.32460E-02    0.68994E+01
    0.33115E-02    0.70198E+01
    0.33784E-02    0.71417E+01
    0.34467E-02    0.72651E+01
    0.35163E-02    0.73901E+01
    0.35874E-02    0.75166E+01
    0.36598E-02    0.76445E+01
    0.37338E-02    0.77739E+01
    0.38092E-02    0.79048E+01
    0.38861E-02    0.80371E+01
    0.39646E-02    0.81708E+01
    0.40447E-02    0.83060E+01
    0.41264E-02    0.84424E+01
    0.42098E-02    0.85802E+01
    0.42948E-02    0.87193E+01
    0.43816E-02    0.88597E+01
    0.44701E-02    0.90013E+01
    0.45604E-02    0.91441E+01
    0.46525E-02    0.92881E+01
    0.47465E-02    0.94332E+01
    0.48424E-02    0.95793E+01
    0.49402E-02    0.97265E+01
    0.50400E-02    0.98747E+01
    0.51419E-02    0.10024E+02
    0.52457E-02    0.10174E+02
    0.53517E-02    0.10325E+02
    0.54598E-02    0.10476E+02
    0.55701E-02    0.10629E+02
    0.56826E-02    0.10782E+02
    0.57974E-02    0.10935E+02
    0.59145E-02    0.11089E+02
    0.60340E-02    0.11244E+02
    0.61559E-02    0.11399E+02
    0.62803E-02    0.11554E+02
    0.64072E-02    0.11709E+02
    0.65366E-02    0.11865E+02
    0.66686E-02    0.12020E+02
    0.68033E-02    0.12176E+02
    0.69408E-02    0.12331E+02
    0.70810E-02    0.12486E+02
    0.72240E-02    0.12641E+02
    0.73700E-02    0.12795E+02
    0.75189E-02    0.12949E+02
    0.76708E-02    0.13102E+02
    0.78257E-02    0.13254E+02
    0.79838E-02    0.13405E+02
    0.81451E-02    0.13556E+02
    0.83096E-02    0.13705E+02
    0.84775E-02    0.13853E+02
    0.86488E-02    0.13999E+02
    0.88235E-02    0.14143E+02
    0.90017E-02    0.14286E+02
    0.91836E-02    0.14427E+02
    0.93691E-02    0.14566E+02
    0.95583E-02    0.14702E+02
    0.97514E-02    0.14836E+02
    0.99484E-02    0.14968E+02
    0.10149E-01    0.15096E+02
    0.10354E-01    0.15222E+02
    0.10564E-01    0.15344E+02
    0.10777E-01    0.15463E+02
    0.10995E-01    0.15578E+02
    0.11217E-01    0.15690E+02
    0.11443E-01    0.15797E+02
    0.11675E-01    0.15901E+02
    0.11910E-01    0.15999E+02
    0.12151E-01    0.16094E+02
    0.12397E-01    0.16183E+02
    0.12647E-01    0.16268E+02
    0.12902E-01    0.16347E+02
    0.13163E-01    0.16421E+02
    0.13429E-01    0.16489E+02
    0.13700E-01    0.16551E+02
    0.13977E-01    0.16607E+02
    0.14259E-01    0.16657E+02
    0.14547E-01    0.16701E+02
    0.14841E-01    0.16737E+02
    0.15141E-01    0.16767E+02
    0.15447E-01    0.16790E+02
    0.15759E-01    0.16806E+02
    0.16077E-01    0.16814E+02
    0.16402E-01    0.16815E+02
    0.16734E-01    0.16808E+02
    0.17072E-01    0.16793E+02
    0.17416E-01    0.16770E+02
    0.17768E-01    0.16739E+02
    0.18127E-01    0.16700E+02
    0.18493E-01    0.16652E+02
    0.18867E-01    0.16596E+02
    0.19248E-01    0.16532E+02
    0.19637E-01    0.16459E+02
    0.20034E-01    0.16377E+02
    0.20438E-01    0.16287E+02
    0.20851E-01    0.16189E+02
    0.21272E-01    0.16082E+02
    0.21702E-01    0.15966E+02
    0.22141E-01    0.15843E+02
    0.22588E-01    0.15711E+02
    0.23044E-01    0.15571E+02
    0.23510E-01    0.15423E+02
    0.23985E-01    0.15267E+02
    0.24469E-01    0.15104E+02
    0.24964E-01    0.14934E+02
    0.25468E-01    0.14757E+02
    0.25982E-01    0.14573E+02
    0.26507E-01    0.14383E+02
    0.27043E-01    0.14187E+02
    0.27589E-01    0.13986E+02
    0.28146E-01    0.13779E+02
    0.28715E-01    0.13568E+02
    0.29295E-01    0.13353E+02
    0.29887E-01    0.13134E+02
    0.30490E-01    0.12912E+02
    0.31106E-01    0.12687E+02
    0.31735E-01    0.12460E+02
    0.32376E-01    0.12232E+02
    0.33030E-01    0.12004E+02
    0.33697E-01    0.11775E+02
    0.34378E-01    0.11546E+02
    0.35072E-01    0.11319E+02
    0.35781E-01    0.11093E+02
    0.36504E-01    0.10869E+02
    0.37241E-01    0.10649E+02
    0.37993E-01    0.10431E+02
    0.38761E-01    0.10218E+02
    0.39544E-01    0.10009E+02
    0.40343E-01    0.98049E+01
    0.41158E-01    0.96063E+01
    0.41989E-01    0.94136E+01
    0.42838E-01    0.92269E+01
    0.43703E-01    0.90468E+01
    0.44586E-01    0.88733E+01
    0.45486E-01    0.87067E+01
    0.46405E-01    0.85471E+01
    0.47343E-01    0.83944E+01
    0.48299E-01    0.82487E+01
    0.49275E-01    0.81097E+01
    0.50270E-01    0.79772E+01
    0.51286E-01    0.78509E+01
    0.52322E-01    0.77304E+01
    0.53379E-01    0.76151E+01
    0.54457E-01    0.75043E+01
    0.55557E-01    0.73975E+01
    0.56680E-01    0.72937E+01
    0.57825E-01    0.71922E+01
    0.58993E-01    0.70920E+01
    0.60184E-01    0.69921E+01
    0.61400E-01    0.68915E+01
    0.62641E-01    0.67893E+01
    0.63906E-01    0.66843E+01
    0.65197E-01    0.65757E+01
    0.66514E-01    0.64626E+01
    0.67858E-01    0.63441E+01
    0.69229E-01    0.62196E+01
    0.70627E-01    0.60887E+01
    0.72054E-01    0.59511E+01
    0.73510E-01    0.58066E+01
    0.74994E-01    0.56554E+01
    0.76509E-01    0.54980E+01
    0.78055E-01    0.53352E+01
    0.79632E-01    0.51680E+01
    0.81241E-01    0.49974E+01
    0.82882E-01    0.48250E+01
    0.84556E-01    0.46522E+01
    0.86264E-01    0.44808E+01
    0.88007E-01    0.43126E+01
    0.89785E-01    0.41491E+01
    0.91598E-01    0.39921E+01
    0.93449E-01    0.38431E+01
    0.95337E-01    0.37032E+01
    0.97263E-01    0.35736E+01
    0.99227E-01    0.34550E+01
    0.10123E+00    0.33476E+01
    0.10328E+00    0.32515E+01
    0.10536E+00    0.31664E+01
    0.10749E+00    0.30912E+01
    0.10966E+00    0.30250E+01
    0.11188E+00    0.29660E+01
    0.11414E+00    0.29125E+01
    0.11644E+00    0.28623E+01
    0.11880E+00    0.28133E+01
    0.12120E+00    0.27630E+01
    0.12365E+00    0.27095E+01
    0.12614E+00    0.26509E+01
    0.12869E+00    0.25859E+01
    0.13129E+00    0.25137E+01
    0.13394E+00    0.24343E+01
    0.13665E+00    0.23482E+01
    0.13941E+00    0.22569E+01
    0.14223E+00    0.21622E+01
    0.14510E+00    0.20666E+01
    0.14803E+00    0.19726E+01
    0.15102E+00    0.18826E+01
    0.15407E+00    0.17989E+01
    0.15718E+00    0.17232E+01
    0.16036E+00    0.16565E+01
    0.16360E+00    0.15993E+01
    0.16690E+00    0.15510E+01
    0.17028E+00    0.15103E+01
    0.17371E+00    0.14755E+01
    0.17722E+00    0.14443E+01
    0.18080E+00    0.14140E+01
    0.18446E+00    0.13823E+01
    0.18818E+00    0.13471E+01
    0.19198E+00    0.13070E+01
    0.19586E+00    0.12618E+01
    0.19982E+00    0.12120E+01
    0.20386E+00    0.11593E+01
    0.20797E+00    0.11057E+01
    0.21218E+00    0.10536E+01
    0.21646E+00    0.10052E+01
    0.22083E+00    0.96205E+00
    0.22530E+00    0.92495E+00
    0.22985E+00    0.89369E+00
    0.23449E+00    0.86720E+00
    0.23923E+00    0.84378E+00
    0.24406E+00    0.82139E+00
    0.24899E+00    0.79811E+00
    0.25402E+00    0.77259E+00
    0.25915E+00    0.74432E+00
    0.26439E+00    0.71373E+00
    0.26973E+00    0.68207E+00
    0.27518E+00    0.65098E+00
    0.28074E+00    0.62199E+00
    0.28641E+00    0.59614E+00
    0.29219E+00    0.57370E+00
    0.29810E+00    0.55415E+00
    0.30412E+00    0.53638E+00
    0.31026E+00    0.51907E+00
    0.31653E+00    0.50114E+00
    0.32292E+00    0.48209E+00
    0.32945E+00    0.46213E+00
    0.33610E+00    0.44204E+00
    0.34289E+00    0.42276E+00
    0.34982E+00    0.40507E+00
    0.35689E+00    0.38920E+00
    0.36409E+00    0.37486E+00
    0.37145E+00    0.36136E+00
    0.37895E+00    0.34801E+00
    0.38661E+00    0.33441E+00
    0.39442E+00    0.32058E+00
    0.40239E+00    0.30692E+00
    0.41052E+00    0.29392E+00
    0.41881E+00    0.28188E+00
    0.42727E+00    0.27076E+00
    0.43590E+00    0.26026E+00
    0.44471E+00    0.25002E+00
    0.45369E+00    0.23986E+00
    0.46286E+00    0.22981E+00
    0.47221E+00    0.22010E+00
    0.48174E+00    0.21091E+00
    0.49148E+00    0.20228E+00
    0.50141E+00    0.19408E+00
    0.51153E+00    0.18613E+00
    0.52187E+00    0.17838E+00
    0.53241E+00    0.17084E+00
    0.54317E+00    0.16362E+00
    0.55414E+00    0.15676E+00
    0.56533E+00    0.15022E+00
    0.57675E+00    0.14393E+00
    0.58840E+00    0.13784E+00
    0.60029E+00    0.13198E+00
    0.61242E+00    0.12636E+00
    0.62479E+00    0.12097E+00
    0.63741E+00    0.11581E+00
    0.65029E+00    0.11086E+00
    0.66342E+00    0.10611E+00
    0.67683E+00    0.10155E+00
    0.69050E+00    0.97182E-01
    0.70445E+00    0.92991E-01
    0.71868E+00    0.88971E-01
    0.73320E+00    0.85116E-01
    0.74801E+00    0.81418E-01
    0.76312E+00    0.77873E-01
    0.77854E+00    0.74475E-01
    0.79426E+00    0.71217E-01
    0.81031E+00    0.68096E-01
    0.82668E+00    0.65105E-01
    0.84338E+00    0.62239E-01
    0.86041E+00    0.59495E-01
    0.87780E+00    0.56866E-01
    0.89553E+00    0.54349E-01
    0.91362E+00    0.51939E-01
    0.93208E+00    0.49631E-01
    0.95091E+00    0.47422E-01
    0.97011E+00    0.45307E-01
    0.98971E+00    0.43283E-01
    0.10097E+01    0.41346E-01
    0.10301E+01    0.39492E-01
    0.10509E+01    0.37718E-01
    0.10721E+01    0.36021E-01
    0.10938E+01    0.34397E-01
    0.11159E+01    0.32844E-01
    0.11384E+01    0.31358E-01
    0.11614E+01    0.29937E-01
    0.11849E+01    0.28578E-01
    0.12088E+01    0.27279E-01
    0.12333E+01    0.26037E-01
    0.12582E+01    0.24849E-01
    0.12836E+01    0.23714E-01
    0.13095E+01    0.22629E-01
    0.13360E+01    0.21592E-01
    0.13630E+01    0.20601E-01
    0.13905E+01    0.19654E-01
    0.14186E+01    0.18749E-01
    0.14472E+01    0.17884E-01
    0.14765E+01    0.17059E-01
    0.15063E+01    0.16270E-01
    0.15367E+01    0.15516E-01
    0.15678E+01    0.14796E-01
    0.15994E+01    0.14109E-01
    0.16318E+01    0.13453E-01
    0.16647E+01    0.12826E-01
    0.16984E+01    0.12228E-01
    0.17327E+01    0.11656E-01
    0.17677E+01    0.11111E-01
    0.18034E+01    0.10591E-01
    0.18398E+01    0.10094E-01
    0.18770E+01    0.96198E-02
    0.19149E+01    0.91675E-02
    0.19536E+01    0.87359E-02
    0.19930E+01    0.83242E-02
    0.20333E+01    0.79314E-02
    0.20744E+01    0.75567E-02
    0.21163E+01    0.71993E-02
    0.21590E+01    0.68583E-02
    0.22026E+01    0.65331E-02
    0.22471E+01    0.62229E-02
    0.22925E+01    0.59271E-02
    0.23388E+01    0.56450E-02
    0.23861E+01    0.53760E-02
    0.24343E+01    0.51194E-02
    0.24835E+01    0.48748E-02
    0.25336E+01    0.46417E-02
    0.25848E+01    0.44194E-02
    0.26370E+01    0.42075E-02
    0.26903E+01    0.40055E-02
    0.27447E+01    0.38131E-02
    0.28001E+01    0.36297E-02
    0.28567E+01    0.34549E-02
    0.29144E+01    0.32884E-02
    0.29733E+01    0.31297E-02
    0.30333E+01    0.29786E-02
    0.30946E+01    0.28346E-02
    0.31571E+01    0.26974E-02
    0.32209E+01    0.25667E-02
    0.32860E+01    0.24423E-02
    0.33523E+01    0.23237E-02
    0.34201E+01    0.22108E-02
    0.34892E+01    0.21033E-02
    0.35596E+01    0.20009E-02
    0.36316E+01    0.19034E-02
    0.37049E+01    0.18105E-02
    0.37798E+01    0.17221E-02
    0.38561E+01    0.16379E-02
    0.39340E+01    0.15578E-02
    0.40135E+01    0.14815E-02
    0.40946E+01    0.14089E-02
    0.41773E+01    0.13398E-02
    0.42617E+01    0.12740E-02
    0.43478E+01    0.12114E-02
    0.44356E+01    0.11518E-02
    0.45252E+01    0.10951E-02
    0.46166E+01    0.10412E-02
    0.47099E+01    0.98987E-03
    0.48050E+01    0.94103E-03
    0.49021E+01    0.89456E-03
    0.50011E+01    0.85035E-03
    0.51021E+01    0.80828E-03
    0.52052E+01    0.76827E-03
    0.53104E+01    0.73020E-03
    0.54176E+01    0.69399E-03
    0.55271E+01    0.65954E-03
    0.56387E+01    0.62678E-03
    0.57526E+01    0.59562E-03
    0.58689E+01    0.56599E-03
    0.59874E+01    0.53780E-03
    0.61084E+01    0.51100E-03
    0.62318E+01    0.48552E-03
    0.63577E+01    0.46129E-03
    0.64861E+01    0.43825E-03
    0.66171E+01    0.41635E-03
    0.67508E+01    0.39553E-03
    0.68872E+01    0.37573E-03
    0.70263E+01    0.35691E-03
    0.71682E+01    0.33902E-03
    0.73130E+01    0.32202E-03
    0.74608E+01    0.30585E-03
    0.76115E+01    0.29049E-03
    0.77653E+01    0.27589E-03
    0.79221E+01    0.26201E-03
    0.80822E+01    0.24883E-03
    0.82454E+01    0.23629E-03
    0.84120E+01    0.22439E-03
    0.85819E+01    0.21307E-03
    0.87553E+01    0.20232E-03
    0.89322E+01    0.19210E-03
    0.91126E+01    0.18239E-03
    0.92967E+01    0.17317E-03
    0.94845E+01    0.16441E-03
    0.96761E+01    0.15608E-03
    0.98716E+01    0.14817E-03
    0.10071E+02    0.14066E-03
    0.10274E+02    0.13353E-03
    0.10482E+02    0.12675E-03
    0.10694E+02    0.12031E-03
    0.10910E+02    0.11420E-03
    0.11130E+02    0.10839E-03
    0.11355E+02    0.10287E-03
    0.11584E+02    0.97637E-04
    0.11818E+02    0.92663E-04
    0.12057E+02    0.87940E-04
    0.12301E+02    0.83455E-04
    0.12549E+02    0.79196E-04
    0.12803E+02    0.75153E-04
    0.13061E+02    0.71313E-04
    0.13325E+02    0.67668E-04
    0.13594E+02    0.64207E-04
    0.13869E+02    0.60922E-04
    0.14149E+02    0.57802E-04
    0.14435E+02    0.54841E-04
    0.14727E+02    0.52030E-04
    0.15024E+02    0.49362E-04
    0.15328E+02    0.46829E-04
    0.15637E+02    0.44425E-04
    0.15953E+02    0.42143E-04
    0.16275E+02    0.39977E-04
    0.16604E+02    0.37921E-04
    0.16940E+02    0.35970E-04
    0.17282E+02    0.34119E-04
    0.17631E+02    0.32361E-04
    0.17987E+02    0.30694E-04
    0.18351E+02    0.29111E-04
    0.18721E+02    0.27610E-04
    0.19099E+02    0.26185E-04
    0.19485E+02    0.24833E-04
    0.19879E+02    0.23550E-04
    0.20280E+02    0.22333E-04
    0.20690E+02    0.21178E-04
    0.21108E+02    0.20083E-04
    0.21535E+02    0.19043E-04
    0.21970E+02    0.18057E-04
    0.22413E+02    0.17122E-04
    0.22866E+02    0.16234E-04
    0.23328E+02    0.15392E-04
    0.23799E+02    0.14594E-04
    0.24280E+02    0.13836E-04
    0.24771E+02    0.13118E-04
    0.25271E+02    0.12436E-04
    0.25782E+02    0.11790E-04
    0.26302E+02    0.11177E-04
    0.26834E+02    0.10596E-04
    0.27376E+02    0.10044E-04
    0.27929E+02    0.95210E-05
    0.28493E+02    0.90251E-05
    0.29069E+02    0.85547E-05
    0.29656E+02    0.81087E-05
    0.30255E+02    0.76857E-05
    0.30866E+02    0.72846E-05
    0.31490E+02    0.69043E-05
    0.32126E+02    0.65437E-05
    0.32775E+02    0.62018E-05
    0.33437E+02    0.58776E-05
    0.34112E+02    0.55702E-05
    0.34801E+02    0.52788E-05
    0.35504E+02    0.50024E-05
    0.36222E+02    0.47405E-05
    0.36953E+02    0.44922E-05
    0.37700E+02    0.42567E-05
    0.38462E+02    0.40335E-05
    0.39239E+02    0.38220E-05
    0.40031E+02    0.36214E-05
    0.40840E+02    0.34313E-05
    0.41665E+02    0.32511E-05
    0.42507E+02    0.30803E-05
    0.43365E+02    0.29184E-05
    0.44241E+02    0.27649E-05
    0.45135E+02    0.26195E-05
    0.46047E+02    0.24816E-05
    0.46977E+02    0.23509E-05
    0.47926E+02    0.22271E-05
    0.48894E+02    0.21098E-05
    0.49882E+02    0.19986E-05
    0.50890E+02    0.18932E-05
    0.51918E+02    0.17933E-05
    0.52966E+02    0.16986E-05
    0.54036E+02    0.16089E-05
    0.55128E+02    0.15240E-05
    0.56242E+02    0.14434E-05
    0.57378E+02    0.13671E-05
    0.58537E+02    0.12948E-05
    0.59720E+02    0.12263E-05
    0.60926E+02    0.11614E-05
    0.62157E+02    0.10999E-05
    0.63412E+02    0.10416E-05
    0.64693E+02    0.98640E-06
    0.66000E+02    0.93410E-06
    0.67334E+02    0.88455E-06
    0.68694E+02    0.83761E-06
    0.70082E+02    0.79314E-06
    0.71497E+02    0.75101E-06
    0.72942E+02    0.71111E-06
    0.74415E+02    0.67331E-06
    0.75918E+02    0.63750E-06
    0.77452E+02    0.60358E-06
    0.79017E+02    0.57145E-06
    0.80613E+02    0.54102E-06
    0.82241E+02    0.51219E-06
    0.83903E+02    0.48489E-06
    0.85598E+02    0.45903E-06
    0.87327E+02    0.43454E-06
    0.89091E+02    0.41134E-06
    0.90891E+02    0.38938E-06
    0.92727E+02    0.36857E-06
    0.94600E+02    0.34887E-06
    0.96511E+02    0.33021E-06
    0.98461E+02    0.31254E-06
    0.10045E+03    0.29581E-06
    0.10248E+03    0.27996E-06
    0.10455E+03    0.26496E-06
    0.10666E+03    0.25075E-06
    0.10882E+03    0.23730E-06
    0.11101E+03    0.22456E-06
    0.11326E+03    0.21250E-06
    0.11554E+03    0.20108E-06
    0.11788E+03    0.19027E-06
    0.12026E+03    0.18003E-06
    0.12269E+03    0.17034E-06
    0.12517E+03    0.16117E-06
    0.12770E+03    0.15248E-06
    0.13028E+03    0.14426E-06
    0.13291E+03    0.13647E-06
    0.13559E+03    0.12910E-06
    0.13833E+03    0.12212E-06
    0.14113E+03    0.11552E-06
    0.14398E+03    0.10927E-06
    0.14689E+03    0.10335E-06
    0.14985E+03    0.97752E-07
    0.15288E+03    0.92452E-07
    0.15597E+03    0.87436E-07
    0.15912E+03    0.82689E-07
    0.16233E+03    0.78196E-07
    0.16561E+03    0.73945E-07
    0.16896E+03    0.69920E-07
    0.17237E+03    0.66112E-07
    0.17585E+03    0.62508E-07
    0.17941E+03    0.59096E-07
    0.18303E+03    0.55867E-07
    0.18673E+03    0.52812E-07
    0.19050E+03    0.49919E-07
    0.19435E+03    0.47182E-07
    0.19828E+03    0.44592E-07
    0.20228E+03    0.42141E-07
    0.20637E+03    0.39823E-07
    0.21054E+03    0.37631E-07
    0.21479E+03    0.35558E-07
    0.21913E+03    0.33598E-07
    0.22356E+03    0.31745E-07
    0.22807E+03    0.29994E-07
    0.23268E+03    0.28339E-07
