1.000000000000000048e-04 1.012037266056558638e+00
1.020200000000000024e-04 1.012087156890488115e+00
1.040800000000000064e-04 1.012090700071355043e+00
1.061800000000000032e-04 1.012050534499514320e+00
1.083300000000000013e-04 1.012045437218876298e+00
1.105200000000000057e-04 1.012073863636363757e+00
1.127500000000000030e-04 1.012059675231846478e+00
1.150300000000000015e-04 1.012041696621135856e+00
1.173500000000000064e-04 1.012054987663024264e+00
1.197199999999999989e-04 1.012028619819570707e+00
1.221399999999999927e-04 1.012032674643256636e+00
1.246099999999999877e-04 1.012032174433291187e+00
1.271199999999999891e-04 1.012026987386330124e+00
1.296899999999999865e-04 1.012017386857581025e+00
1.323100000000000122e-04 1.012004011784617408e+00
1.349900000000000069e-04 1.011986353996987997e+00
1.377100000000000080e-04 1.011995177817962777e+00
1.404900000000000051e-04 1.011999054261733200e+00
1.433299999999999982e-04 1.011969279814519451e+00
1.462299999999999874e-04 1.011964646034046567e+00
1.491800000000000049e-04 1.011955522113535677e+00
1.522000000000000132e-04 1.011942501093135105e+00
1.552699999999999957e-04 1.011952298003483852e+00
1.584099999999999961e-04 1.011930728194886164e+00
1.616099999999999926e-04 1.011931452132457165e+00
1.648700000000000122e-04 1.011927625593854296e+00
1.681999999999999956e-04 1.011919512316003411e+00
1.715999999999999969e-04 1.011907076205287748e+00
1.750699999999999891e-04 1.011890861432145794e+00
1.786000000000000044e-04 1.011870545624488971e+00
1.822100000000000054e-04 1.011869572191287814e+00
1.858899999999999973e-04 1.011864368694245453e+00
1.896500000000000020e-04 1.011832624551043391e+00
1.934799999999999975e-04 1.011819360414866198e+00
1.973900000000000058e-04 1.011823536890282593e+00
2.013799999999999998e-04 1.011802106925426603e+00
2.054400000000000117e-04 1.011797546762296829e+00
2.095900000000000042e-04 1.011768702046035751e+00
2.138300000000000042e-04 1.011756176891275061e+00
2.181499999999999900e-04 1.011759054664232993e+00
2.225499999999999885e-04 1.011719486000678403e+00
2.270499999999999895e-04 1.011695582284795947e+00
2.316399999999999980e-04 1.011686476300913240e+00
2.363199999999999871e-04 1.011673151750972721e+00
2.410900000000000109e-04 1.011656067601707676e+00
2.459599999999999829e-04 1.011635257735481463e+00
2.509300000000000115e-04 1.011610957527016907e+00
2.559999999999999884e-04 1.011599631966351387e+00
2.611700000000000219e-04 1.011568144102340971e+00
2.664499999999999985e-04 1.011533660910369115e+00
2.718299999999999775e-04 1.011527198921649218e+00
2.773200000000000079e-04 1.011486219575192136e+00
2.829199999999999814e-04 1.011472332310259681e+00
2.886400000000000012e-04 1.011440009350710101e+00
2.944700000000000182e-04 1.011404665023783567e+00
3.004199999999999731e-04 1.011380560316969657e+00
3.064899999999999743e-04 1.011339211904105806e+00
3.126800000000000217e-04 1.011322335265426364e+00
3.189900000000000070e-04 1.011275256707519166e+00
3.254399999999999741e-04 1.011251867732086085e+00
3.320099999999999874e-04 1.011199592278779313e+00
3.387199999999999825e-04 1.011157618541888015e+00
3.455600000000000186e-04 1.011125405869019112e+00
3.525399999999999823e-04 1.011090284286160434e+00
3.596599999999999819e-04 1.011040544839694189e+00
3.669300000000000122e-04 1.011000184877056673e+00
3.743400000000000243e-04 1.010945803542089294e+00
3.819000000000000129e-04 1.010900726715114217e+00
3.896200000000000271e-04 1.010842205053884113e+00
3.974900000000000178e-04 1.010781987989143316e+00
4.055199999999999799e-04 1.010741082281929826e+00
4.137100000000000217e-04 1.010677107418483045e+00
4.220699999999999756e-04 1.010571293245054347e+00
4.306000000000000040e-04 1.010574167407846558e+00
4.392900000000000038e-04 1.010564062802868701e+00
4.481700000000000137e-04 1.010454286257365331e+00
4.572199999999999897e-04 1.010438997110634896e+00
4.664599999999999758e-04 1.010236724248240403e+00
4.758799999999999771e-04 1.010217800484001227e+00
4.854999999999999832e-04 1.010108112859277485e+00
4.952999999999999504e-04 1.009999138005344355e+00
5.053100000000000256e-04 1.009890109890109855e+00
5.155199999999999973e-04 1.009864876067313233e+00
5.259299999999999739e-04 1.009837398373983675e+00
5.365600000000000534e-04 1.009646814956549399e+00
5.473900000000000293e-04 1.009538702111024255e+00
5.584500000000000488e-04 1.009431068854470093e+00
5.697299999999999543e-04 1.009324009324009230e+00
5.812400000000000119e-04 1.009292035398229981e+00
5.929900000000000535e-04 1.009184928039343232e+00
6.049599999999999813e-04 1.009007092198581645e+00
6.171899999999999912e-04 1.008903109132642362e+00
6.296500000000000447e-04 1.008731241473396878e+00
6.423699999999999636e-04 1.008629917045758662e+00
6.553499999999999647e-04 1.008463456239338640e+00
6.685900000000000480e-04 1.008300090078496858e+00
6.821000000000000457e-04 1.008203445447087621e+00
6.958799999999999578e-04 1.007983167275202652e+00
7.099300000000000012e-04 1.007890264627336885e+00
7.242699999999999486e-04 1.007678571428571423e+00
7.389099999999999575e-04 1.007472270869818942e+00
7.538300000000000382e-04 1.007328523989465374e+00
7.690600000000000127e-04 1.007131225784715589e+00
7.845999999999999893e-04 1.006883638966903360e+00
8.004499999999999680e-04 1.006697272481771543e+00
8.166199999999999978e-04 1.006462548998834583e+00
8.331099999999999704e-04 1.006234413965087393e+00
8.499399999999999837e-04 1.006012738853503174e+00
8.671100000000000379e-04 1.005797391173971711e+00
8.846299999999999650e-04 1.005538944169403592e+00
9.024999999999999819e-04 1.005240132685928822e+00
9.207300000000000293e-04 1.004950961901169393e+00
9.393300000000000477e-04 1.004717417445194716e+00
9.583099999999999778e-04 1.004400090723519989e+00
9.776699999999999280e-04 1.004093255027585174e+00
9.974199999999999473e-04 1.003753000218197577e+00
1.017600000000000015e-03 1.003424364352367038e+00
1.038099999999999917e-03 1.003064908892434159e+00
1.059100000000000102e-03 1.002759245531669619e+00
1.080500000000000080e-03 1.002383356897596389e+00
1.102300000000000068e-03 1.001941516760440631e+00
1.124599999999999905e-03 1.001554665941155831e+00
1.147299999999999969e-03 1.001181897899271700e+00
1.170500000000000099e-03 1.000747971128314262e+00
1.194100000000000023e-03 1.000256795920613229e+00
1.218200000000000012e-03 9.998200662156327967e-01
1.242899999999999908e-03 9.993292618349983725e-01
1.268000000000000030e-03 9.988225515999445969e-01
1.293600000000000002e-03 9.983353151010702087e-01
1.319700000000000040e-03 9.977670388268620183e-01
1.346399999999999984e-03 9.972208598986430639e-01
1.373599999999999995e-03 9.966320246343340905e-01
1.401300000000000072e-03 9.960663372879755562e-01
1.429600000000000055e-03 9.954306884841001013e-01
1.458499999999999944e-03 9.947900890531288232e-01
1.487999999999999956e-03 9.941454426580285109e-01
1.518000000000000035e-03 9.934394681595519749e-01
1.548700000000000077e-03 9.927333066315729981e-01
1.580000000000000024e-03 9.919719298245613937e-01
1.611900000000000095e-03 9.912413584157324653e-01
1.644499999999999912e-03 9.904597173049377590e-01
1.677700000000000068e-03 9.896308475655033465e-01
1.711599999999999970e-03 9.887842198397002180e-01
1.746200000000000052e-03 9.878958120531153853e-01
1.781400000000000041e-03 9.869941110136575269e-01
1.817400000000000048e-03 9.860803698785105542e-01
1.854100000000000019e-03 9.851326237540124486e-01
1.891600000000000009e-03 9.841299919465630319e-01
1.929799999999999962e-03 9.830993118839502776e-01
1.968800000000000151e-03 9.820430328336414716e-01
2.008600000000000142e-03 9.809638985935680289e-01
2.049099999999999880e-03 9.798206278026905247e-01
2.090499999999999910e-03 9.786600496277915173e-01
2.132799999999999800e-03 9.774633567737016637e-01
2.175799999999999870e-03 9.762340416683993327e-01
2.219800000000000072e-03 9.749744845886915146e-01
2.264599999999999860e-03 9.736879020460510459e-01
2.310400000000000214e-03 9.723375371357743102e-01
2.357099999999999994e-03 9.709467421330190140e-01
2.404700000000000067e-03 9.695199438575193840e-01
2.453299999999999838e-03 9.680591510997709204e-01
2.502799999999999903e-03 9.665685180782384034e-01
2.553399999999999941e-03 9.650316995635697115e-01
2.605000000000000111e-03 9.634535673339800210e-01
2.657599999999999980e-03 9.618202920643718068e-01
2.711299999999999821e-03 9.601694626875829641e-01
2.765999999999999796e-03 9.584698175011698851e-01
2.821900000000000016e-03 9.567258758249335138e-01
2.878900000000000209e-03 9.549405712258292045e-01
2.937100000000000214e-03 9.531180683186513125e-01
2.996400000000000192e-03 9.512608966376089326e-01
3.056899999999999982e-03 9.493576017130620492e-01
3.118699999999999858e-03 9.474119273776602235e-01
3.181699999999999980e-03 9.454266176318549819e-01
3.246000000000000187e-03 9.434195056101490895e-01
3.311500000000000207e-03 9.413652899636207882e-01
3.378400000000000153e-03 9.392537125068359805e-01
3.446700000000000024e-03 9.371286787511199368e-01
3.516299999999999981e-03 9.349667312617728765e-01
3.587400000000000137e-03 9.327693025114915937e-01
3.659799999999999946e-03 9.305280809086502458e-01
3.733799999999999793e-03 9.282576489533010955e-01
3.809199999999999999e-03 9.259733184680291052e-01
3.886099999999999971e-03 9.236405323231819953e-01
3.964600000000000415e-03 9.212742226089941644e-01
4.044700000000000031e-03 9.188892640108035081e-01
4.126399999999999686e-03 9.164640149942466785e-01
4.209799999999999653e-03 9.140239276334986007e-01
4.294799999999999660e-03 9.115697828009601267e-01
4.381600000000000251e-03 9.090713841632283021e-01
4.470100000000000288e-03 9.065632683941743375e-01
4.560400000000000044e-03 9.040249712502055335e-01
4.652500000000000385e-03 9.014588702112288354e-01
4.746499999999999851e-03 8.988767623577372801e-01
4.842400000000000176e-03 8.962698113996570015e-01
4.940199999999999626e-03 8.936492246864767841e-01
5.040000000000000209e-03 8.909870896423028874e-01
5.141899999999999596e-03 8.883305025477069572e-01
5.245699999999999842e-03 8.856186632542571990e-01
5.351700000000000033e-03 8.828612997090202752e-01
5.459799999999999896e-03 8.801453015964056936e-01
5.570099999999999704e-03 8.772847182965893831e-01
5.682600000000000325e-03 8.745309307077837602e-01
5.797400000000000296e-03 8.716208791208791551e-01
5.914499999999999619e-03 8.687104930467762776e-01
6.034000000000000301e-03 8.657997862486640495e-01
6.155899999999999740e-03 8.627778265835017724e-01
6.280299999999999945e-03 8.597243889755589175e-01
6.407200000000000048e-03 8.565931246793225817e-01
6.536600000000000049e-03 8.534053506625031149e-01
6.668600000000000222e-03 8.501457725947521027e-01
6.803299999999999972e-03 8.467927631578947567e-01
6.940799999999999574e-03 8.432932770379992782e-01
7.080999999999999621e-03 8.397883088765937254e-01
7.224000000000000386e-03 8.362109931886583247e-01
7.369999999999999815e-03 8.324074798529065289e-01
7.518900000000000236e-03 8.286686253285913129e-01
7.670800000000000188e-03 8.246485330073349829e-01
7.825699999999999670e-03 8.206193353474320329e-01
7.983799999999999231e-03 8.163829151732377998e-01
8.145100000000000603e-03 8.120661645251808780e-01
8.309600000000000319e-03 8.075518550978674215e-01
8.477500000000000660e-03 8.029624277456647308e-01
8.648799999999999891e-03 7.982982982982982367e-01
8.823499999999999746e-03 7.934328780694925864e-01
9.001699999999999632e-03 7.883712784588441380e-01
9.183600000000000096e-03 7.832963374028856229e-01
9.369099999999999998e-03 7.780831329440054400e-01
9.558300000000000476e-03 7.727334603866049534e-01
9.751400000000000345e-03 7.672489377487016204e-01
9.948399999999999604e-03 7.617328519855595115e-01
1.014900000000000004e-02 7.560151123483794811e-01
1.035400000000000036e-02 7.502300512685683431e-01
1.056400000000000047e-02 7.443270735524255555e-01
1.077700000000000012e-02 7.383540372670808205e-01
1.099499999999999957e-02 7.322758797842281453e-01
1.121699999999999954e-02 7.261540423361387830e-01
1.144300000000000005e-02 7.199214792299898358e-01
1.167499999999999961e-02 7.135757423251132270e-01
1.191000000000000045e-02 7.071584870271960810e-01
1.215100000000000034e-02 7.006215040397762994e-01
1.239700000000000003e-02 6.940238551387429844e-01
1.264700000000000026e-02 6.873232509529079159e-01
1.290200000000000027e-02 6.805334638443656381e-01
1.316299999999999935e-02 6.736297198538366837e-01
1.342899999999999996e-02 6.666868821638668452e-01
1.370000000000000037e-02 6.596181730304494506e-01
1.397699999999999984e-02 6.524775724005056343e-01
1.425900000000000084e-02 6.452968365448106258e-01
1.454699999999999917e-02 6.380889660540022268e-01
1.484100000000000003e-02 6.307269577683530803e-01
1.514099999999999994e-02 6.233975314531035039e-01
1.544700000000000066e-02 6.159571300982434883e-01
1.575899999999999870e-02 6.085301290821486520e-01
1.607700000000000101e-02 6.010701545778833754e-01
1.640199999999999991e-02 5.936032340526721240e-01
1.673399999999999888e-02 5.860957478441867208e-01
1.707200000000000037e-02 5.786071428571427644e-01
1.741600000000000092e-02 5.710692573608296962e-01
1.776799999999999907e-02 5.635337672418940791e-01
1.812700000000000075e-02 5.559731864974862825e-01
1.849299999999999902e-02 5.483944541143987994e-01
1.886699999999999836e-02 5.407924846441044542e-01
1.924800000000000122e-02 5.332063837504532611e-01
1.963700000000000168e-02 5.256360434756208733e-01
2.003399999999999972e-02 5.180497925311202678e-01
2.043800000000000130e-02 5.104920849183949283e-01
2.085100000000000148e-02 5.029320987654322117e-01
2.127199999999999924e-02 4.954079413409556709e-01
2.170199999999999907e-02 4.878895981975215901e-01
2.214100000000000096e-02 4.804087296581304178e-01
2.258800000000000044e-02 4.729360132298690012e-01
2.304399999999999851e-02 4.654793993068925273e-01
2.350999999999999965e-02 4.580342101853052128e-01
2.398499999999999938e-02 4.505923162510635516e-01
2.446900000000000117e-02 4.432087330466423780e-01
2.496400000000000008e-02 4.358179993308798905e-01
2.546800000000000105e-02 4.284601841820151469e-01
2.598200000000000162e-02 4.211753411506549138e-01
2.650699999999999931e-02 4.138956437156951496e-01
2.704300000000000107e-02 4.066563358456011801e-01
2.758899999999999894e-02 3.994712397284744809e-01
2.814600000000000088e-02 3.923121554975341208e-01
2.871500000000000094e-02 3.852018267530936679e-01
2.929500000000000159e-02 3.781004415837137533e-01
2.988700000000000037e-02 3.710752606346548466e-01
3.048999999999999974e-02 3.640606858115952860e-01
3.110600000000000170e-02 3.571417316631214089e-01
3.173499999999999932e-02 3.502486763998075014e-01
3.237600000000000200e-02 3.433812714495833029e-01
3.302999999999999686e-02 3.365559163960362699e-01
3.369699999999999779e-02 3.297903047796926779e-01
3.437799999999999884e-02 3.230303030303030010e-01
3.507199999999999901e-02 3.163133721957251954e-01
3.578100000000000031e-02 3.096439837764758951e-01
3.650400000000000172e-02 3.029988041578511315e-01
3.724100000000000327e-02 2.963849765258215752e-01
3.799299999999999899e-02 2.898293711656441674e-01
3.876099999999999685e-02 2.833235466823252890e-01
3.954400000000000276e-02 2.768784972022382274e-01
4.034299999999999692e-02 2.704767539117484687e-01
4.115800000000000014e-02 2.641546758844720566e-01
4.198899999999999855e-02 2.579239849967591702e-01
4.283800000000000108e-02 2.517996530789245457e-01
4.370299999999999879e-02 2.457620558866785432e-01
4.458600000000000063e-02 2.398299733910612130e-01
4.548599999999999866e-02 2.340036773155596550e-01
4.640500000000000180e-02 2.282774122550282059e-01
4.734300000000000314e-02 2.226381355427072550e-01
4.829900000000000165e-02 2.170900973041177962e-01
4.927499999999999936e-02 2.116234295164514667e-01
5.027000000000000218e-02 2.062085926520778878e-01
5.128599999999999826e-02 2.008593869536389742e-01
5.232200000000000045e-02 1.955502603020021213e-01
5.337900000000000283e-02 1.902839863265842757e-01
5.445699999999999846e-02 1.850883279073491094e-01
5.555700000000000222e-02 1.799231144079267986e-01
5.668000000000000121e-02 1.748335278368916279e-01
5.782500000000000140e-02 1.698228806951097292e-01
5.899299999999999683e-02 1.649037578907231738e-01
6.018400000000000138e-02 1.600630282194527854e-01
6.140000000000000319e-02 1.553297869247986795e-01
6.264100000000000223e-02 1.506831125143852090e-01
6.390600000000000447e-02 1.461477362986497164e-01
6.519700000000000495e-02 1.417056412912661434e-01
6.651400000000000368e-02 1.373591281836643030e-01
6.785800000000000165e-02 1.331075105805065995e-01
6.922899999999999887e-02 1.289513530927834939e-01
7.062699999999999534e-02 1.248913973540446282e-01
7.205400000000000693e-02 1.209286664309645321e-01
7.351000000000000589e-02 1.170638275844218673e-01
7.499400000000000510e-02 1.132930567120812165e-01
7.650899999999999368e-02 1.096098121047547891e-01
7.805499999999999938e-02 1.060061977650483683e-01
7.963199999999999446e-02 1.024799317485554778e-01
8.124099999999999377e-02 9.901947023320166463e-02
8.288199999999999734e-02 9.563230804378076988e-02
8.455600000000000616e-02 9.232724452869205123e-02
8.626399999999999346e-02 8.910359634997316869e-02
8.800700000000000189e-02 8.596593153772862095e-02
8.978500000000000369e-02 8.291463355717666739e-02
9.159799999999999887e-02 7.992970123022846707e-02
9.344900000000000428e-02 7.700834637454355425e-02
9.533700000000000507e-02 7.415137242163391540e-02
9.726300000000000223e-02 7.135723503338382845e-02
9.922699999999999576e-02 6.865351131746952329e-02
1.012300000000000005e-01 6.605163841131013458e-02
1.032799999999999968e-01 6.355898226676946761e-02
1.053599999999999953e-01 6.116301903525163397e-02
1.074900000000000022e-01 5.883975211706304193e-02
1.096599999999999936e-01 5.656542211021950428e-02
1.118799999999999933e-01 5.432224025974026482e-02
1.141400000000000053e-01 5.212179663819234421e-02
1.164400000000000018e-01 4.998422768217026385e-02
1.188000000000000028e-01 4.792981705360008227e-02
1.212000000000000022e-01 4.596586782861292880e-02
1.236499999999999960e-01 4.408116414262969185e-02
1.261400000000000021e-01 4.226620747076410833e-02
1.286899999999999988e-01 4.051055245189323639e-02
1.312899999999999900e-01 3.881071157760306728e-02
1.339400000000000035e-01 3.715733948734854797e-02
1.366499999999999937e-01 3.555042932205561973e-02
1.394100000000000061e-01 3.399306635850482539e-02
1.422299999999999953e-01 3.249779633495708531e-02
1.451000000000000068e-01 3.107465294631588798e-02
1.480299999999999949e-01 2.971826688364524044e-02
1.510199999999999876e-01 2.840829159117552738e-02
1.540700000000000125e-01 2.712660345789180347e-02
1.571799999999999864e-01 2.587923605450098696e-02
1.603600000000000025e-01 2.468924157984007939e-02
1.635999999999999954e-01 2.356613955823293194e-02
1.668999999999999928e-01 2.249676417292260228e-02
1.702799999999999869e-01 2.145553635517745417e-02
1.737100000000000033e-01 2.043744472413089319e-02
1.772199999999999886e-01 1.945436852714255843e-02
1.807999999999999885e-01 1.851341757773675850e-02
1.844600000000000128e-01 1.762454611474219279e-02
1.881799999999999862e-01 1.678813622475594167e-02
1.919800000000000118e-01 1.598801935335227714e-02
1.958600000000000063e-01 1.520801845517460657e-02
1.998199999999999976e-01 1.445014905597880039e-02
2.038600000000000134e-01 1.373127867717080682e-02
2.079699999999999882e-01 1.305283224400871460e-02
2.121800000000000075e-01 1.239687529770410607e-02
2.164600000000000135e-01 1.176452965847812893e-02
2.208299999999999985e-01 1.116502321698752999e-02
2.253000000000000003e-01 1.060251818083143317e-02
2.298499999999999988e-01 1.006527503145784701e-02
2.344900000000000040e-01 9.543901902435071583e-03
2.392299999999999982e-01 9.037928284956026417e-03
2.440599999999999992e-01 8.560478251301987737e-03
2.489899999999999891e-01 8.116680506278150728e-03
2.540200000000000236e-01 7.690818116836701211e-03
2.591499999999999915e-01 7.279925540237946850e-03
2.643900000000000139e-01 6.891589652698652986e-03
2.697300000000000253e-01 6.520849585657721541e-03
2.751799999999999802e-01 6.165021591610117362e-03
2.807399999999999896e-01 5.828665515181843601e-03
2.864099999999999979e-01 5.514325658171772768e-03
2.921900000000000053e-01 5.214864604666632347e-03
2.980999999999999761e-01 4.922162416861487061e-03
3.041200000000000014e-01 4.647243858597962379e-03
3.102599999999999802e-01 4.389970204697597397e-03
3.165299999999999780e-01 4.144122480060919052e-03
3.229199999999999848e-01 3.911639726712214452e-03
3.294500000000000206e-01 3.689757072704358265e-03
3.361000000000000099e-01 3.477658390313713866e-03
3.428899999999999726e-01 3.279334916864608176e-03
3.498200000000000198e-01 3.094334944836990564e-03
3.568899999999999850e-01 2.913838928599075864e-03
3.640900000000000247e-01 2.744420330627227005e-03
3.714500000000000024e-01 2.584896745323661017e-03
3.789500000000000091e-01 2.434446336325070057e-03
3.866100000000000092e-01 2.292338649127549123e-03
3.944199999999999928e-01 2.155571567306788575e-03
4.023900000000000254e-01 2.028009554661169746e-03
4.105199999999999960e-01 1.908562837422265145e-03
4.188100000000000156e-01 1.793764475325137966e-03
4.272699999999999831e-01 1.686129762213896353e-03
4.359000000000000097e-01 1.584709786971287299e-03
4.447099999999999942e-01 1.489776242317117057e-03
4.536899999999999822e-01 1.398308278547799642e-03
4.628599999999999937e-01 1.313535247585332884e-03
4.722100000000000186e-01 1.233458063338505007e-03
4.817400000000000015e-01 1.157340825753607394e-03
4.914799999999999724e-01 1.086002284125328924e-03
5.014100000000000223e-01 1.019252665355553211e-03
5.115300000000000402e-01 9.556418973611785495e-04
5.218699999999999450e-01 8.962779435779041903e-04
5.324100000000000499e-01 8.403786230818979493e-04
5.431700000000000417e-01 7.874155923879680745e-04
5.541399999999999659e-01 7.377931564782775351e-04
5.653299999999999992e-01 6.914744232698094746e-04
5.767499999999999849e-01 6.473236094633261564e-04
5.884000000000000341e-01 6.064927493988195089e-04
6.002899999999999903e-01 5.676992160742826664e-04
6.124199999999999644e-01 5.312718600953895932e-04
6.247899999999999565e-01 4.971518724570289692e-04
6.374100000000000321e-01 4.651053864168618328e-04
6.502900000000000347e-01 4.350579920260964472e-04
6.634200000000000097e-01 4.068825144371864379e-04
6.768300000000000427e-01 3.804352126607319457e-04
6.905000000000000027e-01 3.556632832365162582e-04
7.044500000000000206e-01 3.324259511309870835e-04
7.186799999999999855e-01 3.106434385972835330e-04
7.331999999999999629e-01 2.902175067565175028e-04
7.480099999999999527e-01 2.710728914770764268e-04
7.631200000000000205e-01 2.531410438327184550e-04
7.785400000000000098e-01 2.363533363007324522e-04
7.942599999999999660e-01 2.206330399458361624e-04
8.103099999999999747e-01 2.059214020180562916e-04
8.266799999999999704e-01 1.921433090061872354e-04
8.433800000000000185e-01 1.792665999548081113e-04
8.604100000000000081e-01 1.672120352547867448e-04
8.778000000000000247e-01 1.559487007366319874e-04
8.955300000000000482e-01 1.454170748387335519e-04
9.136199999999999877e-01 1.355736500077363543e-04
9.320800000000000196e-01 1.263773630733109449e-04
9.509100000000000330e-01 1.177833795835363359e-04
9.701100000000000279e-01 1.097556649372533250e-04
9.897099999999999786e-01 1.022582217374149919e-04
1.009700000000000042e+00 9.525973079352736755e-05
1.030100000000000016e+00 8.872128812352148074e-05
1.050899999999999945e+00 8.262178070152077195e-05
1.072100000000000053e+00 7.692779652508576101e-05
1.093800000000000106e+00 7.161297859291493166e-05
1.115899999999999892e+00 6.665545190396084411e-05
1.138400000000000079e+00 6.203229113275243235e-05
1.161399999999999988e+00 5.771953961276466951e-05
1.184900000000000064e+00 5.370149043869516179e-05
1.208800000000000097e+00 4.995028539863745657e-05
1.233300000000000063e+00 4.645806003549656789e-05
1.258199999999999985e+00 4.320423673997412942e-05
1.283600000000000074e+00 4.017114292976361800e-05
1.309500000000000108e+00 3.734573381869838821e-05
1.336000000000000076e+00 3.471433888527030955e-05
1.362999999999999989e+00 3.226508021651143581e-05
1.390500000000000069e+00 2.998415456961766050e-05
1.418600000000000083e+00 2.785951564509215521e-05
1.447200000000000042e+00 2.588383980228051487e-05
1.476499999999999924e+00 2.404452034626936054e-05
1.506299999999999972e+00 2.233267473450234952e-05
1.536699999999999955e+00 2.073999741033277148e-05
1.567800000000000082e+00 1.925996333763323900e-05
1.599399999999999933e+00 1.788180847276611067e-05
1.631799999999999917e+00 1.660095579450418144e-05
1.664700000000000069e+00 1.540961779448621701e-05
1.698399999999999910e+00 1.430331909300032911e-05
1.732699999999999907e+00 1.327300930713547085e-05
1.767700000000000049e+00 1.231715034806979666e-05
1.803399999999999892e+00 1.142748743241961462e-05
1.839800000000000102e+00 1.060210987261146622e-05
1.877000000000000002e+00 9.834386258027462652e-06
1.914900000000000047e+00 9.121530555220739984e-06
1.953600000000000003e+00 8.459362494825444997e-06
1.993000000000000105e+00 7.844325107101912599e-06
2.033300000000000107e+00 7.273441161197169175e-06
2.074399999999999800e+00 6.743240009571667462e-06
2.116299999999999848e+00 6.251151237755016796e-06
2.158999999999999808e+00 5.794307644982202398e-06
2.202599999999999891e+00 5.370455803653810707e-06
2.247100000000000097e+00 4.977074588311269254e-06
2.292499999999999982e+00 4.612255275870836633e-06
2.338799999999999990e+00 4.273662478197416166e-06
2.386099999999999888e+00 3.959594826941765785e-06
2.434299999999999908e+00 3.668406798288652513e-06
2.483499999999999819e+00 3.398392415498763127e-06
2.533599999999999852e+00 3.147903634277798237e-06
2.584799999999999986e+00 2.915634164639552578e-06
2.637000000000000011e+00 2.700224461531113908e-06
2.690300000000000136e+00 2.500664676816574723e-06
2.744699999999999918e+00 2.315679919900930307e-06
2.800100000000000033e+00 2.144154118689105297e-06
2.856700000000000017e+00 1.985227404908688849e-06
2.914400000000000102e+00 1.837890684672023336e-06
2.973300000000000054e+00 1.701399589111453674e-06
3.033300000000000107e+00 1.574931696293048352e-06
3.094599999999999795e+00 1.457716027504076130e-06
3.157099999999999795e+00 1.349188021454111933e-06
3.220899999999999874e+00 1.248590887740723404e-06
3.286000000000000032e+00 1.155456826689703432e-06
3.352300000000000058e+00 1.069177223399195756e-06
3.420100000000000140e+00 9.892751647352873931e-07
3.489199999999999857e+00 9.152615237640315770e-07
3.559600000000000097e+00 8.467563767824864190e-07
3.631600000000000161e+00 7.833729216152019495e-07
3.704899999999999860e+00 7.245990788524498890e-07
3.779799999999999827e+00 6.702251779255629745e-07
3.856100000000000083e+00 6.199092247301275653e-07
3.934000000000000163e+00 5.733217256722771448e-07
4.013499999999999623e+00 5.302074857607810282e-07
4.094599999999999795e+00 4.903315508021390183e-07
4.177299999999999791e+00 4.534303066656669964e-07
4.261700000000000266e+00 4.192871786784418634e-07
4.347800000000000331e+00 3.876772535036072793e-07
4.435599999999999987e+00 3.584423512994941515e-07
4.525199999999999889e+00 3.313887360117410138e-07
4.616600000000000037e+00 3.063772310660877690e-07
4.709900000000000198e+00 2.832496067387222607e-07
4.804999999999999716e+00 2.618391835340336484e-07
4.902099999999999902e+00 2.420461564377562149e-07
5.001100000000000101e+00 2.237397067684273990e-07
5.102100000000000080e+00 2.068112609533279604e-07
5.205199999999999605e+00 1.911574322292110606e-07
5.310399999999999565e+00 1.766737293965493606e-07
5.417600000000000193e+00 1.632815553657512814e-07
5.527099999999999902e+00 1.509017791859615069e-07
5.638700000000000045e+00 1.394553352461250084e-07
5.752600000000000158e+00 1.288702223121816158e-07
5.868900000000000006e+00 1.190851483039565470e-07
5.987400000000000055e+00 1.100388552641410574e-07
6.108399999999999608e+00 1.016789871028625422e-07
6.231799999999999784e+00 9.394760801191855695e-08
6.357700000000000351e+00 8.680198623573482869e-08
6.486100000000000421e+00 8.019851912981684311e-08
6.617099999999999760e+00 7.409212653524118457e-08
6.750799999999999912e+00 6.844885829671584731e-08
6.887199999999999989e+00 6.323529411764705752e-08
7.026299999999999990e+00 5.841754158808793762e-08
7.168199999999999683e+00 5.396491436022047373e-08
7.312999999999999723e+00 4.985025269857116049e-08
7.460799999999999876e+00 4.605025455739858762e-08
7.611500000000000377e+00 4.253700373495642953e-08
7.765299999999999869e+00 3.929429757483067727e-08
7.922100000000000364e+00 3.629538744680035324e-08
8.082200000000000273e+00 3.352672803617571081e-08
8.245400000000000063e+00 3.096807108541303809e-08
8.412000000000000810e+00 2.860532796059995711e-08
8.581899999999999196e+00 2.642133056721203123e-08
8.755300000000000082e+00 2.440460820339656573e-08
8.932199999999999918e+00 2.254066209926259128e-08
9.112600000000000477e+00 2.081850729826493849e-08
9.296699999999999520e+00 1.922724371990485469e-08
9.484500000000000597e+00 1.775679804460739528e-08
9.676099999999999923e+00 1.639933058702368650e-08
9.871600000000000819e+00 1.514407756458065034e-08
1.007099999999999973e+01 1.398443079560062803e-08
1.027399999999999913e+01 1.291400195621097049e-08
1.048199999999999932e+01 1.192438773083934392e-08
1.069400000000000084e+01 1.101118904475617951e-08
1.091000000000000014e+01 1.016803026304213952e-08
1.113000000000000078e+01 9.389192696264714520e-09
1.135500000000000043e+01 8.670410156249999787e-09
1.158399999999999963e+01 8.006070583393353306e-09
1.181799999999999962e+01 7.393076681230282651e-09
1.205700000000000038e+01 6.826977998126527850e-09
1.230100000000000016e+01 6.304455117787970706e-09
1.254899999999999949e+01 5.821853514980845966e-09
1.280300000000000082e+01 5.376224785787806387e-09
1.306099999999999994e+01 4.964711848648343951e-09
1.332499999999999929e+01 4.584607618991062679e-09
1.359399999999999942e+01 4.233567505828235519e-09
1.386899999999999977e+01 3.909336763299363839e-09
1.414899999999999913e+01 3.609851052366302987e-09
1.443500000000000050e+01 3.333028027111192614e-09
1.472700000000000031e+01 3.077502316960147818e-09
1.502399999999999913e+01 2.841558970184185846e-09
1.532799999999999940e+01 2.623460762860943146e-09
1.563700000000000045e+01 2.422152371045430528e-09
1.595299999999999940e+01 2.236286919831223586e-09
1.627499999999999858e+01 2.064634483451863403e-09
1.660399999999999920e+01 1.906111743979653653e-09
1.694000000000000128e+01 1.759782153330540538e-09
1.728200000000000003e+01 1.624668747423591247e-09
1.763100000000000023e+01 1.499922391581038719e-09
1.798699999999999832e+01 1.384773999279939897e-09
1.835099999999999909e+01 1.278452619228380233e-09
1.872100000000000009e+01 1.180329658334243051e-09
1.909900000000000020e+01 1.089660464224055412e-09
1.948499999999999943e+01 1.005987297220761366e-09
1.987900000000000134e+01 9.287176862042488274e-10
2.028000000000000114e+01 8.573613422698033474e-10
2.069000000000000128e+01 7.914709928371519765e-10
2.110800000000000054e+01 7.305787604421991044e-10
2.153500000000000014e+01 6.744038826756699438e-10
2.196999999999999886e+01 6.225659285634806325e-10
2.241300000000000026e+01 5.746347474036261314e-10
2.286599999999999966e+01 5.303960396039603857e-10
2.332799999999999940e+01 4.895640255841273971e-10
2.379899999999999949e+01 4.518827011771184683e-10
2.428000000000000114e+01 4.171059318957380443e-10
2.477100000000000080e+01 3.849977025578190107e-10
2.527100000000000080e+01 3.553921964617497450e-10
2.578200000000000003e+01 3.280504430811178783e-10
2.630199999999999960e+01 3.028222182275750369e-10
2.683399999999999963e+01 2.795581681994879860e-10
2.737600000000000122e+01 2.580816163232646694e-10
2.792899999999999849e+01 2.382615485259670334e-10
2.849299999999999855e+01 2.199761790798891266e-10
2.906899999999999906e+01 2.030884857025424251e-10
2.965599999999999881e+01 1.875116149414606759e-10
3.025499999999999901e+01 1.731259394810796517e-10
3.086599999999999966e+01 1.598494042365401682e-10
3.148999999999999844e+01 1.475839189838054738e-10
3.212599999999999767e+01 1.362635675576093533e-10
3.277499999999999858e+01 1.258107363851362380e-10
3.343699999999999761e+01 1.161641541038525871e-10
3.411200000000000188e+01 1.072519703500640415e-10
3.480100000000000193e+01 9.902561565104860671e-11
3.550399999999999778e+01 9.143086655286674847e-11
3.622200000000000131e+01 8.441552937187420676e-11
3.695300000000000296e+01 7.793854548707399266e-11
3.770000000000000284e+01 7.195789672425186956e-11
3.846200000000000330e+01 6.643421085402605889e-11
3.923899999999999721e+01 6.133526087527927384e-11
4.003099999999999881e+01 5.662727474478473086e-11
4.084000000000000341e+01 5.227778428387399428e-11
4.166499999999999915e+01 4.826030529633521031e-11
4.250699999999999790e+01 4.455351901376296021e-11
4.336500000000000199e+01 4.112908777969018387e-11
4.424099999999999966e+01 3.796599084368868620e-11
4.513499999999999801e+01 3.504697986577181163e-11
4.604699999999999704e+01 3.235203627236660935e-11
4.697699999999999676e+01 2.986240492265618260e-11
4.792600000000000193e+01 2.756461725833370993e-11
4.889399999999999835e+01 2.544212180372363276e-11
4.988199999999999790e+01 2.348295968633759208e-11
5.089000000000000057e+01 2.167471477845582466e-11
5.191799999999999926e+01 2.000560192706291150e-11
5.296600000000000108e+01 1.846640643482375309e-11
5.403600000000000136e+01 1.704358141858141649e-11
5.512800000000000011e+01 1.573236651285431517e-11
5.624199999999999733e+01 1.452255011135857498e-11
5.737800000000000011e+01 1.340608465608465700e-11
5.853699999999999903e+01 1.237489331988517219e-11
5.971999999999999886e+01 1.142459244695666449e-11
6.092600000000000193e+01 1.054753049044200343e-11
6.215699999999999648e+01 9.737851662404090975e-12
6.341199999999999903e+01 8.990451388888888270e-12
6.469299999999999784e+01 8.299792235303704407e-12
6.600000000000000000e+01 7.662235701533629020e-12
6.733400000000000318e+01 7.073367404883589411e-12
6.869400000000000261e+01 6.529378605610660064e-12
7.008199999999999363e+01 6.026776101632658300e-12
7.149699999999999989e+01 5.562556014821355362e-12
7.294199999999999307e+01 5.133573497209860731e-12
7.441500000000000625e+01 4.737548864551938127e-12
7.591800000000000637e+01 4.371710422641747253e-12
7.745199999999999818e+01 4.034220469033471542e-12
7.901699999999999591e+01 3.722553311182603015e-12
8.061299999999999955e+01 3.435213725999926449e-12
8.224099999999999966e+01 3.170014122077514045e-12
8.390300000000000580e+01 2.925394161642530257e-12
8.559799999999999898e+01 2.699757074387761671e-12
8.732699999999999818e+01 2.491735059530690213e-12
8.909099999999999397e+01 2.300029306892004084e-12
9.089100000000000534e+01 2.123119791532289223e-12
9.272700000000000387e+01 1.959850632359354351e-12
9.459999999999999432e+01 1.809139862354940092e-12
9.651099999999999568e+01 1.670003042287800437e-12
9.846099999999999852e+01 1.541512648259457982e-12
1.004500000000000028e+02 1.422807851660667108e-12
1.024800000000000040e+02 1.313226639873690216e-12
1.045499999999999972e+02 1.211905213270142002e-12
1.066599999999999966e+02 1.118264492608469239e-12
1.088199999999999932e+02 1.031792396918127149e-12
1.110100000000000051e+02 9.519549073991233083e-13
1.132600000000000051e+02 8.783151326053042873e-13
1.155400000000000063e+02 8.103517186250999260e-13
1.178799999999999955e+02 7.477296726504751580e-13
1.202600000000000051e+02 6.900284582333574267e-13
1.226899999999999977e+02 6.368836989856099201e-13
1.251700000000000017e+02 5.879012653493735372e-13
1.277000000000000028e+02 5.428580840690473545e-13
1.302800000000000011e+02 5.013718662952646723e-13
1.329099999999999966e+02 4.631947000368052513e-13
1.355900000000000034e+02 4.280056026768344601e-13
1.383300000000000125e+02 3.955169860985440901e-13
1.411299999999999955e+02 3.655361335768327732e-13
1.439799999999999898e+02 3.378045416934816073e-13
1.468899999999999864e+02 3.121403576982892234e-13
1.498499999999999943e+02 2.883892051877582169e-13
1.528799999999999955e+02 2.663805280886667316e-13
1.559699999999999989e+02 2.459643599848340460e-13
1.591200000000000045e+02 2.270385848964913831e-13
1.623300000000000125e+02 2.094938335046248894e-13
1.656100000000000136e+02 1.932560761884059862e-13
1.689600000000000080e+02 1.782420045400994107e-13
1.723700000000000045e+02 1.643646198963698745e-13
1.758499999999999943e+02 1.515757838741301346e-13
1.794099999999999966e+02 1.397810529178778300e-13
1.830300000000000011e+02 1.289176990991314789e-13
1.867299999999999898e+02 1.189210781609632761e-13
1.905000000000000000e+02 1.097299364082749760e-13
1.943499999999999943e+02 1.012817237267927083e-13
1.982800000000000011e+02 9.351641172362521133e-14
2.022800000000000011e+02 8.637425506555422722e-14
2.063700000000000045e+02 7.979920286564755595e-14
2.105399999999999920e+02 7.373998932194340489e-14
2.147899999999999920e+02 6.815459373940557900e-14
2.191299999999999955e+02 6.300493347286589360e-14
2.235600000000000023e+02 5.824815670390176761e-14
2.280699999999999932e+02 5.385826244222653860e-14
2.326800000000000068e+02 4.979972351210520542e-14
