1.000000000000000048e-04 1.008316864295125237e+00
1.020200000000000024e-04 1.008317183462532185e+00
1.040800000000000064e-04 1.008314197481985808e+00
1.061800000000000032e-04 1.008308421011763656e+00
1.083300000000000013e-04 1.008337775070433207e+00
1.105200000000000057e-04 1.008325555348142721e+00
1.127500000000000030e-04 1.008310452132527901e+00
1.150300000000000015e-04 1.008292945611200864e+00
1.173500000000000064e-04 1.008272900091530033e+00
1.197199999999999989e-04 1.008285290157765690e+00
1.221399999999999927e-04 1.008293838862559300e+00
1.246099999999999877e-04 1.008265834550524431e+00
1.271199999999999891e-04 1.008301051466519160e+00
1.296899999999999865e-04 1.008267628563220164e+00
1.323100000000000122e-04 1.008263945407875672e+00
1.349900000000000069e-04 1.008226410461047218e+00
1.377100000000000080e-04 1.008247546806332995e+00
1.404900000000000051e-04 1.008235433024381456e+00
1.433299999999999982e-04 1.008220446914438018e+00
1.462299999999999874e-04 1.008231387130652079e+00
1.491800000000000049e-04 1.008238928939237944e+00
1.522000000000000132e-04 1.008188219880997938e+00
1.552699999999999957e-04 1.008190139714148170e+00
1.584099999999999961e-04 1.008188976377952795e+00
1.616099999999999926e-04 1.008184696162458538e+00
1.648700000000000122e-04 1.008177481638525164e+00
1.681999999999999956e-04 1.008167508167508108e+00
1.715999999999999969e-04 1.008154746013639746e+00
1.750699999999999891e-04 1.008139368841924899e+00
1.786000000000000044e-04 1.008121732636295675e+00
1.822100000000000054e-04 1.008124499370637306e+00
1.858899999999999973e-04 1.008124242560258566e+00
1.896500000000000020e-04 1.008098769779264492e+00
1.934799999999999975e-04 1.008092884735740213e+00
1.973900000000000058e-04 1.008062980128245689e+00
2.013799999999999998e-04 1.008051964222715702e+00
2.054400000000000117e-04 1.008038421620301550e+00
2.095900000000000042e-04 1.008022350828178038e+00
2.138300000000000042e-04 1.008023483365949158e+00
2.181499999999999900e-04 1.008002302820955709e+00
2.225499999999999885e-04 1.007978923598042975e+00
2.270499999999999895e-04 1.007953496955157568e+00
2.316399999999999980e-04 1.007944119722770093e+00
2.363199999999999871e-04 1.007914396749064023e+00
2.410900000000000109e-04 1.007900323669648213e+00
2.459599999999999829e-04 1.007866625712433128e+00
2.509300000000000115e-04 1.007864924111849358e+00
2.559999999999999884e-04 1.007843780767968322e+00
2.611700000000000219e-04 1.007820545829042125e+00
2.664499999999999985e-04 1.007779460960676721e+00
2.718299999999999775e-04 1.007752537756870348e+00
2.773200000000000079e-04 1.007738998482549331e+00
2.829199999999999814e-04 1.007708103925478493e+00
2.886400000000000012e-04 1.007690174962424745e+00
2.944700000000000182e-04 1.007655653020048003e+00
3.004199999999999731e-04 1.007619662377390757e+00
3.064899999999999743e-04 1.007582116662767868e+00
3.126800000000000217e-04 1.007543248859741336e+00
3.189900000000000070e-04 1.007516309597850990e+00
3.254399999999999741e-04 1.007487574778422212e+00
3.320099999999999874e-04 1.007444358194520495e+00
3.387199999999999825e-04 1.007400012478941731e+00
3.455600000000000186e-04 1.007354650807053664e+00
3.525399999999999823e-04 1.007320292811712426e+00
3.596599999999999819e-04 1.007272727272727320e+00
3.669300000000000122e-04 1.007235839911369668e+00
3.743400000000000243e-04 1.007174948790783509e+00
3.819000000000000129e-04 1.007124862663278053e+00
3.896200000000000271e-04 1.007084943135441168e+00
3.974900000000000178e-04 1.007033234434032698e+00
4.055199999999999799e-04 1.006970391535056075e+00
4.137100000000000217e-04 1.006917645126857774e+00
4.220699999999999756e-04 1.006894469327160202e+00
4.306000000000000040e-04 1.006810778797749606e+00
4.392900000000000038e-04 1.006775723550479285e+00
4.481700000000000137e-04 1.006644518272425071e+00
4.572199999999999897e-04 1.006608954668155809e+00
4.664599999999999758e-04 1.006481058877225054e+00
4.758799999999999771e-04 1.006355742547668131e+00
4.854999999999999832e-04 1.006320779562812850e+00
4.952999999999999504e-04 1.006284976323719382e+00
5.053100000000000256e-04 1.006247889226612680e+00
5.155199999999999973e-04 1.006044047027653709e+00
5.259299999999999739e-04 1.006008444300097393e+00
5.365600000000000534e-04 1.005892658066571244e+00
5.473900000000000293e-04 1.005778541308761653e+00
5.584500000000000488e-04 1.005667024046561275e+00
5.697299999999999543e-04 1.005557641757416576e+00
5.812400000000000119e-04 1.005524048022390815e+00
5.929900000000000535e-04 1.005344889851931933e+00
6.049599999999999813e-04 1.005241906920733896e+00
6.171899999999999912e-04 1.005071205279611135e+00
6.296500000000000447e-04 1.004973429622564529e+00
6.423699999999999636e-04 1.004810583283223258e+00
6.553499999999999647e-04 1.004717908393945480e+00
6.685900000000000480e-04 1.004562688773215084e+00
6.821000000000000457e-04 1.004348648137644018e+00
6.958799999999999578e-04 1.004202979170529808e+00
7.099300000000000012e-04 1.004000727404982918e+00
7.242699999999999486e-04 1.003864217347363530e+00
7.389099999999999575e-04 1.003614738805970186e+00
7.538300000000000382e-04 1.003488106129917679e+00
7.690600000000000127e-04 1.003252579632122110e+00
7.845999999999999893e-04 1.003080138606237348e+00
8.004499999999999680e-04 1.002858992340058375e+00
8.166199999999999978e-04 1.002592318273198613e+00
8.331099999999999704e-04 1.002386882523868872e+00
8.499399999999999837e-04 1.002137404580152769e+00
8.671100000000000379e-04 1.001896680808584961e+00
8.846299999999999650e-04 1.001664463700004948e+00
9.024999999999999819e-04 1.001344408700244992e+00
9.207300000000000293e-04 1.001083168503343668e+00
9.393300000000000477e-04 1.000785219399538128e+00
9.583099999999999778e-04 1.000498346396049509e+00
9.776699999999999280e-04 1.000177746178457117e+00
9.974199999999999473e-04 9.998256624825662131e-01
1.017600000000000015e-03 9.994870041039671804e-01
1.038099999999999917e-03 9.991613552499162276e-01
1.059100000000000102e-03 9.987660922140420006e-01
1.080500000000000080e-03 9.983862508573042582e-01
1.102300000000000068e-03 9.979817965967550109e-01
1.124599999999999905e-03 9.975545376911730822e-01
1.147299999999999969e-03 9.971442714084451930e-01
1.170500000000000099e-03 9.967131064878795854e-01
1.194100000000000023e-03 9.962262768374001709e-01
1.218200000000000012e-03 9.957590569292696925e-01
1.242899999999999908e-03 9.952755350280295676e-01
1.268000000000000030e-03 9.947428492373672215e-01
1.293600000000000002e-03 9.942320089573508657e-01
1.319700000000000040e-03 9.936426574357609676e-01
1.346399999999999984e-03 9.930775510204081780e-01
1.373599999999999995e-03 9.924718093285495035e-01
1.401300000000000072e-03 9.918602093089035066e-01
1.429600000000000055e-03 9.912123828317711549e-01
1.458499999999999944e-03 9.905617569652419574e-01
1.487999999999999956e-03 9.898495236399252883e-01
1.518000000000000035e-03 9.891383477475903518e-01
1.548700000000000077e-03 9.884000000000000563e-01
1.580000000000000024e-03 9.876370160634689865e-01
1.611900000000000095e-03 9.868243707880621773e-01
1.644499999999999912e-03 9.860188933873144101e-01
1.677700000000000068e-03 9.851422215159701956e-01
1.711599999999999970e-03 9.842511499779100781e-01
1.746200000000000052e-03 9.833469346118536292e-01
1.781400000000000041e-03 9.823815005756043606e-01
1.817400000000000048e-03 9.814082569933934019e-01
1.854100000000000019e-03 9.804044445515677220e-01
1.891600000000000009e-03 9.793490088470454547e-01
1.929799999999999962e-03 9.782467381715187482e-01
1.968800000000000151e-03 9.771453310850839458e-01
2.008600000000000142e-03 9.759577751436941950e-01
2.049099999999999880e-03 9.747766338111650830e-01
2.090499999999999910e-03 9.735390449922427525e-01
2.132799999999999800e-03 9.722486621401528195e-01
2.175799999999999870e-03 9.709302325581395943e-01
2.219800000000000072e-03 9.695666354111459606e-01
2.264599999999999860e-03 9.681608965379228104e-01
2.310400000000000214e-03 9.667170953101362763e-01
2.357099999999999994e-03 9.652192364821851056e-01
2.404700000000000067e-03 9.636904310932646878e-01
2.453299999999999838e-03 9.620964142240737704e-01
2.502799999999999903e-03 9.604602319422883561e-01
2.553399999999999941e-03 9.587854439801281048e-01
2.605000000000000111e-03 9.570585645090268212e-01
2.657599999999999980e-03 9.552830058123443768e-01
2.711299999999999821e-03 9.534464889477887173e-01
2.765999999999999796e-03 9.515695665960182126e-01
2.821900000000000016e-03 9.496557377049181792e-01
2.878900000000000209e-03 9.476769466140589904e-01
2.937100000000000214e-03 9.456380723349050443e-01
2.996400000000000192e-03 9.435437489313416304e-01
3.056899999999999982e-03 9.414118581421633269e-01
3.118699999999999858e-03 9.392334013687118066e-01
3.181699999999999980e-03 9.370695376447164548e-01
3.246000000000000187e-03 9.348059251529118319e-01
3.311500000000000207e-03 9.324624633180432776e-01
3.378400000000000153e-03 9.300726717728271531e-01
3.446700000000000024e-03 9.276403628305184279e-01
3.516299999999999981e-03 9.251430968457801107e-01
3.587400000000000137e-03 9.226112870180666059e-01
3.659799999999999946e-03 9.200209300804500501e-01
3.733799999999999793e-03 9.173902417062220760e-01
3.809199999999999999e-03 9.147100495901224759e-01
3.886099999999999971e-03 9.119707357131302539e-01
3.964600000000000415e-03 9.092010574239975940e-01
4.044700000000000031e-03 9.063688899590658377e-01
4.126399999999999686e-03 9.034990050222686531e-01
4.209799999999999653e-03 9.005850679471341103e-01
4.294799999999999660e-03 8.976293968552521152e-01
4.381600000000000251e-03 8.946465455940946221e-01
4.470100000000000288e-03 8.916156555164254094e-01
4.560400000000000044e-03 8.885510875865312297e-01
4.652500000000000385e-03 8.854448164856105752e-01
4.746499999999999851e-03 8.822986897341306145e-01
4.842400000000000176e-03 8.791352186485442699e-01
4.940199999999999626e-03 8.759265922993882958e-01
5.040000000000000209e-03 8.726948666794939191e-01
5.141899999999999596e-03 8.694134078212291117e-01
5.245699999999999842e-03 8.661096913701592515e-01
5.351700000000000033e-03 8.627602905569007330e-01
5.459799999999999896e-03 8.594501718213057861e-01
5.570099999999999704e-03 8.559977420265312276e-01
5.682600000000000325e-03 8.525690966425523154e-01
5.797400000000000296e-03 8.491449474165522204e-01
5.914499999999999619e-03 8.456488411939759864e-01
6.034000000000000301e-03 8.420757737459978465e-01
6.155899999999999740e-03 8.384946047898939048e-01
6.280299999999999945e-03 8.348883503548554241e-01
6.407200000000000048e-03 8.312580066615424812e-01
6.536600000000000049e-03 8.275094816687736943e-01
6.668600000000000222e-03 8.237770382695507321e-01
6.803299999999999972e-03 8.199244415243100992e-01
6.940799999999999574e-03 8.160733111669775663e-01
7.080999999999999621e-03 8.121095627102354886e-01
7.224000000000000386e-03 8.080848034174511474e-01
7.369999999999999815e-03 8.039859320046893743e-01
7.518900000000000236e-03 7.997528766700131575e-01
7.670800000000000188e-03 7.955274003968859642e-01
7.825699999999999670e-03 7.911573864493738339e-01
7.983799999999999231e-03 7.867213726221559122e-01
8.145100000000000603e-03 7.820891118323990421e-01
8.309600000000000319e-03 7.773805180591024655e-01
8.477500000000000660e-03 7.726124305204647991e-01
8.648799999999999891e-03 7.676976926923351208e-01
8.823499999999999746e-03 7.627094675811355584e-01
9.001699999999999632e-03 7.575248495030099116e-01
9.183600000000000096e-03 7.522007347334859206e-01
9.369099999999999998e-03 7.468076342166689585e-01
9.558300000000000476e-03 7.413277105155761104e-01
9.751400000000000345e-03 7.356430304664329789e-01
9.948399999999999604e-03 7.298904329235703647e-01
1.014900000000000004e-02 7.240328563857975075e-01
1.035400000000000036e-02 7.180396794113782510e-01
1.056400000000000047e-02 7.120046923879040923e-01
1.077700000000000012e-02 7.058138782901118846e-01
1.099499999999999957e-02 6.995121324945435815e-01
1.121699999999999954e-02 6.931803696622051980e-01
1.144300000000000005e-02 6.867126669620814416e-01
1.167499999999999961e-02 6.801459027734104712e-01
1.191000000000000045e-02 6.736046002875178962e-01
1.215100000000000034e-02 6.668944948427985020e-01
1.239700000000000003e-02 6.601989742322189603e-01
1.264700000000000026e-02 6.533685763462010465e-01
1.290200000000000027e-02 6.465406496604881870e-01
1.316299999999999935e-02 6.395469216247489097e-01
1.342899999999999996e-02 6.326035538844076989e-01
1.370000000000000037e-02 6.255815358588605601e-01
1.397699999999999984e-02 6.184741374119347990e-01
1.425900000000000084e-02 6.112745392327549876e-01
1.454699999999999917e-02 6.040356864858390518e-01
1.484100000000000003e-02 5.968273884208640245e-01
1.514099999999999994e-02 5.895270471760005737e-01
1.544700000000000066e-02 5.821858248957713089e-01
1.575899999999999870e-02 5.748125669403784110e-01
1.607700000000000101e-02 5.674319019864398905e-01
1.640199999999999991e-02 5.600237882842700188e-01
1.673399999999999888e-02 5.526118514992860442e-01
1.707200000000000037e-02 5.452033585422497719e-01
1.741600000000000092e-02 5.377817531305902898e-01
1.776799999999999907e-02 5.303662106457972536e-01
1.812700000000000075e-02 5.229580838323353298e-01
1.849299999999999902e-02 5.155837136680277988e-01
1.886699999999999836e-02 5.082007712701855917e-01
1.924800000000000122e-02 5.008105492378418511e-01
1.963700000000000168e-02 4.934503918828604951e-01
2.003399999999999972e-02 4.861085668925932968e-01
2.043800000000000130e-02 4.787683428501258720e-01
2.085100000000000148e-02 4.714188646611897071e-01
2.127199999999999924e-02 4.641089416739211382e-01
2.170199999999999907e-02 4.568270073907053086e-01
2.214100000000000096e-02 4.495360727135012113e-01
2.258800000000000044e-02 4.422952071796830142e-01
2.304399999999999851e-02 4.350844518656477034e-01
2.350999999999999965e-02 4.279063735978732574e-01
2.398499999999999938e-02 4.207702888583218503e-01
2.446900000000000117e-02 4.136586334745762650e-01
2.496400000000000008e-02 4.065755993036024862e-01
2.546800000000000105e-02 3.995324252896930717e-01
2.598200000000000162e-02 3.925341384752624174e-01
2.650699999999999931e-02 3.855593408885489848e-01
2.704300000000000107e-02 3.786283217029675074e-01
2.758899999999999894e-02 3.717145717145717287e-01
2.814600000000000088e-02 3.648740837506350143e-01
2.871500000000000094e-02 3.580557193396226578e-01
2.929500000000000159e-02 3.512843555755260638e-01
2.988700000000000037e-02 3.445713415562661752e-01
3.048999999999999974e-02 3.379104708798017498e-01
3.110600000000000170e-02 3.313076377394182925e-01
3.173499999999999932e-02 3.247592295345104185e-01
3.237600000000000200e-02 3.182390451275343701e-01
3.302999999999999686e-02 3.117377540819726844e-01
3.369699999999999779e-02 3.052823779193206133e-01
3.437799999999999884e-02 2.988740689416248264e-01
3.507199999999999901e-02 2.924639985864475600e-01
3.578100000000000031e-02 2.861173713152438403e-01
3.650400000000000172e-02 2.798141503358174687e-01
3.724100000000000327e-02 2.735374213541177935e-01
3.799299999999999899e-02 2.673473300738184455e-01
3.876099999999999685e-02 2.611763554511645768e-01
3.954400000000000276e-02 2.550904186232390569e-01
4.034299999999999692e-02 2.490591438974390504e-01
4.115800000000000014e-02 2.431112915482548098e-01
4.198899999999999855e-02 2.372631086938046807e-01
4.283800000000000108e-02 2.315187115932761663e-01
4.370299999999999879e-02 2.258809744882168402e-01
4.458600000000000063e-02 2.203351627917460309e-01
4.548599999999999866e-02 2.148919797397406684e-01
4.640500000000000180e-02 2.095330579962794149e-01
4.734300000000000314e-02 2.042552177642237843e-01
4.829900000000000165e-02 1.990737934462400160e-01
4.927499999999999936e-02 1.939405896642292515e-01
5.027000000000000218e-02 1.888757960186531470e-01
5.128599999999999826e-02 1.838387955521023076e-01
5.232200000000000045e-02 1.788523232950429420e-01
5.337900000000000283e-02 1.739176110622316085e-01
5.445699999999999846e-02 1.690364191197047117e-01
5.555700000000000222e-02 1.642176410949645338e-01
5.668000000000000121e-02 1.594663888012942676e-01
5.782500000000000140e-02 1.547926920830900166e-01
5.899299999999999683e-02 1.502115059221658111e-01
6.018400000000000138e-02 1.457359019464824490e-01
6.140000000000000319e-02 1.413538416890372240e-01
6.264100000000000223e-02 1.370597852503203651e-01
6.390600000000000447e-02 1.328620797989318314e-01
6.519700000000000495e-02 1.287589154006417436e-01
6.651400000000000368e-02 1.247470058490390832e-01
6.785800000000000165e-02 1.208256490282309664e-01
6.922899999999999887e-02 1.169946620361438094e-01
7.062699999999999534e-02 1.132557031878726056e-01
7.205400000000000693e-02 1.096099880694325346e-01
7.351000000000000589e-02 1.060534564116694667e-01
7.499400000000000510e-02 1.025816034232768653e-01
7.650899999999999368e-02 9.919061476900691010e-02
7.805499999999999938e-02 9.586894586894587067e-02
7.963199999999999446e-02 9.261222910216718174e-02
8.124099999999999377e-02 8.942650178092609314e-02
8.288199999999999734e-02 8.631295336787564443e-02
8.455600000000000616e-02 8.328102833068226629e-02
8.626399999999999346e-02 8.033163720764148474e-02
8.800700000000000189e-02 7.745907341279043012e-02
8.978500000000000369e-02 7.466197488611989175e-02
9.159799999999999887e-02 7.192204604093083153e-02
9.344900000000000428e-02 6.923837526996434732e-02
9.533700000000000507e-02 6.662346079066752691e-02
9.726300000000000223e-02 6.408383702708753127e-02
9.922699999999999576e-02 6.164109985528219704e-02
1.012300000000000005e-01 5.930218664117577199e-02
1.032799999999999968e-01 5.705674304167306782e-02
1.053599999999999953e-01 5.487935826174836218e-02
1.074900000000000022e-01 5.275297619047618347e-02
1.096599999999999936e-01 5.065454545454545904e-02
1.118799999999999933e-01 4.859743762643289888e-02
1.141400000000000053e-01 4.658884120171673943e-02
1.164400000000000018e-01 4.466338259441707953e-02
1.188000000000000028e-01 4.281804286780649393e-02
1.212000000000000022e-01 4.105320304017372884e-02
1.236499999999999960e-01 3.935781509503599035e-02
1.261400000000000021e-01 3.771549285148440012e-02
1.286899999999999988e-01 3.612436675818863491e-02
1.312899999999999900e-01 3.458049886621315100e-02
1.339400000000000035e-01 3.307850306042804667e-02
1.366499999999999937e-01 3.162422280896005911e-02
1.394100000000000061e-01 3.022553059506402628e-02
1.422299999999999953e-01 2.889510683563037766e-02
1.451000000000000068e-01 2.762847188618987662e-02
1.480299999999999949e-01 2.640778667748149705e-02
1.510199999999999876e-01 2.521512801444810228e-02
1.540700000000000125e-01 2.405247651342487178e-02
1.571799999999999864e-01 2.293929897864438114e-02
1.603600000000000025e-01 2.189073347419257659e-02
1.635999999999999954e-01 2.089289063965485069e-02
1.668999999999999928e-01 1.992456479690522461e-02
1.702799999999999869e-01 1.897834867244918219e-02
1.737100000000000033e-01 1.806099627245001671e-02
1.772199999999999886e-01 1.718410302568718420e-02
1.807999999999999885e-01 1.635572842998585935e-02
1.844600000000000128e-01 1.557404326123127888e-02
1.881799999999999862e-01 1.482963402865414802e-02
1.919800000000000118e-01 1.410558530986993214e-02
1.958600000000000063e-01 1.340069741638928551e-02
1.998199999999999976e-01 1.273019801980198110e-02
2.038600000000000134e-01 1.209781764858103986e-02
2.079699999999999882e-01 1.148955412860631388e-02
2.121800000000000075e-01 1.090167046317387818e-02
2.164600000000000135e-01 1.034421010744130363e-02
2.208299999999999985e-01 9.821111168858167456e-03
2.253000000000000003e-01 9.322666090058922411e-03
2.298499999999999988e-01 8.838971007843882816e-03
2.344900000000000040e-01 8.369234317343174009e-03
2.392299999999999982e-01 7.924814525113180880e-03
2.440599999999999992e-01 7.512265793350296657e-03
2.489899999999999891e-01 7.118191727957298882e-03
2.540200000000000236e-01 6.736432001449669041e-03
2.591499999999999915e-01 6.375349312123817884e-03
2.643900000000000139e-01 6.031972874896669896e-03
2.697300000000000253e-01 5.701907428856275994e-03
2.751799999999999802e-01 5.389873728839595333e-03
2.807399999999999896e-01 5.098152703419668759e-03
2.864099999999999979e-01 4.820847451940819470e-03
2.921900000000000053e-01 4.550287606763116395e-03
2.980999999999999761e-01 4.294505097897680958e-03
3.041200000000000014e-01 4.056638949998136144e-03
3.102599999999999802e-01 3.828770686034638389e-03
3.165299999999999780e-01 3.613361535698606831e-03
3.229199999999999848e-01 3.407869899811238543e-03
3.294500000000000206e-01 3.211866790729881165e-03
3.361000000000000099e-01 3.027780291376346109e-03
3.428899999999999726e-01 2.856703567035670088e-03
3.498200000000000198e-01 2.689905448441010268e-03
3.568899999999999850e-01 2.532836587872558907e-03
3.640900000000000247e-01 2.385530598089953287e-03
3.714500000000000024e-01 2.246291786584015890e-03
3.789500000000000091e-01 2.114795551851958270e-03
3.866100000000000092e-01 1.988666606859842804e-03
3.944199999999999928e-01 1.870328779087903227e-03
4.023900000000000254e-01 1.760263260784569045e-03
4.105199999999999960e-01 1.653987479586281921e-03
4.188100000000000156e-01 1.554562225060309366e-03
4.272699999999999831e-01 1.460961737331954377e-03
4.359000000000000097e-01 1.373088450011526913e-03
4.447099999999999942e-01 1.288896888248939991e-03
4.536899999999999822e-01 1.210289335445676687e-03
4.628599999999999937e-01 1.136591096993168435e-03
4.722100000000000186e-01 1.066242616992276295e-03
4.817400000000000015e-01 1.000474135887345324e-03
4.914799999999999724e-01 9.386988333003757137e-04
5.014100000000000223e-01 8.801525144270403930e-04
5.115300000000000402e-01 8.252834040724224465e-04
5.218699999999999450e-01 7.737975109317188132e-04
5.324100000000000499e-01 7.249473191290096595e-04
5.431700000000000417e-01 6.791345801246792720e-04
5.541399999999999659e-01 6.364952794080121863e-04
5.653299999999999992e-01 5.957528957528957511e-04
5.767499999999999849e-01 5.581185298408948168e-04
5.884000000000000341e-01 5.223157283807313561e-04
6.002899999999999903e-01 4.889907561751780487e-04
6.124199999999999644e-01 4.576369104146881710e-04
6.247899999999999565e-01 4.281640076051914084e-04
6.374100000000000321e-01 4.004403764787151814e-04
6.502900000000000347e-01 3.744181850983222546e-04
6.634200000000000097e-01 3.500047120912261052e-04
6.768300000000000427e-01 3.271196454948301232e-04
6.905000000000000027e-01 3.056533102837973763e-04
7.044500000000000206e-01 2.855437622995773842e-04
7.186799999999999855e-01 2.667161209832417750e-04
7.331999999999999629e-01 2.490836035527985463e-04
7.480099999999999527e-01 2.325898449974206730e-04
7.631200000000000205e-01 2.171484339886738709e-04
7.785400000000000098e-01 2.026988922457200598e-04
7.942599999999999660e-01 1.891823581448249462e-04
8.103099999999999747e-01 1.765301926691729257e-04
8.266799999999999704e-01 1.646878119960064617e-04
8.433800000000000185e-01 1.536239335464901416e-04
8.604100000000000081e-01 1.432691822842255692e-04
8.778000000000000247e-01 1.335877325642739245e-04
8.955300000000000482e-01 1.245358700252074491e-04
9.136199999999999877e-01 1.160727006680914273e-04
9.320800000000000196e-01 1.081682819205738390e-04
9.509100000000000330e-01 1.007823373117962230e-04
9.701100000000000279e-01 9.388394729291279486e-05
9.897099999999999786e-01 8.744310699350784028e-05
1.009700000000000042e+00 8.142988439026750376e-05
1.030100000000000016e+00 7.582041932543299447e-05
1.050899999999999945e+00 7.058433639111299064e-05
1.072100000000000053e+00 6.570056356014547440e-05
1.093800000000000106e+00 6.114486728493764259e-05
1.115899999999999892e+00 5.689928145171112457e-05
1.138400000000000079e+00 5.294023853562090037e-05
1.161399999999999988e+00 4.924675151150749978e-05
1.184900000000000064e+00 4.580796416824131000e-05
1.208800000000000097e+00 4.260053521023498245e-05
1.233300000000000063e+00 3.961285862426546401e-05
1.258199999999999985e+00 3.683045595396193528e-05
1.283600000000000074e+00 3.423758117567681555e-05
1.309500000000000108e+00 3.182332405320605919e-05
1.336000000000000076e+00 2.957530566876620843e-05
1.362999999999999989e+00 2.748216106014271303e-05
1.390500000000000069e+00 2.553373359112648869e-05
1.418600000000000083e+00 2.372073177236119540e-05
1.447200000000000042e+00 2.203366137329456419e-05
1.476499999999999924e+00 2.046309865760009183e-05
1.506299999999999972e+00 1.900245851259987892e-05
1.536699999999999955e+00 1.764436710492394957e-05
1.567800000000000082e+00 1.638145444714787609e-05
1.599399999999999933e+00 1.520589694521227556e-05
1.631799999999999917e+00 1.411358061398944517e-05
1.664700000000000069e+00 1.309839388741618560e-05
1.698399999999999910e+00 1.215407262021589728e-05
1.732699999999999907e+00 1.127831159917638902e-05
1.767700000000000049e+00 1.046350463504635032e-05
1.803399999999999892e+00 9.705410253989235481e-06
1.839800000000000102e+00 9.003071131365166733e-06
1.877000000000000002e+00 8.350277552547871293e-06
1.914900000000000047e+00 7.743877829288246611e-06
1.953600000000000003e+00 7.180943005299969280e-06
1.993000000000000105e+00 6.658297494053482369e-06
2.033300000000000107e+00 6.173058980760016500e-06
2.074399999999999800e+00 5.722736114970820668e-06
2.116299999999999848e+00 5.304682399677747065e-06
2.158999999999999808e+00 4.916816120612980074e-06
2.202599999999999891e+00 4.556795395753930115e-06
2.247100000000000097e+00 4.222950714297192304e-06
2.292499999999999982e+00 3.913043478260869222e-06
2.338799999999999990e+00 3.625509300265721984e-06
2.386099999999999888e+00 3.358816964285714432e-06
2.434299999999999908e+00 3.111497441106379838e-06
2.483499999999999819e+00 2.882169524903585631e-06
2.533599999999999852e+00 2.669496089794687286e-06
2.584799999999999986e+00 2.472281305154545690e-06
2.637000000000000011e+00 2.289411764705882058e-06
2.690300000000000136e+00 2.119935089252277688e-06
2.744699999999999918e+00 1.962786184469329881e-06
2.800100000000000033e+00 1.817174973138275904e-06
2.856700000000000017e+00 1.682248400822021108e-06
2.914400000000000102e+00 1.557201070429388276e-06
2.973300000000000054e+00 1.441352206281752097e-06
3.033300000000000107e+00 1.334015980662055992e-06
3.094599999999999795e+00 1.234601001905030705e-06
3.157099999999999795e+00 1.142507599911025443e-06
3.220899999999999874e+00 1.057233022947753796e-06
3.286000000000000032e+00 9.782172542275722613e-07
3.352300000000000058e+00 9.050651977449756265e-07
3.420100000000000140e+00 8.373439478921656982e-07
3.489199999999999857e+00 7.746398516616746054e-07
3.559600000000000097e+00 7.165775401069518840e-07
3.631600000000000161e+00 6.628664495114006835e-07
3.704899999999999860e+00 6.131455399061032502e-07
3.779799999999999827e+00 5.670750827478078751e-07
3.856100000000000083e+00 5.244764637645765955e-07
3.934000000000000163e+00 4.850365900629092156e-07
4.013499999999999623e+00 4.485453931825852511e-07
4.094599999999999795e+00 4.147774859819717492e-07
4.177299999999999791e+00 3.835273921480818564e-07
4.261700000000000266e+00 3.546232339089482069e-07
4.347800000000000331e+00 3.278850916295195319e-07
4.435599999999999987e+00 3.031429067546449526e-07
4.525199999999999889e+00 2.802575107296137626e-07
4.616600000000000037e+00 2.590760660776028139e-07
4.709900000000000198e+00 2.394859931102064036e-07
4.804999999999999716e+00 2.213744513989989750e-07
4.902099999999999902e+00 2.046145591128599648e-07
5.001100000000000101e+00 1.891221261833362562e-07
5.102100000000000080e+00 1.747909140396892365e-07
5.205199999999999605e+00 1.615447694170018282e-07
5.310399999999999565e+00 1.492878663379895950e-07
5.417600000000000193e+00 1.379659649274485160e-07
5.527099999999999902e+00 1.274934044940413089e-07
5.638700000000000045e+00 1.178100769009859998e-07
5.752600000000000158e+00 1.088596756321144262e-07
5.868900000000000006e+00 1.005865828018162822e-07
5.987400000000000055e+00 9.294161398289327172e-08
6.108399999999999608e+00 8.587475538160470537e-08
6.231799999999999784e+00 7.934379634206623553e-08
6.357700000000000351e+00 7.330746385137331077e-08
6.486100000000000421e+00 6.773074729035938200e-08
6.617099999999999760e+00 6.257715864056682259e-08
6.750799999999999912e+00 5.781609486006118406e-08
6.887199999999999989e+00 5.341601682058925872e-08
7.026299999999999990e+00 4.934857527107674247e-08
7.168199999999999683e+00 4.559023066485752849e-08
7.312999999999999723e+00 4.211539655921992396e-08
7.460799999999999876e+00 3.890796141899624677e-08
7.611500000000000377e+00 3.593927501807291044e-08
7.765299999999999869e+00 3.319692631121098802e-08
7.922100000000000364e+00 3.066295179573298802e-08
8.082200000000000273e+00 2.831973636619378696e-08
8.245400000000000063e+00 2.615641796098015044e-08
8.412000000000000810e+00 2.415526538615802792e-08
8.581899999999999196e+00 2.230816163702069881e-08
8.755300000000000082e+00 2.060102807433768202e-08
8.932199999999999918e+00 1.902498698594481747e-08
9.112600000000000477e+00 1.756894566588080573e-08
9.296699999999999520e+00 1.622336432407460972e-08
9.484500000000000597e+00 1.498144881698193301e-08
9.676099999999999923e+00 1.383457201435161376e-08
9.871600000000000819e+00 1.277586555982992394e-08
1.007099999999999973e+01 1.179795250959761178e-08
1.027399999999999913e+01 1.089418108290271901e-08
1.048199999999999932e+01 1.005996055226824529e-08
1.069400000000000084e+01 9.290167068406615180e-09
1.091000000000000014e+01 8.578021015761819892e-09
1.113000000000000078e+01 7.921118184334348862e-09
1.135500000000000043e+01 7.314668999708370055e-09
1.158399999999999963e+01 6.753894527689298511e-09
1.181799999999999962e+01 6.236361870433721832e-09
1.205700000000000038e+01 5.758357971344098816e-09
1.230100000000000016e+01 5.316877359055778473e-09
1.254899999999999949e+01 4.909338855497752514e-09
1.280300000000000082e+01 4.532886245392731469e-09
1.306099999999999994e+01 4.185351899373185292e-09
1.332499999999999929e+01 3.864308092451380184e-09
1.359399999999999942e+01 3.568146775273723716e-09
1.386899999999999977e+01 3.294540560060405373e-09
1.414899999999999913e+01 3.041936265181135340e-09
1.443500000000000050e+01 2.808847395197024031e-09
1.472700000000000031e+01 2.593503747837786010e-09
1.502399999999999913e+01 2.394757100603703311e-09
1.532799999999999940e+01 2.211236626876508092e-09
1.563700000000000045e+01 2.041755768148564819e-09
1.595299999999999940e+01 1.885247846617469067e-09
1.627499999999999858e+01 1.740700903019236196e-09
1.660399999999999920e+01 1.607209725481923066e-09
1.694000000000000128e+01 1.483903252710592095e-09
1.728200000000000003e+01 1.369969811541955814e-09
1.763100000000000023e+01 1.264794042211303936e-09
1.798699999999999832e+01 1.167589756955756829e-09
1.835099999999999909e+01 1.077874343031843612e-09
1.872100000000000009e+01 9.950018109380660089e-10
1.909900000000000020e+01 9.185029597097574553e-10
1.948499999999999943e+01 8.479039987113921628e-10
1.987900000000000134e+01 7.827176220806793679e-10
2.028000000000000114e+01 7.226078001164196446e-10
2.069000000000000128e+01 6.671073755784304201e-10
2.110800000000000054e+01 6.158442463775332431e-10
2.153500000000000014e+01 5.686604001470355954e-10
2.196999999999999886e+01 5.250429196433516270e-10
2.241300000000000026e+01 4.847914963205233089e-10
2.286599999999999966e+01 4.476653936183318673e-10
2.332799999999999940e+01 4.133835758835758486e-10
2.379899999999999949e+01 3.816979580649582429e-10
2.428000000000000114e+01 3.524645851402139323e-10
2.477100000000000080e+01 3.254383290135690976e-10
2.527100000000000080e+01 3.004985525892569862e-10
2.578200000000000003e+01 2.774300254452926238e-10
2.630199999999999960e+01 2.561152366466851561e-10
2.683399999999999963e+01 2.364194035485088867e-10
2.737600000000000122e+01 2.182397451214655426e-10
2.792899999999999849e+01 2.014494275811364099e-10
2.849299999999999855e+01 1.859369979280008217e-10
2.906899999999999906e+01 1.716132652226261560e-10
2.965599999999999881e+01 1.583854378630359755e-10
3.025499999999999901e+01 1.461805691088645086e-10
3.086599999999999966e+01 1.349161244268731430e-10
3.148999999999999844e+01 1.245195023391219857e-10
3.212599999999999767e+01 1.149258065009092688e-10
3.277499999999999858e+01 1.060740430197684691e-10
3.343699999999999761e+01 9.790730910575745035e-11
3.411200000000000188e+01 9.037018419446339920e-11
3.480100000000000193e+01 8.341479124043342777e-11
3.550399999999999778e+01 7.699704142011834804e-11
3.622200000000000131e+01 7.107267165910770047e-11
3.695300000000000296e+01 6.560482614309248033e-11
3.770000000000000284e+01 6.056099795616321749e-11
3.846200000000000330e+01 5.590430147514565936e-11
3.923899999999999721e+01 5.160387231815803377e-11
4.003099999999999881e+01 4.763627326448334647e-11
4.084000000000000341e+01 4.397458689126570233e-11
4.166499999999999915e+01 4.059549075697456433e-11
4.250699999999999790e+01 3.747686913612310813e-11
4.336500000000000199e+01 3.459429824561404113e-11
4.424099999999999966e+01 3.193750226047958275e-11
4.513499999999999801e+01 2.948272571101355227e-11
4.604699999999999704e+01 2.721792392005157965e-11
4.697699999999999676e+01 2.512739801778042680e-11
4.792600000000000193e+01 2.319698262314220432e-11
4.889399999999999835e+01 2.141435207128637861e-11
4.988199999999999790e+01 1.976883818673071251e-11
5.089000000000000057e+01 1.825058102683287730e-11
5.191799999999999926e+01 1.684882618636034063e-11
5.296600000000000108e+01 1.555516307547391904e-11
5.403600000000000136e+01 1.436074336503201114e-11
5.512800000000000011e+01 1.325721784776903038e-11
5.624199999999999733e+01 1.223985035333240897e-11
5.737800000000000011e+01 1.130056323604710887e-11
5.853699999999999903e+01 1.043249922767994945e-11
5.971999999999999886e+01 9.632227024382288684e-12
6.092600000000000193e+01 8.892715687962803142e-12
6.215699999999999648e+01 8.210019092644785596e-12
6.341199999999999903e+01 7.579877112135177159e-12
6.469299999999999784e+01 6.997668288726683232e-12
6.600000000000000000e+01 6.460014987688684934e-12
6.733400000000000318e+01 5.963484257532078436e-12
6.869400000000000261e+01 5.504829216461121608e-12
7.008199999999999363e+01 5.081070176765766436e-12
7.149699999999999989e+01 4.689817712147641047e-12
7.294199999999999307e+01 4.328303637974433847e-12
7.441500000000000625e+01 3.994593872064872847e-12
7.591800000000000637e+01 3.686588235294117857e-12
7.745199999999999818e+01 3.402365883561416894e-12
7.901699999999999591e+01 3.140082246915740129e-12
8.061299999999999955e+01 2.898229270636945231e-12
8.224099999999999966e+01 2.675179132743708473e-12
8.390300000000000580e+01 2.469426055394006861e-12
8.559799999999999898e+01 2.279807419994335793e-12
8.732699999999999818e+01 2.104846504349426997e-12
8.909099999999999397e+01 1.943671901589925777e-12
9.089100000000000534e+01 1.794930402177821085e-12
9.272700000000000387e+01 1.657758363404509136e-12
9.459999999999999432e+01 1.531086077908676467e-12
9.651099999999999568e+01 1.414130401865479469e-12
9.846099999999999852e+01 1.306104818583221338e-12
1.004500000000000028e+02 1.206281058787735381e-12
1.024800000000000040e+02 1.114052007429632892e-12
1.045499999999999972e+02 1.028796799516908134e-12
1.066599999999999966e+02 9.499501495513460933e-13
1.088199999999999932e+02 8.770754319426885603e-13
1.110100000000000051e+02 8.097167794798718259e-13
1.132600000000000051e+02 7.474823529411764835e-13
1.155400000000000063e+02 6.900238710960812521e-13
1.178799999999999955e+02 6.369369842854890877e-13
1.202600000000000051e+02 5.879575626284507461e-13
1.226899999999999977e+02 5.427204414700011300e-13
1.251700000000000017e+02 5.009617174412111469e-13
1.277000000000000028e+02 4.624606505771247838e-13
1.302800000000000011e+02 4.269236101483432674e-13
1.329099999999999966e+02 3.941598886202095408e-13
1.355900000000000034e+02 3.639194422927962543e-13
1.383300000000000125e+02 3.360219456272518440e-13
1.411299999999999955e+02 3.102579639889196681e-13
1.439799999999999898e+02 2.864738720600348137e-13
1.468899999999999864e+02 2.645379777455249322e-13
1.498499999999999943e+02 2.442712169571977754e-13
1.528799999999999955e+02 2.255548825336390833e-13
1.559699999999999989e+02 2.082780548058008226e-13
1.591200000000000045e+02 1.923109482518835864e-13
1.623300000000000125e+02 1.775794158268965188e-13
1.656100000000000136e+02 1.639596997768611823e-13
1.689600000000000080e+02 1.513872997711670575e-13
1.723700000000000045e+02 1.397613141335914667e-13
1.758499999999999943e+02 1.290250847891469985e-13
1.794099999999999966e+02 1.191078922431298191e-13
1.830300000000000011e+02 1.099432580951187559e-13
1.867299999999999898e+02 1.014750435507081806e-13
1.905000000000000000e+02 9.365171577956289608e-14
1.943499999999999943e+02 8.642278835148997897e-14
1.982800000000000011e+02 7.974300322927879188e-14
2.022800000000000011e+02 7.357442870363778171e-14
2.063700000000000045e+02 6.787534841674409798e-14
2.105399999999999920e+02 6.261592835693975938e-14
2.147899999999999920e+02 5.775915405815849796e-14
2.191299999999999955e+02 5.327698077266503764e-14
2.235600000000000023e+02 4.914474720428414246e-14
2.280699999999999932e+02 4.532906581316263522e-14
2.326800000000000068e+02 4.180810896644200248e-14
