1.000000000000000048e-04 1.013860242554244673e+00
1.020200000000000024e-04 1.013874843250677449e+00
1.040800000000000064e-04 1.013883379611265401e+00
1.061800000000000032e-04 1.013886727866811999e+00
1.083300000000000013e-04 1.013845977800663656e+00
1.105200000000000057e-04 1.013839536188517076e+00
1.127500000000000030e-04 1.013864945163775122e+00
1.150300000000000015e-04 1.013883893245090428e+00
1.173500000000000064e-04 1.013861455981941218e+00
1.197199999999999989e-04 1.013869673491975654e+00
1.221399999999999927e-04 1.013838013838013863e+00
1.246099999999999877e-04 1.013835766787507975e+00
1.271199999999999891e-04 1.013828642249111400e+00
1.296899999999999865e-04 1.013848466434259743e+00
1.323100000000000122e-04 1.013799159505739178e+00
1.349900000000000069e-04 1.013808586542010115e+00
1.377100000000000080e-04 1.013782080279863829e+00
1.404900000000000051e-04 1.013810847577926388e+00
1.433299999999999982e-04 1.013774903575674902e+00
1.462299999999999874e-04 1.013792515072232892e+00
1.491800000000000049e-04 1.013776178923003979e+00
1.522000000000000132e-04 1.013782542113323082e+00
1.552699999999999957e-04 1.013756670510310709e+00
1.584099999999999961e-04 1.013753024087514554e+00
1.616099999999999926e-04 1.013744198040226863e+00
1.648700000000000122e-04 1.013756132099327356e+00
1.681999999999999956e-04 1.013737353699662780e+00
1.715999999999999969e-04 1.013714285714285568e+00
1.750699999999999891e-04 1.013710715818589403e+00
1.786000000000000044e-04 1.013702153529590699e+00
1.822100000000000054e-04 1.013688892965238786e+00
1.858899999999999973e-04 1.013670908845617502e+00
1.896500000000000020e-04 1.013670539986329500e+00
1.934799999999999975e-04 1.013665160327790860e+00
1.973900000000000058e-04 1.013633279620049121e+00
2.013799999999999998e-04 1.013618596141051320e+00
2.054400000000000117e-04 1.013619867063572988e+00
2.095900000000000042e-04 1.013595921223632956e+00
2.138300000000000042e-04 1.013567563328366283e+00
2.181499999999999900e-04 1.013554564331308194e+00
2.225499999999999885e-04 1.013556062520032386e+00
2.270499999999999895e-04 1.013533751178656628e+00
2.316399999999999980e-04 1.013507143375154129e+00
2.363199999999999871e-04 1.013494292927497042e+00
2.410900000000000109e-04 1.013476994961382216e+00
2.459599999999999829e-04 1.013437964815099734e+00
2.509300000000000115e-04 1.013429232471582342e+00
2.559999999999999884e-04 1.013399095766543301e+00
2.611700000000000219e-04 1.013397607454938232e+00
2.664499999999999985e-04 1.013359261367229536e+00
2.718299999999999775e-04 1.013348630253794624e+00
2.773200000000000079e-04 1.013318129988597605e+00
2.829199999999999814e-04 1.013283637718971342e+00
2.886400000000000012e-04 1.013260427784032025e+00
2.944700000000000182e-04 1.013232974910394102e+00
3.004199999999999731e-04 1.013201552131368866e+00
3.064899999999999743e-04 1.013166420801566048e+00
3.126800000000000217e-04 1.013141350638815608e+00
3.189900000000000070e-04 1.013098931402964586e+00
3.254399999999999741e-04 1.013066371969056689e+00
3.320099999999999874e-04 1.013030063492873056e+00
3.387199999999999825e-04 1.012990260430341349e+00
3.455600000000000186e-04 1.012947205806625561e+00
3.525399999999999823e-04 1.012912999567161965e+00
3.596599999999999819e-04 1.012863442356214838e+00
3.669300000000000122e-04 1.012822588104708155e+00
3.743400000000000243e-04 1.012778502182663409e+00
3.819000000000000129e-04 1.012731275573741208e+00
3.896200000000000271e-04 1.012670235849570943e+00
3.974900000000000178e-04 1.012617486981533643e+00
4.055199999999999799e-04 1.012572614978084484e+00
4.137100000000000217e-04 1.012514396182955023e+00
4.220699999999999756e-04 1.012443781134663157e+00
4.306000000000000040e-04 1.012460443037974667e+00
4.392900000000000038e-04 1.012315748642358626e+00
4.481700000000000137e-04 1.012268188302424932e+00
4.572199999999999897e-04 1.012217869800410286e+00
4.664599999999999758e-04 1.012072434607645954e+00
4.758799999999999771e-04 1.012108709301282605e+00
4.854999999999999832e-04 1.011962353769020995e+00
4.952999999999999504e-04 1.011903735012507521e+00
5.053100000000000256e-04 1.011757739807139345e+00
5.155199999999999973e-04 1.011696391538780659e+00
5.259299999999999739e-04 1.011633582818093124e+00
5.365600000000000534e-04 1.011487834064618951e+00
5.473900000000000293e-04 1.011501447461075065e+00
5.584500000000000488e-04 1.011355789150617746e+00
5.697299999999999543e-04 1.011211437170805194e+00
5.812400000000000119e-04 1.011068476977567965e+00
5.929900000000000535e-04 1.011000144738746664e+00
6.049599999999999813e-04 1.010929737402413098e+00
6.171899999999999912e-04 1.010718262806235890e+00
6.296500000000000447e-04 1.010648464163822480e+00
6.423699999999999636e-04 1.010510108448252842e+00
6.553499999999999647e-04 1.010372899159663662e+00
6.685900000000000480e-04 1.010172546999742460e+00
6.821000000000000457e-04 1.010039780261412945e+00
6.958799999999999578e-04 1.009908347783007088e+00
7.099300000000000012e-04 1.009716992590793172e+00
7.242699999999999486e-04 1.009589612246113433e+00
7.389099999999999575e-04 1.009346340323617142e+00
7.538300000000000382e-04 1.009166427957605361e+00
7.690600000000000127e-04 1.009046468505927940e+00
7.845999999999999893e-04 1.008816884333498587e+00
8.004499999999999680e-04 1.008593201102523818e+00
8.166199999999999978e-04 1.008428306387490148e+00
8.331099999999999704e-04 1.008162204315050658e+00
8.499399999999999837e-04 1.007954313685498482e+00
8.671100000000000379e-04 1.007701540308061583e+00
8.846299999999999650e-04 1.007455365901510413e+00
9.024999999999999819e-04 1.007167941501900144e+00
9.207300000000000293e-04 1.006888742096819778e+00
9.393300000000000477e-04 1.006617919289152230e+00
9.583099999999999778e-04 1.006354970494779844e+00
9.776699999999999280e-04 1.006054939673211246e+00
9.974199999999999473e-04 1.005720524017467365e+00
1.017600000000000015e-03 1.005396838994303321e+00
1.038099999999999917e-03 1.005083606419628683e+00
1.059100000000000102e-03 1.004739141185197360e+00
1.080500000000000080e-03 1.004365576619911993e+00
1.102300000000000068e-03 1.003964949843384469e+00
1.124599999999999905e-03 1.003578095830740535e+00
1.147299999999999969e-03 1.003166488631161313e+00
1.170500000000000099e-03 1.002769357434227793e+00
1.194100000000000023e-03 1.002312690429866704e+00
1.218200000000000012e-03 1.001872591738989460e+00
1.242899999999999908e-03 1.001377702416278215e+00
1.268000000000000030e-03 1.000900994559378976e+00
1.293600000000000002e-03 1.000373946151754012e+00
1.319700000000000040e-03 9.998665999666500603e-01
1.346399999999999984e-03 9.993129396368394257e-01
1.373599999999999995e-03 9.987802920879473856e-01
1.401300000000000072e-03 9.981735734979215735e-01
1.429600000000000055e-03 9.975902125556104227e-01
1.458499999999999944e-03 9.969386517943743531e-01
1.487999999999999956e-03 9.962827489814732873e-01
1.518000000000000035e-03 9.956233770023050766e-01
1.548700000000000077e-03 9.949328676533737426e-01
1.580000000000000024e-03 9.942136456841099701e-01
1.611900000000000095e-03 9.934680153239809908e-01
1.644499999999999912e-03 9.926981637233955880e-01
1.677700000000000068e-03 9.919061645834992280e-01
1.711599999999999970e-03 9.910942138430290926e-01
1.746200000000000052e-03 9.902639715840850787e-01
1.781400000000000041e-03 9.893675710918300448e-01
1.817400000000000048e-03 9.884828349944628778e-01
1.854100000000000019e-03 9.875138868762980415e-01
1.891600000000000009e-03 9.865841807106118244e-01
1.929799999999999962e-03 9.855770349175331235e-01
1.968800000000000151e-03 9.845651528643515338e-01
2.008600000000000142e-03 9.835058939536551748e-01
2.049099999999999880e-03 9.824024988451639517e-01
2.090499999999999910e-03 9.812795543367951456e-01
2.132799999999999800e-03 9.801186943620178171e-01
2.175799999999999870e-03 9.789434260627121187e-01
2.219800000000000072e-03 9.777151377739649041e-01
2.264599999999999860e-03 9.764573766218140882e-01
2.310400000000000214e-03 9.751535674909435070e-01
2.357099999999999994e-03 9.738073146215109333e-01
2.404700000000000067e-03 9.724594769008844120e-01
2.453299999999999838e-03 9.710377217832116825e-01
2.502799999999999903e-03 9.696015812302116732e-01
2.553399999999999941e-03 9.681170359986341900e-01
2.605000000000000111e-03 9.666054786783393471e-01
2.657599999999999980e-03 9.650527848562068245e-01
2.711299999999999821e-03 9.634617676604292358e-01
2.765999999999999796e-03 9.618356356825099596e-01
2.821900000000000016e-03 9.601780815166498506e-01
2.878900000000000209e-03 9.584597508230585650e-01
2.937100000000000214e-03 9.567319888381532467e-01
2.996400000000000192e-03 9.549504642033771473e-01
3.056899999999999982e-03 9.531338486263104537e-01
3.118699999999999858e-03 9.513002150731699746e-01
3.181699999999999980e-03 9.494088087496305173e-01
3.246000000000000187e-03 9.474907400682692771e-01
3.311500000000000207e-03 9.455500670987636580e-01
3.378400000000000153e-03 9.435611748031937918e-01
3.446700000000000024e-03 9.415537837614148531e-01
3.516299999999999981e-03 9.395044819028762761e-01
3.587400000000000137e-03 9.374158366998652792e-01
3.659799999999999946e-03 9.353164042528087085e-01
3.733799999999999793e-03 9.331829315457006446e-01
3.809199999999999999e-03 9.310183072163902285e-01
3.886099999999999971e-03 9.288368497181903605e-01
3.964600000000000415e-03 9.266282350055193850e-01
4.044700000000000031e-03 9.243828277709403851e-01
4.126399999999999686e-03 9.221272554605888239e-01
4.209799999999999653e-03 9.198388132920632954e-01
4.294799999999999660e-03 9.175315793708263001e-01
4.381600000000000251e-03 9.152074566761684293e-01
4.470100000000000288e-03 9.128672745694021984e-01
4.560400000000000044e-03 9.105017426185310070e-01
4.652500000000000385e-03 9.081129489959970380e-01
4.746499999999999851e-03 9.057018708765817161e-01
4.842400000000000176e-03 9.032703533990333877e-01
4.940199999999999626e-03 9.008201450708869240e-01
5.040000000000000209e-03 8.983508398031156972e-01
5.141899999999999596e-03 8.958808238352328202e-01
5.245699999999999842e-03 8.933412135539796628e-01
5.351700000000000033e-03 8.907502669125496597e-01
5.459799999999999896e-03 8.881959058733498447e-01
5.570099999999999704e-03 8.855836319064680495e-01
5.682600000000000325e-03 8.829073333952969227e-01
5.797400000000000296e-03 8.801612755429304435e-01
5.914499999999999619e-03 8.774012830938827667e-01
6.034000000000000301e-03 8.746279297745298553e-01
6.155899999999999740e-03 8.717563291139240889e-01
6.280299999999999945e-03 8.688752059665250105e-01
6.407200000000000048e-03 8.658223515317474694e-01
6.536600000000000049e-03 8.627765580138490042e-01
6.668600000000000222e-03 8.595599266544424744e-01
6.803299999999999972e-03 8.563317699333498068e-01
6.940799999999999574e-03 8.529531237306037239e-01
7.080999999999999621e-03 8.495667522464698251e-01
7.224000000000000386e-03 8.460258340597511806e-01
7.369999999999999815e-03 8.424019415955531498e-01
7.518900000000000236e-03 8.386323199504911452e-01
7.670800000000000188e-03 8.346456692913385433e-01
7.825699999999999670e-03 8.306506461119927964e-01
7.983799999999999231e-03 8.264475158759805318e-01
8.145100000000000603e-03 8.222386405615071947e-01
8.309600000000000319e-03 8.177566678845451520e-01
8.477500000000000660e-03 8.132003180799537434e-01
8.648799999999999891e-03 8.085121602288984910e-01
8.823499999999999746e-03 8.036814159292036130e-01
9.001699999999999632e-03 7.987804878048779811e-01
9.183600000000000096e-03 7.936849410131852078e-01
9.369099999999999998e-03 7.885078012234517653e-01
9.558300000000000476e-03 7.832629715375187818e-01
9.751400000000000345e-03 7.778677462887989558e-01
9.948399999999999604e-03 7.723381487426431713e-01
1.014900000000000004e-02 7.666755072271581595e-01
1.035400000000000036e-02 7.609810625986322963e-01
1.056400000000000047e-02 7.551366512295349942e-01
1.077700000000000012e-02 7.492556634304208263e-01
1.099499999999999957e-02 7.432866503918796885e-01
1.121699999999999954e-02 7.371643599719369666e-01
1.144300000000000005e-02 7.309811870526381483e-01
1.167499999999999961e-02 7.246869297086401263e-01
1.191000000000000045e-02 7.182790319554750447e-01
1.215100000000000034e-02 7.117990799452940109e-01
1.239700000000000003e-02 7.051805143422354982e-01
1.264700000000000026e-02 6.984995695486410083e-01
1.290200000000000027e-02 6.917146004161057737e-01
1.316299999999999935e-02 6.848196881091618282e-01
1.342899999999999996e-02 6.778283287837427729e-01
1.370000000000000037e-02 6.707759245830312578e-01
1.397699999999999984e-02 6.635953026196929061e-01
1.425900000000000084e-02 6.564000960614794211e-01
1.454699999999999917e-02 6.490629303634513070e-01
1.484100000000000003e-02 6.417134663639622039e-01
1.514099999999999994e-02 6.343252430079313609e-01
1.544700000000000066e-02 6.269278866194247790e-01
1.575899999999999870e-02 6.194895591647331390e-01
1.607700000000000101e-02 6.119633725770007304e-01
1.640199999999999991e-02 6.044589774078478195e-01
1.673399999999999888e-02 5.969785285195979840e-01
1.707200000000000037e-02 5.893981784630037968e-01
1.741600000000000092e-02 5.818143887464981567e-01
1.776799999999999907e-02 5.742326525737490028e-01
1.812700000000000075e-02 5.665728992099593464e-01
1.849299999999999902e-02 5.589615846338535921e-01
1.886699999999999836e-02 5.512917795844625157e-01
1.924800000000000122e-02 5.436370231545856191e-01
1.963700000000000168e-02 5.359910128734516332e-01
2.003399999999999972e-02 5.283334350399706558e-01
2.043800000000000130e-02 5.206773837280649353e-01
2.085100000000000148e-02 5.130810543860732098e-01
2.127199999999999924e-02 5.054495743490958759e-01
2.170199999999999907e-02 4.978907179069912425e-01
2.214100000000000096e-02 4.902989781758547161e-01
2.258800000000000044e-02 4.827375651952677815e-01
2.304399999999999851e-02 4.751893210114234156e-01
2.350999999999999965e-02 4.676558248023843789e-01
2.398499999999999938e-02 4.601387616180128148e-01
2.446900000000000117e-02 4.526364538537875903e-01
2.496400000000000008e-02 4.451522248243559576e-01
2.546800000000000105e-02 4.377327825556985852e-01
2.598200000000000162e-02 4.303229788109442788e-01
2.650699999999999931e-02 4.229486555964704908e-01
2.704300000000000107e-02 4.156382079459002843e-01
2.758899999999999894e-02 4.083101107538406604e-01
2.814600000000000088e-02 4.010734750126931369e-01
2.871500000000000094e-02 3.938199764289923022e-01
2.929500000000000159e-02 3.866392215568862367e-01
2.988700000000000037e-02 3.795053272450532589e-01
3.048999999999999974e-02 3.723951076017959494e-01
3.110600000000000170e-02 3.653718878033406781e-01
3.173499999999999932e-02 3.583634175691937096e-01
3.237600000000000200e-02 3.513851434175042643e-01
3.302999999999999686e-02 3.444740568001998793e-01
3.369699999999999779e-02 3.375902182219580605e-01
3.437799999999999884e-02 3.307239348804987822e-01
3.507199999999999901e-02 3.239045936395759662e-01
3.578100000000000031e-02 3.171369332011177988e-01
3.650400000000000172e-02 3.103781396632624978e-01
3.724100000000000327e-02 3.036626596543952061e-01
3.799299999999999899e-02 2.969894534995206059e-01
3.876099999999999685e-02 2.903866862457170628e-01
3.954400000000000276e-02 2.837897261643014257e-01
4.034299999999999692e-02 2.773010641879827265e-01
4.115800000000000014e-02 2.708743425506431324e-01
4.198899999999999855e-02 2.645195578231292477e-01
4.283800000000000108e-02 2.582586816476151181e-01
4.370299999999999879e-02 2.520990740843169764e-01
4.458600000000000063e-02 2.460351478782683565e-01
4.548599999999999866e-02 2.400869155332773508e-01
4.640500000000000180e-02 2.342434145027349479e-01
4.734300000000000314e-02 2.284985031547058232e-01
4.829900000000000165e-02 2.228386219621743825e-01
4.927499999999999936e-02 2.172484903866339079e-01
5.027000000000000218e-02 2.117289608155783487e-01
5.128599999999999826e-02 2.062797432985876145e-01
5.232200000000000045e-02 2.008760221338136698e-01
5.337900000000000283e-02 1.955057362382907060e-01
5.445699999999999846e-02 1.901996127912410905e-01
5.555700000000000222e-02 1.849448673837067458e-01
5.668000000000000121e-02 1.797609233305853260e-01
5.782500000000000140e-02 1.746352475578657193e-01
5.899299999999999683e-02 1.695993216027135986e-01
6.018400000000000138e-02 1.646524163835247356e-01
6.140000000000000319e-02 1.598079860353480153e-01
6.264100000000000223e-02 1.550626836579495349e-01
6.390600000000000447e-02 1.504124793760311940e-01
6.519700000000000495e-02 1.458594452830764276e-01
6.651400000000000368e-02 1.414113047121068889e-01
6.785800000000000165e-02 1.370556530260641503e-01
6.922899999999999887e-02 1.327958982957934964e-01
7.062699999999999534e-02 1.286333091771526271e-01
7.205400000000000693e-02 1.245732293018318032e-01
7.351000000000000589e-02 1.206065735159501939e-01
7.499400000000000510e-02 1.167408537126035373e-01
7.650899999999999368e-02 1.129644831171674052e-01
7.805499999999999938e-02 1.092717223747039224e-01
7.963199999999999446e-02 1.056555070354197046e-01
8.124099999999999377e-02 1.021134817253075838e-01
8.288199999999999734e-02 9.864246808864496341e-02
8.455600000000000616e-02 9.524559058174134063e-02
8.626399999999999346e-02 9.193811986477712361e-02
8.800700000000000189e-02 8.871751925000580241e-02
8.978500000000000369e-02 8.558094547213153380e-02
9.159799999999999887e-02 8.251985523273348833e-02
9.344900000000000428e-02 7.952426956317397433e-02
9.533700000000000507e-02 7.659142028671309110e-02
9.726300000000000223e-02 7.372072122675953076e-02
9.922699999999999576e-02 7.093550261475885244e-02
1.012300000000000005e-01 6.824806573502069373e-02
1.032799999999999968e-01 6.567546703720858470e-02
1.053599999999999953e-01 6.320679922620746349e-02
1.074900000000000022e-01 6.081673759786881267e-02
1.096599999999999936e-01 5.848329902383955781e-02
1.118799999999999933e-01 5.618396098618260587e-02
1.141400000000000053e-01 5.392680991963576947e-02
1.164400000000000018e-01 5.172329074828021372e-02
1.188000000000000028e-01 4.960182837553119006e-02
1.212000000000000022e-01 4.757108573921896982e-02
1.236499999999999960e-01 4.562646000964070553e-02
1.261400000000000021e-01 4.375260544965323822e-02
1.286899999999999988e-01 4.194638694638695015e-02
1.312899999999999900e-01 4.019102425768293629e-02
1.339400000000000035e-01 3.849213881896587641e-02
1.366499999999999937e-01 3.683834538221329030e-02
1.394100000000000061e-01 3.523076238372868652e-02
1.422299999999999953e-01 3.368391712347858225e-02
1.451000000000000068e-01 3.220861281228735995e-02
1.480299999999999949e-01 3.080511279727045706e-02
1.510199999999999876e-01 2.945517609391675243e-02
1.540700000000000125e-01 2.813683328679139964e-02
1.571799999999999864e-01 2.685054522129570048e-02
1.603600000000000025e-01 2.561392865809269601e-02
1.635999999999999954e-01 2.444758672699849297e-02
1.668999999999999928e-01 2.333981463477866405e-02
1.702799999999999869e-01 2.226852160021300722e-02
1.737100000000000033e-01 2.122248722316865538e-02
1.772199999999999886e-01 2.020537454747981312e-02
1.807999999999999885e-01 1.922989404821161957e-02
1.844600000000000128e-01 1.830520803025894802e-02
1.881799999999999862e-01 1.743543812509329438e-02
1.919800000000000118e-01 1.660718406276440184e-02
1.958600000000000063e-01 1.580465264499681180e-02
1.998199999999999976e-01 1.502073312323768360e-02
2.038600000000000134e-01 1.427469001994277099e-02
2.079699999999999882e-01 1.356909090909090738e-02
2.121800000000000075e-01 1.289285373533059775e-02
2.164600000000000135e-01 1.223759088681528572e-02
2.208299999999999985e-01 1.161322687178629673e-02
2.253000000000000003e-01 1.102727737250084120e-02
2.298499999999999988e-01 1.047141571010578448e-02
2.344900000000000040e-01 9.933772530098123818e-03
2.392299999999999982e-01 9.410383262800263784e-03
2.440599999999999992e-01 8.911693750841914730e-03
2.489899999999999891e-01 8.448373640499565185e-03
2.540200000000000236e-01 8.008513740448077942e-03
2.591499999999999915e-01 7.582419067178295877e-03
2.643900000000000139e-01 7.178060189359783926e-03
2.697300000000000253e-01 6.794144097657345109e-03
2.751799999999999802e-01 6.424963311964161650e-03
2.807399999999999896e-01 6.074119587362157395e-03
2.864099999999999979e-01 5.745668055813325098e-03
2.921900000000000053e-01 5.435720297376911078e-03
2.980999999999999761e-01 5.133614116621886513e-03
3.041200000000000014e-01 4.845449771175632837e-03
3.102599999999999802e-01 4.577874253818125377e-03
3.165299999999999780e-01 4.322420057410120489e-03
3.229199999999999848e-01 4.080248716771689606e-03
3.294500000000000206e-01 3.849904231238029072e-03
3.361000000000000099e-01 3.629681882310107407e-03
3.428899999999999726e-01 3.421528504806319645e-03
3.498200000000000198e-01 3.229026970645209466e-03
3.568899999999999850e-01 3.042702786537765467e-03
3.640900000000000247e-01 2.865156476461431286e-03
3.714500000000000024e-01 2.698992092660652906e-03
3.789500000000000091e-01 2.542093090488580648e-03
3.866100000000000092e-01 2.394013237063778721e-03
3.944199999999999928e-01 2.252432059248101609e-03
4.023900000000000254e-01 2.118165727022420543e-03
4.105199999999999960e-01 1.994215300359404152e-03
4.188100000000000156e-01 1.874678754997144512e-03
4.272699999999999831e-01 1.762133036046079461e-03
4.359000000000000097e-01 1.656382896466403794e-03
4.447099999999999942e-01 1.557125035212684680e-03
4.536899999999999822e-01 1.462477452913293462e-03
4.628599999999999937e-01 1.373101002583074432e-03
4.722100000000000186e-01 1.290057142857142835e-03
4.817400000000000015e-01 1.210476099608816030e-03
4.914799999999999724e-01 1.136049345868775980e-03
5.014100000000000223e-01 1.066003007206926942e-03
5.115300000000000402e-01 1.000162179695102084e-03
5.218699999999999450e-01 9.376657076775538882e-04
5.324100000000000499e-01 8.796089056425964369e-04
5.431700000000000417e-01 8.241697416974169471e-04
5.541399999999999659e-01 7.722429066632429881e-04
5.653299999999999992e-01 7.239415862808145589e-04
5.767499999999999849e-01 6.777459274278123868e-04
5.884000000000000341e-01 6.350562125857790036e-04
6.002899999999999903e-01 5.948688624580664684e-04
6.124199999999999644e-01 5.570359162220276045e-04
6.247899999999999565e-01 5.213774746298453604e-04
6.374100000000000321e-01 4.878269180641237610e-04
6.502900000000000347e-01 4.563453159041394721e-04
6.634200000000000097e-01 4.267355842185128405e-04
6.768300000000000427e-01 3.989594688336141294e-04
6.905000000000000027e-01 3.728824089798285176e-04
7.044500000000000206e-01 3.484622210678959891e-04
7.186799999999999855e-01 3.255929692006650188e-04
7.331999999999999629e-01 3.041771598150841112e-04
7.480099999999999527e-01 2.841233545516345829e-04
7.631200000000000205e-01 2.653459460856530177e-04
7.785400000000000098e-01 2.477839035727798667e-04
7.942599999999999660e-01 2.313366399593030616e-04
8.103099999999999747e-01 2.159314268824355043e-04
8.266799999999999704e-01 2.015364877189185721e-04
8.433800000000000185e-01 1.880507720915191271e-04
8.604100000000000081e-01 1.754457187320274916e-04
8.778000000000000247e-01 1.636516476126429105e-04
8.955300000000000482e-01 1.526220279979260703e-04
9.136199999999999877e-01 1.423065744346916294e-04
9.320800000000000196e-01 1.326628274799253988e-04
9.509100000000000330e-01 1.236518749602088174e-04
9.701100000000000279e-01 1.152310084406930451e-04
9.897099999999999786e-01 1.073683965773809530e-04
1.009700000000000042e+00 1.000219068714553551e-04
1.030100000000000016e+00 9.316276343620192430e-05
1.050899999999999945e+00 8.676290090186243587e-05
1.072100000000000053e+00 8.078620920876174638e-05
1.093800000000000106e+00 7.521212475861665657e-05
1.115899999999999892e+00 7.000766048720698275e-05
1.138400000000000079e+00 6.515613466414199053e-05
1.161399999999999988e+00 6.063132416714290645e-05
1.184900000000000064e+00 5.641088847413459954e-05
1.208800000000000097e+00 5.247915590644137247e-05
1.233300000000000063e+00 4.881141045958795337e-05
1.258199999999999985e+00 4.539710825806973744e-05
1.283600000000000074e+00 4.221279124050417571e-05
1.309500000000000108e+00 3.924660885034466973e-05
1.336000000000000076e+00 3.648503775519716929e-05
1.362999999999999989e+00 3.391108939912066897e-05
1.390500000000000069e+00 3.151569460801884097e-05
1.418600000000000083e+00 2.928659616726609060e-05
1.447200000000000042e+00 2.721102982554867163e-05
1.476499999999999924e+00 2.527787610619469072e-05
1.506299999999999972e+00 2.347952492886304531e-05
1.536699999999999955e+00 2.180709606278783072e-05
1.567800000000000082e+00 2.025030608080533175e-05
1.599399999999999933e+00 1.880305299950067852e-05
1.631799999999999917e+00 1.745642253310391036e-05
1.664700000000000069e+00 1.620527306967984910e-05
1.698399999999999910e+00 1.504032921810699775e-05
1.732699999999999907e+00 1.395872906233810976e-05
1.767700000000000049e+00 1.295263110225523034e-05
1.803399999999999892e+00 1.201824401368301081e-05
1.839800000000000102e+00 1.115054835493519306e-05
1.877000000000000002e+00 1.034376340373892474e-05
1.914900000000000047e+00 9.594594594594594349e-06
1.953600000000000003e+00 8.898796152295374630e-06
1.993000000000000105e+00 8.252732372569881965e-06
2.033300000000000107e+00 7.652746583425331360e-06
2.074399999999999800e+00 7.095708691830265896e-06
2.116299999999999848e+00 6.578590501754532879e-06
2.158999999999999808e+00 6.098620487232169010e-06
2.202599999999999891e+00 5.653011231454234652e-06
2.247100000000000097e+00 5.239550983436852533e-06
2.292499999999999982e+00 4.855818218871000560e-06
2.338799999999999990e+00 4.499563131898503183e-06
2.386099999999999888e+00 4.169225584182145422e-06
2.434299999999999908e+00 3.862639847421302645e-06
2.483499999999999819e+00 3.578360520338633028e-06
2.533599999999999852e+00 3.314683494892980939e-06
2.584799999999999986e+00 3.069967658178836642e-06
2.637000000000000011e+00 2.843233415468529422e-06
2.690300000000000136e+00 2.632994094735519362e-06
2.744699999999999918e+00 2.438217670195074384e-06
2.800100000000000033e+00 2.257591303624414156e-06
2.856700000000000017e+00 2.090196649672250593e-06
2.914400000000000102e+00 1.935049432218175210e-06
2.973300000000000054e+00 1.791316931982634042e-06
3.033300000000000107e+00 1.658162403271043504e-06
3.094599999999999795e+00 1.534798664867552032e-06
3.157099999999999795e+00 1.420538079779096412e-06
3.220899999999999874e+00 1.314693541429747945e-06
3.286000000000000032e+00 1.216658424002637757e-06
3.352300000000000058e+00 1.125877154985705601e-06
3.420100000000000140e+00 1.041748235829728988e-06
3.489199999999999857e+00 9.639165390505358486e-07
3.559600000000000097e+00 8.918456662810000406e-07
3.631600000000000161e+00 8.250753529691714995e-07
3.704899999999999860e+00 7.632866355348010093e-07
3.779799999999999827e+00 7.060783167738164908e-07
3.856100000000000083e+00 6.531276883372249956e-07
3.934000000000000163e+00 6.041090580178317362e-07
4.013499999999999623e+00 5.587052510019699171e-07
4.094599999999999795e+00 5.167297664118865461e-07
4.177299999999999791e+00 4.778336963869901347e-07
4.261700000000000266e+00 4.418753456039181714e-07
4.347800000000000331e+00 4.085818725596078653e-07
4.435599999999999987e+00 3.777719528178244065e-07
4.525199999999999889e+00 3.492556515346443297e-07
4.616600000000000037e+00 3.228784071138603742e-07
4.709900000000000198e+00 2.984972955386554761e-07
4.804999999999999716e+00 2.759328777232329051e-07
4.902099999999999902e+00 2.550685178101303033e-07
5.001100000000000101e+00 2.357612915443613534e-07
5.102100000000000080e+00 2.179234945459979182e-07
5.205199999999999605e+00 2.014253710812121041e-07
5.310399999999999565e+00 1.861664001764348943e-07
5.417600000000000193e+00 1.720667150108774383e-07
5.527099999999999902e+00 1.590159931632279345e-07
5.638700000000000045e+00 1.469673855442968756e-07
5.752600000000000158e+00 1.358213495107896443e-07
5.868900000000000006e+00 1.255170451514235268e-07
5.987400000000000055e+00 1.159879477486244732e-07
6.108399999999999608e+00 1.071812648953142522e-07
6.231799999999999784e+00 9.903814262023217500e-08
6.357700000000000351e+00 9.150830187855912434e-08
6.486100000000000421e+00 8.454896196950210829e-08
6.617099999999999760e+00 7.811351769483658706e-08
6.750799999999999912e+00 7.216723071833887811e-08
6.887199999999999989e+00 6.666934533376191819e-08
7.026299999999999990e+00 6.158987084766793330e-08
7.168199999999999683e+00 5.689476027905596120e-08
7.312999999999999723e+00 5.255508673230192167e-08
7.460799999999999876e+00 4.854717167396097108e-08
7.611500000000000377e+00 4.484287842566607194e-08
7.765299999999999869e+00 4.142346417627316999e-08
7.922100000000000364e+00 3.826374217339530220e-08
8.082200000000000273e+00 3.534401164907172132e-08
8.245400000000000063e+00 3.264673311184938914e-08
8.412000000000000810e+00 3.015609581053198411e-08
8.581899999999999196e+00 2.785356636750117874e-08
8.755300000000000082e+00 2.572807323018755345e-08
8.932199999999999918e+00 2.376296762024520780e-08
9.112600000000000477e+00 2.194735680388478013e-08
9.296699999999999520e+00 2.027143272304562637e-08
9.484500000000000597e+00 1.872115090296908488e-08
9.676099999999999923e+00 1.728978591694608944e-08
9.871600000000000819e+00 1.596793913870398259e-08
1.007099999999999973e+01 1.474599313108185376e-08
1.027399999999999913e+01 1.361724579784427572e-08
1.048199999999999932e+01 1.257503573130061851e-08
1.069400000000000084e+01 1.161284925547933892e-08
1.091000000000000014e+01 1.072360303190551737e-08
1.113000000000000078e+01 9.902497910669514687e-09
1.135500000000000043e+01 9.143905302289179606e-09
1.158399999999999963e+01 8.444213087040777544e-09
1.181799999999999962e+01 7.797762571956119026e-09
1.205700000000000038e+01 7.200865216246838347e-09
1.230100000000000016e+01 6.649662325132658560e-09
1.254899999999999949e+01 6.140629567029698716e-09
1.280300000000000082e+01 5.670474481391703943e-09
1.306099999999999994e+01 5.236253810545331435e-09
1.332499999999999929e+01 4.835053693071957576e-09
1.359399999999999942e+01 4.464613214201740417e-09
1.386899999999999977e+01 4.122253428052205226e-09
1.414899999999999913e+01 3.806132576483084340e-09
1.443500000000000050e+01 3.513920240782543087e-09
1.472700000000000031e+01 3.244158155369854625e-09
1.502399999999999913e+01 2.995004587623610678e-09
1.532799999999999940e+01 2.764786795048142961e-09
1.563700000000000045e+01 2.552164752259906515e-09
1.595299999999999940e+01 2.355989682842949941e-09
1.627499999999999858e+01 2.174823766364552152e-09
1.660399999999999920e+01 2.007564095758798197e-09
1.694000000000000128e+01 1.853241556842665068e-09
1.728200000000000003e+01 1.710707964601770140e-09
1.763100000000000023e+01 1.579243639982584022e-09
1.798699999999999832e+01 1.457881103059317232e-09
1.835099999999999909e+01 1.345894554883318850e-09
1.872100000000000009e+01 1.242518135092771440e-09
1.909900000000000020e+01 1.147134565860783290e-09
1.948499999999999943e+01 1.059050012158547476e-09
1.987900000000000134e+01 9.777768280695755701e-10
2.028000000000000114e+01 9.027039206849933149e-10
2.069000000000000128e+01 8.334759053321927953e-10
2.110800000000000054e+01 7.694697804951389237e-10
2.153500000000000014e+01 7.104275672533164052e-10
2.196999999999999886e+01 6.559277632239005355e-10
2.241300000000000026e+01 6.056313190688926151e-10
2.286599999999999966e+01 5.591692498450093202e-10
2.332799999999999940e+01 5.162612789329148294e-10
2.379899999999999949e+01 4.766758620689654642e-10
2.428000000000000114e+01 4.400858306662787443e-10
2.477100000000000080e+01 4.063295995089765500e-10
2.527100000000000080e+01 3.751476895686655218e-10
2.578200000000000003e+01 3.463803995219395682e-10
2.630199999999999960e+01 3.198018910400720502e-10
2.683399999999999963e+01 2.952598081124726937e-10
2.737600000000000122e+01 2.725888070544616510e-10
2.792899999999999849e+01 2.516517087918476786e-10
2.849299999999999855e+01 2.323270622609316533e-10
2.906899999999999906e+01 2.144873997035224409e-10
2.965599999999999881e+01 1.979991559715016298e-10
3.025499999999999901e+01 1.827824629406526551e-10
3.086599999999999966e+01 1.687229721328009489e-10
3.148999999999999844e+01 1.557580174927113462e-10
3.212599999999999767e+01 1.437670147807496271e-10
3.277499999999999858e+01 1.327004219409282820e-10
3.343699999999999761e+01 1.224832616996866591e-10
3.411200000000000188e+01 1.130565192252095979e-10
3.480100000000000193e+01 1.043527998627237755e-10
3.550399999999999778e+01 9.632215359233851013e-11
3.622200000000000131e+01 8.891318655654869757e-11
3.695300000000000296e+01 8.207828288486096948e-11
3.770000000000000284e+01 7.577197711259281141e-11
3.846200000000000330e+01 6.995708154506436869e-11
3.923899999999999721e+01 6.459419602886185555e-11
4.003099999999999881e+01 5.964371074426101298e-11
4.084000000000000341e+01 5.507875516968292332e-11
4.166499999999999915e+01 5.086372360844529771e-11
4.250699999999999790e+01 4.696944943636660063e-11
4.336500000000000199e+01 4.337494826872671604e-11
4.424099999999999966e+01 4.005168899242865347e-11
4.513499999999999801e+01 3.698005916932416187e-11
4.604699999999999704e+01 3.414162306849981950e-11
4.697699999999999676e+01 3.151633203476176159e-11
4.792600000000000193e+01 2.908984092552422339e-11
4.889399999999999835e+01 2.684572082816524913e-11
4.988199999999999790e+01 2.477212066273858147e-11
5.089000000000000057e+01 2.285699096225411741e-11
5.191799999999999926e+01 2.108878662027163359e-11
5.296600000000000108e+01 1.945843455590448561e-11
5.403600000000000136e+01 1.795383460527961948e-11
5.512800000000000011e+01 1.656650376436402070e-11
5.624199999999999733e+01 1.528866266908381113e-11
5.737800000000000011e+01 1.411175734373849492e-11
5.853699999999999903e+01 1.302681694520015553e-11
5.971999999999999886e+01 1.202724885095206652e-11
6.092600000000000193e+01 1.110581506196377371e-11
6.215699999999999648e+01 1.025622254758418908e-11
6.341199999999999903e+01 9.471349888878152333e-12
6.469299999999999784e+01 8.746632927924251015e-12
6.600000000000000000e+01 8.077275322968183718e-12
6.733400000000000318e+01 7.458583651920626947e-12
6.869400000000000261e+01 6.886595212919350099e-12
7.008199999999999363e+01 6.357383955536381208e-12
7.149699999999999989e+01 5.867863843473599292e-12
7.294199999999999307e+01 5.415044936664072134e-12
7.441500000000000625e+01 4.996337762896306770e-12
7.591800000000000637e+01 4.609652515748093594e-12
7.745199999999999818e+01 4.252555401777525487e-12
7.901699999999999591e+01 3.923105373465541581e-12
8.061299999999999955e+01 3.619198214119616757e-12
8.224099999999999966e+01 3.338900787958578239e-12
8.390300000000000580e+01 3.080659222051559013e-12
8.559799999999999898e+01 2.842640706878028293e-12
8.732699999999999818e+01 2.623508975101331857e-12
8.909099999999999397e+01 2.421545839348192843e-12
9.089100000000000534e+01 2.235473531844499497e-12
9.272700000000000387e+01 2.063925070314846643e-12
9.459999999999999432e+01 1.905691948186827414e-12
9.651099999999999568e+01 1.759646449253276687e-12
9.846099999999999852e+01 1.624879242609647724e-12
1.004500000000000028e+02 1.500425300261984834e-12
1.024800000000000040e+02 1.385447747780134439e-12
1.045499999999999972e+02 1.279267644154068352e-12
1.066599999999999966e+02 1.181055589002609020e-12
1.088199999999999932e+02 1.090380863516837555e-12
1.110100000000000051e+02 1.006543270739031250e-12
1.132600000000000051e+02 9.290991759022449081e-13
1.155400000000000063e+02 8.575575575575575098e-13
1.178799999999999955e+02 7.915366305210262359e-13
1.202600000000000051e+02 7.305456171735241580e-13
1.226899999999999977e+02 6.742688330871491023e-13
1.251700000000000017e+02 6.222617709504183948e-13
1.277000000000000028e+02 5.742855257078740579e-13
1.302800000000000011e+02 5.300425591292820151e-13
1.329099999999999966e+02 4.891666666666666859e-13
1.355900000000000034e+02 4.514655441222325845e-13
1.383300000000000125e+02 4.167133673973957410e-13
1.411299999999999955e+02 3.846314688970203856e-13
1.439799999999999898e+02 3.550336188634061102e-13
1.468899999999999864e+02 3.277436946148602310e-13
1.498499999999999943e+02 3.025595091013919832e-13
1.528799999999999955e+02 2.793429274346302071e-13
1.559699999999999989e+02 2.579364165841755055e-13
1.591200000000000045e+02 2.381908691471622737e-13
1.623300000000000125e+02 2.199698830070658944e-13
1.656100000000000136e+02 2.031630667047759113e-13
1.689600000000000080e+02 1.876529349109019054e-13
1.723700000000000045e+02 1.733292738620794686e-13
1.758499999999999943e+02 1.600862998921251389e-13
1.794099999999999966e+02 1.478567414295202609e-13
1.830300000000000011e+02 1.365495127091927653e-13
1.867299999999999898e+02 1.260943306336350524e-13
1.905000000000000000e+02 1.164291042519303909e-13
1.943499999999999943e+02 1.074847489441576694e-13
1.982800000000000011e+02 9.921684571634918856e-14
2.022800000000000011e+02 9.156974661476368609e-14
2.063700000000000045e+02 8.450341167551174506e-14
2.105399999999999920e+02 7.797389816003423017e-14
2.147899999999999920e+02 7.194328087852371629e-14
2.191299999999999955e+02 6.637610831536064948e-14
2.235600000000000023e+02 6.123510017752980020e-14
2.280699999999999932e+02 5.648906187088981082e-14
2.326800000000000068e+02 5.211477680315351539e-14
