1.000000000000000048e-04 1.010548001648125194e+00
1.020200000000000024e-04 1.010545454545454636e+00
1.040800000000000064e-04 1.010539244819525395e+00
1.061800000000000032e-04 1.010529178646359494e+00
1.083300000000000013e-04 1.010553587076618243e+00
1.105200000000000057e-04 1.010535754315175838e+00
1.127500000000000030e-04 1.010514746290529287e+00
1.150300000000000015e-04 1.010526315789473717e+00
1.173500000000000064e-04 1.010533732605249257e+00
1.197199999999999989e-04 1.010502314654874612e+00
1.221399999999999927e-04 1.010535944169659306e+00
1.246099999999999877e-04 1.010497641352734011e+00
1.271199999999999891e-04 1.010489624393263286e+00
1.296899999999999865e-04 1.010477894198824389e+00
1.323100000000000122e-04 1.010462675813676769e+00
1.349900000000000069e-04 1.010474903237697397e+00
1.377100000000000080e-04 1.010482874958580801e+00
1.404900000000000051e-04 1.010486515227601689e+00
1.433299999999999982e-04 1.010456796917996725e+00
1.462299999999999874e-04 1.010453060644794787e+00
1.491800000000000049e-04 1.010445391493273171e+00
1.522000000000000132e-04 1.010434022561525147e+00
1.552699999999999957e-04 1.010446242031392439e+00
1.584099999999999961e-04 1.010427610842614010e+00
1.616099999999999926e-04 1.010405666452028450e+00
1.648700000000000122e-04 1.010406142655081885e+00
1.681999999999999956e-04 1.010377708978328348e+00
1.715999999999999969e-04 1.010370874116532702e+00
1.750699999999999891e-04 1.010360349632028809e+00
1.786000000000000044e-04 1.010369955156950716e+00
1.822100000000000054e-04 1.010352014291276301e+00
1.858899999999999973e-04 1.010331042536944723e+00
1.896500000000000020e-04 1.010329031405541089e+00
1.934799999999999975e-04 1.010323305185409248e+00
1.973900000000000058e-04 1.010313863357194197e+00
2.013799999999999998e-04 1.010300928329629810e+00
2.054400000000000117e-04 1.010264138647333221e+00
2.095900000000000042e-04 1.010265013080901886e+00
2.138300000000000042e-04 1.010242249769891965e+00
2.181499999999999900e-04 1.010216623137194736e+00
2.225499999999999885e-04 1.010206964087305259e+00
2.270499999999999895e-04 1.010193905817174498e+00
2.316399999999999980e-04 1.010177471930459925e+00
2.363199999999999871e-04 1.010157873239686754e+00
2.410900000000000109e-04 1.010135135135135309e+00
2.459599999999999829e-04 1.010126711977868075e+00
2.509300000000000115e-04 1.010097965335343018e+00
2.559999999999999884e-04 1.010066507923474743e+00
2.611700000000000219e-04 1.010048632806209490e+00
2.664499999999999985e-04 1.010027635215159814e+00
2.718299999999999775e-04 1.010003716551040709e+00
2.773200000000000079e-04 1.009961732369555998e+00
2.829199999999999814e-04 1.009947581605908917e+00
2.886400000000000012e-04 1.009915448531666593e+00
2.944700000000000182e-04 1.009895318697999311e+00
3.004199999999999731e-04 1.009843984777632597e+00
3.064899999999999743e-04 1.009818637509123151e+00
3.126800000000000217e-04 1.009790549756248934e+00
3.189900000000000070e-04 1.009759908889860114e+00
3.254399999999999741e-04 1.009726767440652484e+00
3.320099999999999874e-04 1.009678446354664194e+00
3.387199999999999825e-04 1.009640961598501585e+00
3.455600000000000186e-04 1.009601254041344154e+00
3.525399999999999823e-04 1.009559494643800903e+00
3.596599999999999819e-04 1.009515733936310555e+00
3.669300000000000122e-04 1.009470134429713006e+00
3.743400000000000243e-04 1.009411311694489166e+00
3.819000000000000129e-04 1.009373611728120901e+00
3.896200000000000271e-04 1.009322892274851169e+00
3.974900000000000178e-04 1.009270631962319476e+00
4.055199999999999799e-04 1.009206405731223111e+00
4.137100000000000217e-04 1.009151602300739414e+00
4.220699999999999756e-04 1.009055106213676334e+00
4.306000000000000040e-04 1.008988542078230077e+00
4.392900000000000038e-04 1.008911274699728855e+00
4.481700000000000137e-04 1.008929419587726972e+00
4.572199999999999897e-04 1.008849557522123908e+00
4.664599999999999758e-04 1.008678176669407289e+00
4.758799999999999771e-04 1.008690198889087730e+00
4.854999999999999832e-04 1.008610086100860892e+00
4.952999999999999504e-04 1.008529335745670830e+00
5.053100000000000256e-04 1.008364312267657992e+00
5.155199999999999973e-04 1.008285690612312546e+00
5.259299999999999739e-04 1.008206711627529062e+00
5.365600000000000534e-04 1.008128137700215143e+00
5.473900000000000293e-04 1.008049390434510695e+00
5.584500000000000488e-04 1.007970570202329830e+00
5.697299999999999543e-04 1.007816610296880855e+00
5.812400000000000119e-04 1.007739367583106116e+00
5.929900000000000535e-04 1.007589995662859561e+00
6.049599999999999813e-04 1.007443113347983310e+00
6.171899999999999912e-04 1.007369299221357206e+00
6.296500000000000447e-04 1.007227108474807453e+00
6.423699999999999636e-04 1.007087456539181636e+00
6.553499999999999647e-04 1.006950819672131292e+00
6.685900000000000480e-04 1.006752411575562611e+00
6.821000000000000457e-04 1.006559031281534011e+00
6.958799999999999578e-04 1.006494711449248403e+00
7.099300000000000012e-04 1.006248104337276406e+00
7.242699999999999486e-04 1.006068177761913152e+00
7.389099999999999575e-04 1.005892992589999313e+00
7.538300000000000382e-04 1.005779685264663881e+00
7.690600000000000127e-04 1.005556179144685203e+00
7.845999999999999893e-04 1.005339057683839687e+00
8.004499999999999680e-04 1.005128481969337129e+00
8.166199999999999978e-04 1.004870817450232989e+00
8.331099999999999704e-04 1.004673382490393729e+00
8.499399999999999837e-04 1.004430863254392570e+00
8.671100000000000379e-04 1.004195804195804342e+00
8.846299999999999650e-04 1.003919263178522536e+00
9.024999999999999819e-04 1.003651914852721871e+00
9.207300000000000293e-04 1.003393345272881598e+00
9.393300000000000477e-04 1.003097120140526100e+00
9.583099999999999778e-04 1.002811026478055867e+00
9.776699999999999280e-04 1.002490327744919307e+00
9.974199999999999473e-04 1.002180929948530030e+00
1.017600000000000015e-03 1.001796868315222078e+00
1.038099999999999917e-03 1.001468736886277799e+00
1.059100000000000102e-03 1.001111339781848075e+00
1.080500000000000080e-03 1.000726744186046568e+00
1.102300000000000068e-03 1.000316819135875779e+00
1.124599999999999905e-03 9.999223059591328955e-01
1.147299999999999969e-03 9.995046298060437096e-01
1.170500000000000099e-03 9.990655253616417264e-01
1.194100000000000023e-03 9.986066805998606855e-01
1.218200000000000012e-03 9.981655995971514539e-01
1.242899999999999908e-03 9.976360172182626718e-01
1.268000000000000030e-03 9.971271330172025715e-01
1.293600000000000002e-03 9.966383701188454847e-01
1.319700000000000040e-03 9.961025982678215485e-01
1.346399999999999984e-03 9.954903434528283857e-01
1.373599999999999995e-03 9.949345986150295307e-01
1.401300000000000072e-03 9.943071019689251333e-01
1.429600000000000055e-03 9.936742061900207812e-01
1.458499999999999944e-03 9.930368441766824761e-01
1.487999999999999956e-03 9.923367095375293934e-01
1.518000000000000035e-03 9.916652095354665519e-01
1.548700000000000077e-03 9.909072713235924645e-01
1.580000000000000024e-03 9.901804000785568993e-01
1.611900000000000095e-03 9.894015305841545871e-01
1.644499999999999912e-03 9.886010642608248356e-01
1.677700000000000068e-03 9.877544529262085593e-01
1.711599999999999970e-03 9.868913857677902302e-01
1.746200000000000052e-03 9.859881064801817585e-01
1.781400000000000041e-03 9.850723839102338841e-01
1.817400000000000048e-03 9.841215219742406317e-01
1.854100000000000019e-03 9.831387495175608615e-01
1.891600000000000009e-03 9.821026964323762432e-01
1.929799999999999962e-03 9.810636864239412613e-01
1.968800000000000151e-03 9.799776515928939613e-01
2.008600000000000142e-03 9.788481769142959310e-01
2.049099999999999880e-03 9.777221196941734416e-01
2.090499999999999910e-03 9.765149881388830444e-01
2.132799999999999800e-03 9.752741436978704659e-01
2.175799999999999870e-03 9.740232751454697135e-01
2.219800000000000072e-03 9.727033478181039694e-01
2.264599999999999860e-03 9.713593302489536008e-01
2.310400000000000214e-03 9.699734539376659859e-01
2.357099999999999994e-03 9.685303884469844693e-01
2.404700000000000067e-03 9.670723384895358876e-01
2.453299999999999838e-03 9.655454833125476366e-01
2.502799999999999903e-03 9.640095779487835026e-01
2.553399999999999941e-03 9.624483934661640649e-01
2.605000000000000111e-03 9.608123115976520134e-01
2.657599999999999980e-03 9.591405668380685867e-01
2.711299999999999821e-03 9.574193109546644820e-01
2.765999999999999796e-03 9.556531761011541892e-01
2.821900000000000016e-03 9.538294939948808171e-01
2.878900000000000209e-03 9.519680216627446345e-01
2.937100000000000214e-03 9.500728401317456440e-01
2.996400000000000192e-03 9.481307466123185534e-01
3.056899999999999982e-03 9.461454973477843033e-01
3.118699999999999858e-03 9.441073091597320666e-01
3.181699999999999980e-03 9.420334779913204226e-01
3.246000000000000187e-03 9.399126688233502280e-01
3.311500000000000207e-03 9.377495152275578949e-01
3.378400000000000153e-03 9.355598222919849771e-01
3.446700000000000024e-03 9.332938404948544209e-01
3.516299999999999981e-03 9.310218730954155086e-01
3.587400000000000137e-03 9.287064901861566968e-01
3.659799999999999946e-03 9.263259881901619863e-01
3.733799999999999793e-03 9.239217200978497857e-01
3.809199999999999999e-03 9.214961317852032874e-01
3.886099999999999971e-03 9.190151807619024726e-01
3.964600000000000415e-03 9.165176274591469996e-01
4.044700000000000031e-03 9.139713679745492536e-01
4.126399999999999686e-03 9.113909043486508876e-01
4.209799999999999653e-03 9.087886706173300411e-01
4.294799999999999660e-03 9.061574488601144006e-01
4.381600000000000251e-03 9.034976727371323291e-01
4.470100000000000288e-03 9.008017257675329237e-01
4.560400000000000044e-03 8.980822697519649234e-01
4.652500000000000385e-03 8.953306680172851140e-01
4.746499999999999851e-03 8.925577743352504090e-01
4.842400000000000176e-03 8.897572800317634645e-01
4.940199999999999626e-03 8.869394307353515305e-01
5.040000000000000209e-03 8.840855877314791611e-01
5.141899999999999596e-03 8.812081877184223533e-01
5.245699999999999842e-03 8.783079193310380228e-01
5.351700000000000033e-03 8.753586661496703947e-01
5.459799999999999896e-03 8.724467373650519608e-01
5.570099999999999704e-03 8.694792353328939516e-01
5.682600000000000325e-03 8.664500556999628067e-01
5.797400000000000296e-03 8.633626212703642278e-01
5.914499999999999619e-03 8.602707581227436728e-01
6.034000000000000301e-03 8.571746483888196266e-01
6.155899999999999740e-03 8.539819123715867155e-01
6.280299999999999945e-03 8.507709632709633540e-01
6.407200000000000048e-03 8.474358974358974228e-01
6.536600000000000049e-03 8.441164065795022653e-01
6.668600000000000222e-03 8.407293314461744549e-01
6.803299999999999972e-03 8.372513562386979524e-01
6.940799999999999574e-03 8.336309040740140786e-01
7.080999999999999621e-03 8.300072132724212182e-01
7.224000000000000386e-03 8.263141228625713319e-01
7.369999999999999815e-03 8.224620678867511359e-01
7.518900000000000236e-03 8.185471406491500179e-01
7.670800000000000188e-03 8.144810203925761938e-01
7.825699999999999670e-03 8.102823493884946382e-01
7.983799999999999231e-03 8.060759871613046856e-01
8.145100000000000603e-03 8.016681428993209790e-01
8.309600000000000319e-03 7.971818646418924459e-01
8.477500000000000660e-03 7.924882629107981025e-01
8.648799999999999891e-03 7.877358490566037652e-01
8.823499999999999746e-03 7.827686213482351052e-01
9.001699999999999632e-03 7.778011204481792840e-01
9.183600000000000096e-03 7.726232577491158882e-01
9.369099999999999998e-03 7.673763736263735646e-01
9.558300000000000476e-03 7.619242022181398344e-01
9.751400000000000345e-03 7.564560717416222158e-01
9.948399999999999604e-03 7.507852703334892963e-01
1.014900000000000004e-02 7.450304797243572086e-01
1.035400000000000036e-02 7.392390090030886984e-01
1.056400000000000047e-02 7.332464146023467411e-01
1.077700000000000012e-02 7.272139206934472577e-01
1.099499999999999957e-02 7.210914927768861116e-01
1.121699999999999954e-02 7.148594377510040232e-01
1.144300000000000005e-02 7.085786641342196601e-01
1.167499999999999961e-02 7.021196301654192284e-01
1.191000000000000045e-02 6.957119639954995050e-01
1.215100000000000034e-02 6.891194929472441721e-01
1.239700000000000003e-02 6.825063338070814778e-01
1.264700000000000026e-02 6.757437914925006339e-01
1.290200000000000027e-02 6.689912522175321952e-01
1.316299999999999935e-02 6.620996224576786160e-01
1.342899999999999996e-02 6.551243177683445662e-01
1.370000000000000037e-02 6.481000422884068968e-01
1.397699999999999984e-02 6.409993979530403951e-01
1.425900000000000084e-02 6.337935174069627697e-01
1.454699999999999917e-02 6.265565134099616573e-01
1.484100000000000003e-02 6.193178424227944179e-01
1.514099999999999994e-02 6.119127116622943285e-01
1.544700000000000066e-02 6.045846978267340743e-01
1.575899999999999870e-02 5.971685206115043831e-01
1.607700000000000101e-02 5.897265160523186278e-01
1.640199999999999991e-02 5.822840496997799820e-01
1.673399999999999888e-02 5.748364458189604287e-01
1.707200000000000037e-02 5.673790106553961987e-01
1.741600000000000092e-02 5.598855576086307906e-01
1.776799999999999907e-02 5.524005732712290451e-01
1.812700000000000075e-02 5.448913629017776428e-01
1.849299999999999902e-02 5.373769507803121126e-01
1.886699999999999836e-02 5.298783425680558823e-01
1.924800000000000122e-02 5.223639661426844327e-01
1.963700000000000168e-02 5.148600230764559527e-01
2.003399999999999972e-02 5.073477358720859254e-01
2.043800000000000130e-02 4.998588610702012769e-01
2.085100000000000148e-02 4.923694283244844927e-01
2.127199999999999924e-02 4.849170343670374805e-01
2.170199999999999907e-02 4.775023474178403671e-01
2.214100000000000096e-02 4.700731768861973192e-01
2.258800000000000044e-02 4.626908396946564639e-01
2.304399999999999851e-02 4.553273427471116741e-01
2.350999999999999965e-02 4.479847071021254012e-01
2.398499999999999938e-02 4.406716417910447881e-01
2.446900000000000117e-02 4.333620062198108025e-01
2.496400000000000008e-02 4.260724084855785354e-01
2.546800000000000105e-02 4.188134904510361634e-01
2.598200000000000162e-02 4.115964888218351381e-01
2.650699999999999931e-02 4.044402751719824440e-01
2.704300000000000107e-02 3.973018668545262866e-01
2.758899999999999894e-02 3.902165368398484713e-01
2.814600000000000088e-02 3.831785869722907356e-01
2.871500000000000094e-02 3.761620626151013225e-01
2.929500000000000159e-02 3.692042817576166036e-01
2.988700000000000037e-02 3.622754946727549386e-01
3.048999999999999974e-02 3.553800897971822192e-01
3.110600000000000170e-02 3.485385645631450813e-01
3.173499999999999932e-02 3.417455478902615695e-01
3.237600000000000200e-02 3.350085805344447110e-01
3.302999999999999686e-02 3.282978014656895982e-01
3.369699999999999779e-02 3.216232277782494209e-01
3.437799999999999884e-02 3.149956709956709400e-01
3.507199999999999901e-02 3.083995760466348712e-01
3.578100000000000031e-02 3.018294881038212085e-01
3.650400000000000172e-02 2.952906548933039166e-01
3.724100000000000327e-02 2.887897849967139274e-01
3.799299999999999899e-02 2.823444838493242570e-01
3.876099999999999685e-02 2.759565515216753084e-01
3.954400000000000276e-02 2.696103896103895781e-01
4.034299999999999692e-02 2.633575719253872793e-01
4.115800000000000014e-02 2.571749789200837299e-01
4.198899999999999855e-02 2.510650051523940496e-01
4.283800000000000108e-02 2.450574463472793840e-01
4.370299999999999879e-02 2.391465369520755779e-01
4.458600000000000063e-02 2.333513684115604558e-01
4.548599999999999866e-02 2.276497484088872703e-01
4.640500000000000180e-02 2.220609748961320240e-01
4.734300000000000314e-02 2.165431274876659096e-01
4.829900000000000165e-02 2.111142105199325381e-01
4.927499999999999936e-02 2.057513662887526240e-01
5.027000000000000218e-02 2.004490097954371719e-01
5.128599999999999826e-02 1.952105424143556478e-01
5.232200000000000045e-02 1.900071192803054754e-01
5.337900000000000283e-02 1.848513121065979981e-01
5.445699999999999846e-02 1.797463627998773239e-01
5.555700000000000222e-02 1.747094714341761723e-01
5.668000000000000121e-02 1.697357227146738534e-01
5.782500000000000140e-02 1.648344002226551919e-01
5.899299999999999683e-02 1.600146776560912032e-01
6.018400000000000138e-02 1.553074225180731405e-01
6.140000000000000319e-02 1.506797583081571079e-01
6.264100000000000223e-02 1.461555473645410885e-01
6.390600000000000447e-02 1.417273190163836349e-01
6.519700000000000495e-02 1.373985720157717694e-01
6.651400000000000368e-02 1.331634549848194071e-01
6.785800000000000165e-02 1.290227391077937713e-01
6.922899999999999887e-02 1.249718314393329643e-01
7.062699999999999534e-02 1.210168042355881379e-01
7.205400000000000693e-02 1.171629487567712874e-01
7.351000000000000589e-02 1.133987378875133539e-01
7.499400000000000510e-02 1.097243613574804821e-01
7.650899999999999368e-02 1.061405106166005141e-01
7.805499999999999938e-02 1.026329123425976375e-01
7.963199999999999446e-02 9.919211097334158789e-02
8.124099999999999377e-02 9.582264786023400593e-02
8.288199999999999734e-02 9.252734026437568760e-02
8.455600000000000616e-02 8.931169557918297586e-02
8.626399999999999346e-02 8.617653631284916127e-02
8.800700000000000189e-02 8.313132720349215854e-02
8.978500000000000369e-02 8.016122025389776917e-02
9.159799999999999887e-02 7.726075504828797125e-02
9.344900000000000428e-02 7.441824104234527615e-02
9.533700000000000507e-02 7.163642264110121893e-02
9.726300000000000223e-02 6.892744037442896654e-02
9.922699999999999576e-02 6.631008291297037227e-02
1.012300000000000005e-01 6.379413524835428340e-02
1.032799999999999968e-01 6.138513201269294589e-02
1.053599999999999953e-01 5.906602967697029138e-02
1.074900000000000022e-01 5.681088964511424311e-02
1.096599999999999936e-01 5.459393216746157712e-02
1.118799999999999933e-01 5.240862103911898134e-02
1.141400000000000053e-01 5.027350603777479970e-02
1.164400000000000018e-01 4.820065812504376740e-02
1.188000000000000028e-01 4.621905609973284840e-02
1.212000000000000022e-01 4.432073692608979459e-02
1.236499999999999960e-01 4.249999999999999611e-02
1.261400000000000021e-01 4.074466074466073784e-02
1.286899999999999988e-01 3.904367032200565385e-02
1.312899999999999900e-01 3.739466656036991021e-02
1.339400000000000035e-01 3.579172669273513602e-02
1.366499999999999937e-01 3.423493770267963671e-02
1.394100000000000061e-01 3.272896781354051043e-02
1.422299999999999953e-01 3.128822984244671035e-02
1.451000000000000068e-01 2.991806457868709246e-02
1.480299999999999949e-01 2.860974246965002424e-02
1.510199999999999876e-01 2.733925910155418290e-02
1.540700000000000125e-01 2.609569964349376173e-02
1.571799999999999864e-01 2.489153823785984071e-02
1.603600000000000025e-01 2.374795813418839607e-02
1.635999999999999954e-01 2.266842138246537991e-02
1.668999999999999928e-01 2.163446002714405902e-02
1.702799999999999869e-01 2.062454370478529128e-02
1.737100000000000033e-01 1.963858695652173983e-02
1.772199999999999886e-01 1.868961687951138304e-02
1.807999999999999885e-01 1.778604849000425120e-02
1.844600000000000128e-01 1.693523823337442918e-02
1.881799999999999862e-01 1.613037654412859123e-02
1.919800000000000118e-01 1.535623897538154585e-02
1.958600000000000063e-01 1.460041309183349352e-02
1.998199999999999976e-01 1.387032748924908916e-02
2.038600000000000134e-01 1.318173958153207558e-02
2.079699999999999882e-01 1.252742271779530396e-02
2.121800000000000075e-01 1.189420606983160496e-02
2.164600000000000135e-01 1.128440366972477057e-02
2.208299999999999985e-01 1.071156911983828404e-02
2.253000000000000003e-01 1.017168312324550489e-02
2.298499999999999988e-01 9.653013832329283839e-03
2.344900000000000040e-01 9.148139155769830638e-03
2.392299999999999982e-01 8.661414515899044930e-03
2.440599999999999992e-01 8.206220551256073956e-03
2.489899999999999891e-01 7.780485660088187413e-03
2.540200000000000236e-01 7.368933298728264601e-03
2.591499999999999915e-01 6.974354139166510230e-03
2.643900000000000139e-01 6.601679916846925691e-03
2.697300000000000253e-01 6.244543410203271493e-03
2.751799999999999802e-01 5.902825902825903012e-03
2.807399999999999896e-01 5.581399097356544610e-03
2.864099999999999979e-01 5.280534158565709964e-03
2.921900000000000053e-01 4.990649632102347674e-03
2.980999999999999761e-01 4.709309689677010878e-03
3.041200000000000014e-01 4.447580946683616504e-03
3.102599999999999802e-01 4.200440443534366082e-03
3.165299999999999780e-01 3.964585834333733683e-03
3.229199999999999848e-01 3.741394729726918965e-03
3.294500000000000206e-01 3.528020654791607855e-03
3.361000000000000099e-01 3.324789620523056852e-03
3.428899999999999726e-01 3.136324826866521229e-03
3.498200000000000198e-01 2.957819694044259550e-03
3.568899999999999850e-01 2.784562271345391010e-03
3.640900000000000247e-01 2.622813118613236735e-03
3.714500000000000024e-01 2.470113220113220095e-03
3.789500000000000091e-01 2.326197199331527746e-03
3.866100000000000092e-01 2.189595202398800320e-03
3.944199999999999928e-01 2.058396671983985481e-03
4.023900000000000254e-01 1.937502041883106593e-03
4.105199999999999960e-01 1.822257096069869161e-03
4.188100000000000156e-01 1.712557808609035817e-03
4.272699999999999831e-01 1.609777777777777683e-03
4.359000000000000097e-01 1.512850152198204389e-03
4.447099999999999942e-01 1.421850559499458592e-03
4.536899999999999822e-01 1.334169488690998759e-03
4.628599999999999937e-01 1.253698128027228497e-03
4.722100000000000186e-01 1.176636748826825852e-03
4.817400000000000015e-01 1.104127044503613571e-03
4.914799999999999724e-01 1.035843537752218456e-03
5.014100000000000223e-01 9.722523639745775294e-04
5.115300000000000402e-01 9.111578039976294362e-04
5.218699999999999450e-01 8.547897458961097473e-04
5.324100000000000499e-01 8.010683258980980537e-04
5.431700000000000417e-01 7.506741848492278326e-04
5.541399999999999659e-01 7.033648925281474687e-04
5.653299999999999992e-01 6.588757593964883561e-04
5.767499999999999849e-01 6.170011148272017262e-04
5.884000000000000341e-01 5.778173881411422744e-04
6.002899999999999903e-01 5.405972190563026938e-04
6.124199999999999644e-01 5.058174603174602412e-04
6.247899999999999565e-01 4.732156180054712625e-04
6.374100000000000321e-01 4.426827156217526802e-04
6.502900000000000347e-01 4.140763524516012542e-04
6.634200000000000097e-01 3.872778827977315080e-04
6.768300000000000427e-01 3.621370728816907057e-04
6.905000000000000027e-01 3.385687013054021260e-04
7.044500000000000206e-01 3.164626583984901263e-04
7.186799999999999855e-01 2.957268618190425700e-04
7.331999999999999629e-01 2.762748609671034018e-04
7.480099999999999527e-01 2.580402783765474157e-04
7.631200000000000205e-01 2.409560973096884799e-04
7.785400000000000098e-01 2.249498390810789278e-04
7.942599999999999660e-01 2.099645130400495550e-04
8.103099999999999747e-01 1.959351988217967544e-04
8.266799999999999704e-01 1.828180599842876212e-04
8.433800000000000185e-01 1.705285207863358268e-04
8.604100000000000081e-01 1.590529811371643189e-04
8.778000000000000247e-01 1.483210468766533617e-04
8.955300000000000482e-01 1.382916297608503147e-04
9.136199999999999877e-01 1.289192685705458654e-04
9.320800000000000196e-01 1.201624636275460827e-04
9.509100000000000330e-01 1.119826583483134186e-04
9.701100000000000279e-01 1.043452275544536919e-04
9.897099999999999786e-01 9.721025070670558490e-05
1.009700000000000042e+00 9.054965313151895092e-05
1.030100000000000016e+00 8.432881304281576750e-05
1.050899999999999945e+00 7.852375761121008864e-05
1.072100000000000053e+00 7.310744215830944034e-05
1.093800000000000106e+00 6.805259935271306770e-05
1.115899999999999892e+00 6.333628507740694379e-05
1.138400000000000079e+00 5.893753797933923337e-05
1.161399999999999988e+00 5.483752093802344847e-05
1.184900000000000064e+00 5.101245832602210558e-05
1.208800000000000097e+00 4.744852941176470884e-05
1.233300000000000063e+00 4.412773005662339672e-05
1.258199999999999985e+00 4.102998748839649666e-05
1.283600000000000074e+00 3.814844576020300212e-05
1.309500000000000108e+00 3.546292602934006936e-05
1.336000000000000076e+00 3.296158669701333059e-05
1.362999999999999989e+00 3.063239374908718942e-05
1.390500000000000069e+00 2.846405061999285777e-05
1.418600000000000083e+00 2.644698833850433364e-05
1.447200000000000042e+00 2.456875280394795876e-05
1.476499999999999924e+00 2.282027162090657834e-05
1.506299999999999972e+00 2.119405745284181809e-05
1.536699999999999955e+00 1.968133927994311931e-05
1.567800000000000082e+00 1.827301070896028177e-05
1.599399999999999933e+00 1.696545351151549584e-05
1.631799999999999917e+00 1.574847174593707887e-05
1.664700000000000069e+00 1.461724919852998635e-05
1.698399999999999910e+00 1.356627296587926690e-05
1.732699999999999907e+00 1.258883248730964504e-05
1.767700000000000049e+00 1.168065709901615646e-05
1.803399999999999892e+00 1.083712121212121152e-05
1.839800000000000102e+00 1.005265772478887299e-05
1.877000000000000002e+00 9.324562409432566977e-06
1.914900000000000047e+00 8.648332294093838017e-06
1.953600000000000003e+00 8.020411208945113756e-06
1.993000000000000105e+00 7.437321542594846182e-06
2.033300000000000107e+00 6.895997976860339821e-06
2.074399999999999800e+00 6.393401284705632292e-06
2.116299999999999848e+00 5.926890768009138985e-06
2.158999999999999808e+00 5.493989646398174270e-06
2.202599999999999891e+00 5.092033958151030482e-06
2.247100000000000097e+00 4.719316625030219941e-06
2.292499999999999982e+00 4.373297233268465968e-06
2.338799999999999990e+00 4.052272484986318906e-06
2.386099999999999888e+00 3.754361088826284332e-06
2.434299999999999908e+00 3.478184204854920397e-06
2.483499999999999819e+00 3.221817583276752928e-06
2.533599999999999852e+00 2.984355417260901945e-06
2.584799999999999986e+00 2.763832781081203695e-06
2.637000000000000011e+00 2.559774964838256268e-06
2.690300000000000136e+00 2.370292467948717856e-06
2.744699999999999918e+00 2.194754978036141719e-06
2.800100000000000033e+00 2.031998673630108592e-06
2.856700000000000017e+00 1.881234395865993382e-06
2.914400000000000102e+00 1.741505520649057508e-06
2.973300000000000054e+00 1.612036918343802062e-06
3.033300000000000107e+00 1.492069906051116290e-06
3.094599999999999795e+00 1.380900148609440091e-06
3.157099999999999795e+00 1.277980218636126941e-06
3.220899999999999874e+00 1.182642335195967273e-06
3.286000000000000032e+00 1.094373716632443508e-06
3.352300000000000058e+00 1.012603591160220998e-06
3.420100000000000140e+00 9.368507009027808173e-07
3.489199999999999857e+00 8.667207095512849871e-07
3.559600000000000097e+00 8.018546365914787452e-07
3.631600000000000161e+00 7.417926964219845214e-07
3.704899999999999860e+00 6.861289607799690107e-07
3.779799999999999827e+00 6.346534653465347359e-07
3.856100000000000083e+00 5.870124303471924925e-07
3.934000000000000163e+00 5.429178470254957635e-07
4.013499999999999623e+00 5.020850257243433189e-07
4.094599999999999795e+00 4.643294419134396023e-07
4.177299999999999791e+00 4.293809416872520630e-07
4.261700000000000266e+00 3.970558135873415282e-07
4.347800000000000331e+00 3.671413196456660156e-07
4.435599999999999987e+00 3.394688724423160451e-07
4.525199999999999889e+00 3.138644688644688434e-07
4.616600000000000037e+00 2.901849354652282702e-07
4.709900000000000198e+00 2.682830452491438876e-07
4.804999999999999716e+00 2.480202926662901127e-07
4.902099999999999902e+00 2.292755118057268238e-07
5.001100000000000101e+00 2.119360735979241568e-07
5.102100000000000080e+00 1.959027682991897547e-07
5.205199999999999605e+00 1.810704960835509250e-07
5.310399999999999565e+00 1.673511434654213013e-07
5.417600000000000193e+00 1.546665895886926456e-07
5.527099999999999902e+00 1.429303527980535084e-07
5.638700000000000045e+00 1.320835933624566075e-07
5.752600000000000158e+00 1.220536481048040839e-07
5.868900000000000006e+00 1.127817550326056284e-07
5.987400000000000055e+00 1.042090932826078942e-07
6.108399999999999608e+00 9.628655544651619182e-08
6.231799999999999784e+00 8.896279617426510601e-08
6.357700000000000351e+00 8.219115536809149909e-08
6.486100000000000421e+00 7.593427466416458050e-08
6.617099999999999760e+00 7.015151880133934826e-08
6.750799999999999912e+00 6.480880413835074706e-08
6.887199999999999989e+00 5.987133628743793914e-08
7.026299999999999990e+00 5.530826729612769178e-08
7.168199999999999683e+00 5.109165138157505136e-08
7.312999999999999723e+00 4.719531566325100224e-08
7.460799999999999876e+00 4.359403180849319276e-08
7.611500000000000377e+00 4.026861858232918110e-08
7.765299999999999869e+00 3.719416875704366667e-08
7.922100000000000364e+00 3.435461644464859795e-08
8.082200000000000273e+00 3.173082349147486786e-08
8.245400000000000063e+00 2.930769557281718313e-08
8.412000000000000810e+00 2.706821026282853528e-08
8.581899999999999196e+00 2.499905855771041422e-08
8.755300000000000082e+00 2.308843942097957256e-08
8.932199999999999918e+00 2.132407455751057100e-08
9.112600000000000477e+00 1.969425350563651517e-08
9.296699999999999520e+00 1.818834704042627058e-08
9.484500000000000597e+00 1.679843826256710773e-08
9.676099999999999923e+00 1.551471533221950926e-08
9.871600000000000819e+00 1.432855015567889616e-08
1.007099999999999973e+01 1.323351158645276456e-08
1.027399999999999913e+01 1.222263952527604604e-08
1.048199999999999932e+01 1.128738724481721942e-08
1.069400000000000084e+01 1.042430810270090039e-08
1.091000000000000014e+01 9.627612857895660722e-09
1.113000000000000078e+01 8.890626445822153133e-09
1.135500000000000043e+01 8.210295408014038709e-09
1.158399999999999963e+01 7.581432137317542576e-09
1.181799999999999962e+01 7.000606113083383690e-09
1.205700000000000038e+01 6.464080836650205855e-09
1.230100000000000016e+01 5.968441672375046380e-09
1.254899999999999949e+01 5.510669283859937883e-09
1.280300000000000082e+01 5.087878504797619376e-09
1.306099999999999994e+01 4.697419309471907347e-09
1.332499999999999929e+01 4.336890469838446382e-09
1.359399999999999942e+01 4.004123775754072722e-09
1.386899999999999977e+01 3.696722256062427310e-09
1.414899999999999913e+01 3.412801693474224668e-09
1.443500000000000050e+01 3.150820211773741986e-09
1.472700000000000031e+01 2.908940205867612860e-09
1.502399999999999913e+01 2.685657394802608738e-09
1.532799999999999940e+01 2.479439732716525350e-09
1.563700000000000045e+01 2.289197426346088713e-09
1.595299999999999940e+01 2.113543873009829211e-09
1.627499999999999858e+01 1.951354741595584159e-09
1.660399999999999920e+01 1.801692673895794775e-09
1.694000000000000128e+01 1.663488080301129249e-09
1.728200000000000003e+01 1.535906405244128229e-09
1.763100000000000023e+01 1.418167167694548456e-09
1.798699999999999832e+01 1.309469350411710980e-09
1.835099999999999909e+01 1.209122855371046606e-09
1.872100000000000009e+01 1.116422681535834829e-09
1.909900000000000020e+01 1.030832280056685518e-09
1.948499999999999943e+01 9.518174474959612702e-10
1.987900000000000134e+01 8.788382096162854154e-10
2.028000000000000114e+01 8.113885396084066359e-10
2.069000000000000128e+01 7.491002083727978368e-10
2.110800000000000054e+01 6.915701158609668220e-10
2.153500000000000014e+01 6.384032020223299092e-10
2.196999999999999886e+01 5.893134858920240445e-10
2.241300000000000026e+01 5.439491565135894859e-10
2.286599999999999966e+01 5.020819175881881015e-10
2.332799999999999940e+01 4.634521404834820604e-10
2.379899999999999949e+01 4.277644148168510460e-10
2.428000000000000114e+01 3.948318353145839484e-10
2.477100000000000080e+01 3.644621148405841630e-10
2.527100000000000080e+01 3.364112903225806767e-10
2.578200000000000003e+01 3.105657167162909272e-10
2.630199999999999960e+01 2.866923905240488169e-10
2.683399999999999963e+01 2.646914047709200802e-10
2.737600000000000122e+01 2.443534697953070630e-10
2.792899999999999849e+01 2.256246576496860953e-10
2.849299999999999855e+01 2.083212944235770079e-10
2.906899999999999906e+01 1.923514308826805010e-10
2.965599999999999881e+01 1.776026914371235383e-10
3.025499999999999901e+01 1.639784946236559072e-10
3.086599999999999966e+01 1.514050087425825614e-10
3.148999999999999844e+01 1.397887886579218956e-10
3.212599999999999767e+01 1.290577200134874322e-10
3.277499999999999858e+01 1.191458050326670413e-10
3.343699999999999761e+01 1.099907856119036209e-10
3.411200000000000188e+01 1.015376582221501951e-10
3.480100000000000193e+01 9.373206923413068823e-11
3.550399999999999778e+01 8.652311640402582799e-11
3.622200000000000131e+01 7.987136630982101995e-11
3.695300000000000296e+01 7.372851082830988821e-11
3.770000000000000284e+01 6.805833706382677963e-11
3.846200000000000330e+01 6.282510318762742820e-11
3.923899999999999721e+01 5.799832056261152026e-11
4.003099999999999881e+01 5.354215132380636259e-11
4.084000000000000341e+01 4.942857977961593527e-11
4.166499999999999915e+01 4.563178677196446358e-11
4.250699999999999790e+01 4.212548432259954531e-11
4.336500000000000199e+01 3.889270740257061875e-11
4.424099999999999966e+01 3.590503482298316655e-11
4.513499999999999801e+01 3.314725476682747420e-11
4.604699999999999704e+01 3.060054962819269693e-11
4.697699999999999676e+01 2.825007465551810779e-11
4.792600000000000193e+01 2.607988831847248645e-11
4.889399999999999835e+01 2.407539456170374443e-11
4.988199999999999790e+01 2.222512169418376867e-11
5.089000000000000057e+01 2.051652892561983556e-11
5.191799999999999926e+01 1.893903803131990961e-11
5.296600000000000108e+01 1.748184448249394607e-11
5.403600000000000136e+01 1.613763869841665589e-11
5.512800000000000011e+01 1.489568937150378418e-11
5.624199999999999733e+01 1.374930516953863345e-11
5.737800000000000011e+01 1.269092509720490130e-11
5.853699999999999903e+01 1.171417505809449912e-11
5.971999999999999886e+01 1.081213707368937709e-11
6.092600000000000193e+01 9.979274611398964428e-12
6.215699999999999648e+01 9.210358347770584875e-12
6.341199999999999903e+01 8.500866551126515722e-12
6.469299999999999784e+01 7.846408817309257169e-12
6.600000000000000000e+01 7.242234557694579189e-12
6.733400000000000318e+01 6.684467725659602616e-12
6.869400000000000261e+01 6.169835720101537637e-12
7.008199999999999363e+01 5.694974836245922179e-12
7.149699999999999989e+01 5.256670494911994626e-12
7.294199999999999307e+01 4.852262950791926737e-12
7.441500000000000625e+01 4.479101498495546102e-12
7.591800000000000637e+01 4.134795399839529669e-12
7.745199999999999818e+01 3.816985427294328469e-12
7.901699999999999591e+01 3.523640703429394004e-12
8.061299999999999955e+01 3.253188491769242447e-12
8.224099999999999966e+01 3.003583387182047956e-12
8.390300000000000580e+01 2.773077957267255212e-12
8.559799999999999898e+01 2.560466691428695935e-12
8.732699999999999818e+01 2.364345558196966852e-12
8.909099999999999397e+01 2.183205734627200427e-12
9.089100000000000534e+01 2.015969503399958751e-12
9.272700000000000387e+01 1.861523809523809516e-12
9.459999999999999432e+01 1.718873077475923718e-12
9.651099999999999568e+01 1.587000759301442456e-12
9.846099999999999852e+01 1.465134935660879888e-12
1.004500000000000028e+02 1.352466519749109983e-12
1.024800000000000040e+02 1.248289450116424874e-12
1.045499999999999972e+02 1.151936106589954279e-12
1.066599999999999966e+02 1.062874970002399647e-12
1.088199999999999932e+02 9.804741980474199315e-13
1.110100000000000051e+02 9.043812245991693282e-13
1.132600000000000051e+02 8.341514064564847977e-13
1.155400000000000063e+02 7.692768079800499716e-13
1.178799999999999955e+02 7.095192915876027454e-13
1.202600000000000051e+02 6.544482201548659878e-13
1.226899999999999977e+02 6.037091551368854831e-13
1.251700000000000017e+02 5.569819539514623146e-13
1.277000000000000028e+02 5.139831623257036998e-13
1.302800000000000011e+02 4.744299221357063712e-13
1.329099999999999966e+02 4.380539428235466988e-13
1.355900000000000034e+02 4.045369794903666478e-13
1.383300000000000125e+02 3.736306150940297116e-13
1.411299999999999955e+02 3.451640909880186970e-13
1.439799999999999898e+02 3.188802202845341628e-13
1.468899999999999864e+02 2.946336729742843376e-13
1.498499999999999943e+02 2.722329379899043534e-13
1.528799999999999955e+02 2.515431261729386180e-13
1.559699999999999989e+02 2.324103599366841326e-13
1.591200000000000045e+02 2.147292839122841326e-13
1.623300000000000125e+02 1.983737126293783274e-13
1.656100000000000136e+02 1.832521802818429752e-13
1.689600000000000080e+02 1.692700489120300484e-13
1.723700000000000045e+02 1.563258495145631240e-13
1.758499999999999943e+02 1.443619035394538283e-13
1.794099999999999966e+02 1.332971285045142977e-13
1.830300000000000011e+02 1.230607665380127386e-13
1.867299999999999898e+02 1.135933761251851541e-13
1.905000000000000000e+02 1.048398762406075442e-13
1.943499999999999943e+02 9.674141779147624126e-14
1.982800000000000011e+02 8.925623552166970835e-14
2.022800000000000011e+02 8.233894190723243816e-14
2.063700000000000045e+02 7.594691246096504638e-14
2.105399999999999920e+02 7.004424071211557259e-14
2.147899999999999920e+02 6.459455648004512839e-14
2.191299999999999955e+02 5.956240112235456429e-14
2.235600000000000023e+02 5.492054465611475352e-14
2.280699999999999932e+02 5.064031832012572428e-14
2.326800000000000068e+02 4.668931592171851563e-14
