1.000000000000000048e-04 1.009308072487644203e+00
1.020200000000000024e-04 1.009329563812600972e+00
1.040800000000000064e-04 1.009346904827914004e+00
1.061800000000000032e-04 1.009321112319403468e+00
1.083300000000000013e-04 1.009292406123847963e+00
1.105200000000000057e-04 1.009299025282891948e+00
1.127500000000000030e-04 1.009301984911741057e+00
1.150300000000000015e-04 1.009301156359980078e+00
1.173500000000000064e-04 1.009297084096351771e+00
1.197199999999999989e-04 1.009289315560466749e+00
1.221399999999999927e-04 1.009278699627497611e+00
1.246099999999999877e-04 1.009264793783622105e+00
1.271199999999999891e-04 1.009280666905467472e+00
1.296899999999999865e-04 1.009292374505045498e+00
1.323100000000000122e-04 1.009268827305464189e+00
1.349900000000000069e-04 1.009242484723800182e+00
1.377100000000000080e-04 1.009243925205504100e+00
1.404900000000000051e-04 1.009242035019340289e+00
1.433299999999999982e-04 1.009207516576425379e+00
1.462299999999999874e-04 1.009227973537011103e+00
1.491800000000000049e-04 1.009216204928302885e+00
1.522000000000000132e-04 1.009228668941979601e+00
1.552699999999999957e-04 1.009210420627058236e+00
1.584099999999999961e-04 1.009189245956731762e+00
1.616099999999999926e-04 1.009191555097837201e+00
1.648700000000000122e-04 1.009190062613613437e+00
1.681999999999999956e-04 1.009160456537347317e+00
1.715999999999999969e-04 1.009177207506858576e+00
1.750699999999999891e-04 1.009141986477478214e+00
1.786000000000000044e-04 1.009128262595134773e+00
1.822100000000000054e-04 1.009134615384615463e+00
1.858899999999999973e-04 1.009092133620689724e+00
1.896500000000000020e-04 1.009092109897851364e+00
1.934799999999999975e-04 1.009088554034799801e+00
1.973900000000000058e-04 1.009081863793212852e+00
2.013799999999999998e-04 1.009051088829378662e+00
2.054400000000000117e-04 1.009038535920037560e+00
2.095900000000000042e-04 1.009023036691020891e+00
2.138300000000000042e-04 1.009004776446636997e+00
2.181499999999999900e-04 1.009003129019254041e+00
2.225499999999999885e-04 1.008979330597492563e+00
2.270499999999999895e-04 1.008952964631174787e+00
2.316399999999999980e-04 1.008942471308062583e+00
2.363199999999999871e-04 1.008928888415521863e+00
2.410900000000000109e-04 1.008912562884049624e+00
2.459599999999999829e-04 1.008876446690109452e+00
2.509300000000000115e-04 1.008855038500167334e+00
2.559999999999999884e-04 1.008831254103742747e+00
2.611700000000000219e-04 1.008821209535920804e+00
2.664499999999999985e-04 1.008776499187068909e+00
2.718299999999999775e-04 1.008761338658245910e+00
2.773200000000000079e-04 1.008743434834087127e+00
2.829199999999999814e-04 1.008707948794284048e+00
2.886400000000000012e-04 1.008670646795218007e+00
2.944700000000000182e-04 1.008645863154881361e+00
3.004199999999999731e-04 1.008618874492904327e+00
3.064899999999999743e-04 1.008589598876744819e+00
3.126800000000000217e-04 1.008558199808317957e+00
3.189900000000000070e-04 1.008524833209784921e+00
3.254399999999999741e-04 1.008476556415182523e+00
3.320099999999999874e-04 1.008439731659813932e+00
3.387199999999999825e-04 1.008401158436111222e+00
3.455600000000000186e-04 1.008360876484269752e+00
3.525399999999999823e-04 1.008319127992125086e+00
3.596599999999999819e-04 1.008275748407830852e+00
3.669300000000000122e-04 1.008230975249353456e+00
3.743400000000000243e-04 1.008184936546930421e+00
3.819000000000000129e-04 1.008126380763124885e+00
3.896200000000000271e-04 1.008077948941266122e+00
3.974900000000000178e-04 1.008028441179924517e+00
4.055199999999999799e-04 1.007977804533319421e+00
4.137100000000000217e-04 1.007915811088295754e+00
4.220699999999999756e-04 1.007833108475463479e+00
4.306000000000000040e-04 1.007800157977883027e+00
4.392900000000000038e-04 1.007745933384972981e+00
4.481700000000000137e-04 1.007595898214963981e+00
4.572199999999999897e-04 1.007635720271906177e+00
4.664599999999999758e-04 1.007487900648342594e+00
4.758799999999999771e-04 1.007432613951822375e+00
4.854999999999999832e-04 1.007376833230877233e+00
4.952999999999999504e-04 1.007233895969686488e+00
5.053100000000000256e-04 1.007179054054053946e+00
5.155199999999999973e-04 1.007039920490309770e+00
5.259299999999999739e-04 1.006985055230669168e+00
5.365600000000000534e-04 1.006930062131591530e+00
5.473900000000000293e-04 1.006795813154194530e+00
5.584500000000000488e-04 1.006664623870078268e+00
5.697299999999999543e-04 1.006535947712418499e+00
5.812400000000000119e-04 1.006483459809916825e+00
5.929900000000000535e-04 1.006358381502890254e+00
6.049599999999999813e-04 1.006235827664399007e+00
6.171899999999999912e-04 1.006115357887421791e+00
6.296500000000000447e-04 1.005997410209227727e+00
6.423699999999999636e-04 1.005814730650982369e+00
6.553499999999999647e-04 1.005702674357629833e+00
6.685900000000000480e-04 1.005528413473900651e+00
6.821000000000000457e-04 1.005358718950951857e+00
6.958799999999999578e-04 1.005193520464943813e+00
7.099300000000000012e-04 1.005032743148193131e+00
7.242699999999999486e-04 1.004816841103710834e+00
7.389099999999999575e-04 1.004665811267934306e+00
7.538300000000000382e-04 1.004518933760439214e+00
7.690600000000000127e-04 1.004263435431392404e+00
7.845999999999999893e-04 1.004071526822558402e+00
8.004499999999999680e-04 1.003831210878480595e+00
8.166199999999999978e-04 1.003651759724794923e+00
8.331099999999999704e-04 1.003373819163292824e+00
8.499399999999999837e-04 1.003156340681158776e+00
8.671100000000000379e-04 1.002895945676053335e+00
8.846299999999999650e-04 1.002644466209598573e+00
9.024999999999999819e-04 1.002353506243996328e+00
9.207300000000000293e-04 1.002119941583831997e+00
9.393300000000000477e-04 1.001848258016819093e+00
9.583099999999999778e-04 1.001540901880806800e+00
9.776699999999999280e-04 1.001155709650175751e+00
9.974199999999999473e-04 1.000871991628880187e+00
1.017600000000000015e-03 1.000513171399247225e+00
1.038099999999999917e-03 1.000167785234899354e+00
1.059100000000000102e-03 9.997942810121375201e-01
1.080500000000000080e-03 9.993946486944590424e-01
1.102300000000000068e-03 9.990499188472348191e-01
1.124599999999999905e-03 9.986021046091717590e-01
1.147299999999999969e-03 9.981717071684315101e-01
1.170500000000000099e-03 9.977581826333880022e-01
1.194100000000000023e-03 9.972877877144114001e-01
1.218200000000000012e-03 9.968001725749622288e-01
1.242899999999999908e-03 9.963319578175148239e-01
1.268000000000000030e-03 9.958135833650486601e-01
1.293600000000000002e-03 9.952822183755897223e-01
1.319700000000000040e-03 9.947058235940465787e-01
1.346399999999999984e-03 9.941530018945580194e-01
1.373599999999999995e-03 9.935587245633713538e-01
1.401300000000000072e-03 9.929263078470824677e-01
1.429600000000000055e-03 9.922889485210202309e-01
1.458499999999999944e-03 9.916477530640036564e-01
1.487999999999999956e-03 9.909444493928327713e-01
1.518000000000000035e-03 9.902414867895947825e-01
1.548700000000000077e-03 9.894821081513661687e-01
1.580000000000000024e-03 9.887265486973835227e-01
1.611900000000000095e-03 9.879478289582300787e-01
1.644499999999999912e-03 9.871209871209871700e-01
1.677700000000000068e-03 9.862763279904622760e-01
1.711599999999999970e-03 9.853893149616534952e-01
1.746200000000000052e-03 9.844890045410480406e-01
1.781400000000000041e-03 9.835765966502265645e-01
1.817400000000000048e-03 9.825807085646897088e-01
1.854100000000000019e-03 9.815788204658338900e-01
1.891600000000000009e-03 9.805485222082869212e-01
1.929799999999999962e-03 9.794695526963630439e-01
1.968800000000000151e-03 9.783679051743788824e-01
2.008600000000000142e-03 9.772462860211204028e-01
2.049099999999999880e-03 9.760628952916373668e-01
2.090499999999999910e-03 9.748227026793990779e-01
2.132799999999999800e-03 9.735711716286844508e-01
2.175799999999999870e-03 9.722695359561298600e-01
2.219800000000000072e-03 9.709414955443625983e-01
2.264599999999999860e-03 9.695501591559728682e-01
2.310400000000000214e-03 9.681198160305044542e-01
2.357099999999999994e-03 9.666724560489395879e-01
2.404700000000000067e-03 9.651546157344248478e-01
2.453299999999999838e-03 9.636072711035035265e-01
2.502799999999999903e-03 9.620162970000366576e-01
2.553399999999999941e-03 9.603667288646475786e-01
2.605000000000000111e-03 9.586805983824644439e-01
2.657599999999999980e-03 9.569445886546914526e-01
2.711299999999999821e-03 9.551619811673522920e-01
2.765999999999999796e-03 9.533198657695710621e-01
2.821900000000000016e-03 9.514727105746524360e-01
2.878900000000000209e-03 9.495738750785391868e-01
2.937100000000000214e-03 9.476266599135815261e-01
2.996400000000000192e-03 9.456046775623182521e-01
3.056899999999999982e-03 9.435429654076518124e-01
3.118699999999999858e-03 9.414308235117484491e-01
3.181699999999999980e-03 9.392723302546549524e-01
3.246000000000000187e-03 9.370559406084157938e-01
3.311500000000000207e-03 9.348145192321395403e-01
3.378400000000000153e-03 9.325096654899983628e-01
3.446700000000000024e-03 9.301589050150091964e-01
3.516299999999999981e-03 9.277659704078732306e-01
3.587400000000000137e-03 9.253343980834497495e-01
3.659799999999999946e-03 9.228413641479310536e-01
3.733799999999999793e-03 9.203160590422999610e-01
3.809199999999999999e-03 9.177497943428462035e-01
3.886099999999999971e-03 9.151335607060171462e-01
3.964600000000000415e-03 9.124935720057789634e-01
4.044700000000000031e-03 9.097982535380909619e-01
4.126399999999999686e-03 9.070731967436513887e-01
4.209799999999999653e-03 9.043093999953362161e-01
4.294799999999999660e-03 9.015214098857221581e-01
4.381600000000000251e-03 8.986788617886178887e-01
4.470100000000000288e-03 8.958155043067518308e-01
4.560400000000000044e-03 8.929137993282496577e-01
4.652500000000000385e-03 8.899851360375692355e-01
4.746499999999999851e-03 8.870317736393332764e-01
4.842400000000000176e-03 8.840454084989504135e-01
4.940199999999999626e-03 8.810182566212393374e-01
5.040000000000000209e-03 8.779810751119486723e-01
5.141899999999999596e-03 8.748802395209580585e-01
5.245699999999999842e-03 8.717699115044247327e-01
5.351700000000000033e-03 8.687112403100774038e-01
5.459799999999999896e-03 8.655080213903743047e-01
5.570099999999999704e-03 8.623399849397590522e-01
5.682600000000000325e-03 8.591166372831029463e-01
5.797400000000000296e-03 8.558228890311957437e-01
5.914499999999999619e-03 8.525304465493910300e-01
6.034000000000000301e-03 8.492392561615802471e-01
6.155899999999999740e-03 8.458574688432508593e-01
6.280299999999999945e-03 8.424538921118711610e-01
6.407200000000000048e-03 8.389406236651004711e-01
6.536600000000000049e-03 8.354553119730185884e-01
6.668600000000000222e-03 8.318492010652462909e-01
6.803299999999999972e-03 8.282803385095719451e-01
6.940799999999999574e-03 8.244503934452827032e-01
7.080999999999999621e-03 8.207018106072745400e-01
7.224000000000000386e-03 8.168077866582257318e-01
7.369999999999999815e-03 8.129153310921741760e-01
7.518900000000000236e-03 8.088064889918887834e-01
7.670800000000000188e-03 8.047030080928384566e-01
7.825699999999999670e-03 8.004528301886791875e-01
7.983799999999999231e-03 7.960752126548277241e-01
8.145100000000000603e-03 7.916174734356552500e-01
8.309600000000000319e-03 7.870228450478066184e-01
8.477500000000000660e-03 7.822947505235035015e-01
8.648799999999999891e-03 7.774364104029722888e-01
8.823499999999999746e-03 7.724893917963224776e-01
9.001699999999999632e-03 7.674158090037107582e-01
9.183600000000000096e-03 7.622018857459789132e-01
9.369099999999999998e-03 7.568495502300349731e-01
9.558300000000000476e-03 7.514285714285714457e-01
9.751400000000000345e-03 7.458541189160038387e-01
9.948399999999999604e-03 7.401443271415207859e-01
1.014900000000000004e-02 7.343315224592553703e-01
1.035400000000000036e-02 7.283837056504599561e-01
1.056400000000000047e-02 7.223489539203545862e-01
1.077700000000000012e-02 7.162721510800672542e-01
1.099499999999999957e-02 7.100853822944084293e-01
1.121699999999999954e-02 7.038052138440945571e-01
1.144300000000000005e-02 6.974109008039500734e-01
1.167499999999999961e-02 6.909433962264150964e-01
1.191000000000000045e-02 6.844177761110068481e-01
1.215100000000000034e-02 6.778302472971293735e-01
1.239700000000000003e-02 6.710949085516559887e-01
1.264700000000000026e-02 6.643717728055077432e-01
1.290200000000000027e-02 6.575116222167850522e-01
1.316299999999999935e-02 6.506515649738155993e-01
1.342899999999999996e-02 6.436628259551244735e-01
1.370000000000000037e-02 6.366217604059687396e-01
1.397699999999999984e-02 6.295382021795411509e-01
1.425900000000000084e-02 6.223662884927066985e-01
1.454699999999999917e-02 6.151589534814105864e-01
1.484100000000000003e-02 6.078853046594983045e-01
1.514099999999999994e-02 6.005963029218842619e-01
1.544700000000000066e-02 5.932352766033466285e-01
1.575899999999999870e-02 5.858468677494199639e-01
1.607700000000000101e-02 5.784622703216982798e-01
1.640199999999999991e-02 5.710369841836127058e-01
1.673399999999999888e-02 5.636131104633870237e-01
1.707200000000000037e-02 5.561528844436506303e-01
1.741600000000000092e-02 5.487242160486466291e-01
1.776799999999999907e-02 5.412769515618467420e-01
1.812700000000000075e-02 5.338182471264367734e-01
1.849299999999999902e-02 5.263612895479378162e-01
1.886699999999999836e-02 5.189265706885126672e-01
1.924800000000000122e-02 5.115142718916303455e-01
1.963700000000000168e-02 5.040512633624879557e-01
2.003399999999999972e-02 4.966426565742887433e-01
2.043800000000000130e-02 4.892217039037563553e-01
2.085100000000000148e-02 4.818019019389897517e-01
2.127199999999999924e-02 4.744141232050724244e-01
2.170199999999999907e-02 4.670423240671174869e-01
2.214100000000000096e-02 4.597110045431599956e-01
2.258800000000000044e-02 4.524051921608552296e-01
2.304399999999999851e-02 4.451206985105290448e-01
2.350999999999999965e-02 4.378726989888513943e-01
2.398499999999999938e-02 4.306292149544948544e-01
2.446900000000000117e-02 4.234562181481236198e-01
2.496400000000000008e-02 4.162795367829171811e-01
2.546800000000000105e-02 4.091247798401300706e-01
2.598200000000000162e-02 4.020167375497324946e-01
2.650699999999999931e-02 3.949332777314428222e-01
2.704300000000000107e-02 3.878875422773393478e-01
2.758899999999999894e-02 3.809006433166547412e-01
2.814600000000000088e-02 3.739534208807951954e-01
2.871500000000000094e-02 3.670424403183023543e-01
2.929500000000000159e-02 3.602051512428871005e-01
2.988700000000000037e-02 3.533911852021009437e-01
3.048999999999999974e-02 3.466279519938056941e-01
3.110600000000000170e-02 3.399133175728920597e-01
3.173499999999999932e-02 3.332156611039794325e-01
3.237600000000000200e-02 3.265958316305680453e-01
3.302999999999999686e-02 3.199900049975012428e-01
3.369699999999999779e-02 3.134159803005859279e-01
3.437799999999999884e-02 3.068663953589055304e-01
3.507199999999999901e-02 3.003886582457380161e-01
3.578100000000000031e-02 2.939342045966651384e-01
3.650400000000000172e-02 2.875264465090607846e-01
3.724100000000000327e-02 2.811549295774647961e-01
3.799299999999999899e-02 2.748106968273746897e-01
3.876099999999999685e-02 2.685292102945494030e-01
3.954400000000000276e-02 2.623076923076923528e-01
4.034299999999999692e-02 2.561597454515787131e-01
4.115800000000000014e-02 2.501040929341716290e-01
4.198899999999999855e-02 2.441415793834582904e-01
4.283800000000000108e-02 2.382707084719678237e-01
4.370299999999999879e-02 2.324961864125748845e-01
4.458600000000000063e-02 2.268142320999898820e-01
4.548599999999999866e-02 2.212356853240831367e-01
4.640500000000000180e-02 2.157684116917460426e-01
4.734300000000000314e-02 2.103820904769280187e-01
4.829900000000000165e-02 2.050706889443945913e-01
4.927499999999999936e-02 1.998347352063343241e-01
5.027000000000000218e-02 1.946436631726766731e-01
5.128599999999999826e-02 1.894994330560191564e-01
5.232200000000000045e-02 1.844107447854665960e-01
5.337900000000000283e-02 1.793666014265260233e-01
5.445699999999999846e-02 1.743801652892562060e-01
5.555700000000000222e-02 1.694388100067613090e-01
5.668000000000000121e-02 1.645842191164570423e-01
5.782500000000000140e-02 1.598024897419848545e-01
5.899299999999999683e-02 1.551091801613722065e-01
6.018400000000000138e-02 1.505036341784467546e-01
6.140000000000000319e-02 1.459969514408071545e-01
6.264100000000000223e-02 1.415888125902566852e-01
6.390600000000000447e-02 1.372822247500448956e-01
6.519700000000000495e-02 1.330630192009250312e-01
6.651400000000000368e-02 1.289361240982134504e-01
6.785800000000000165e-02 1.249049819426264335e-01
6.922899999999999887e-02 1.209667819512587617e-01
7.062699999999999534e-02 1.171223872748783923e-01
7.205400000000000693e-02 1.133691997310020128e-01
7.351000000000000589e-02 1.097096579650211207e-01
7.499400000000000510e-02 1.061408630115174279e-01
7.650899999999999368e-02 1.026515013648771485e-01
7.805499999999999938e-02 9.923485175252705348e-02
7.963199999999999446e-02 9.588964181994191760e-02
8.124099999999999377e-02 9.261187306036640365e-02
8.288199999999999734e-02 8.940525071544110081e-02
8.455600000000000616e-02 8.628239595655447236e-02
8.626399999999999346e-02 8.324066010138227167e-02
8.800700000000000189e-02 8.028260516485301312e-02
8.978500000000000369e-02 7.739780537802966320e-02
9.159799999999999887e-02 7.457826795337761661e-02
9.344900000000000428e-02 7.181616976956126108e-02
9.533700000000000507e-02 6.911581905636923762e-02
9.726300000000000223e-02 6.649397927751329873e-02
9.922699999999999576e-02 6.396130228247016991e-02
1.012300000000000005e-01 6.153363228699551546e-02
1.032799999999999968e-01 5.921080981255194553e-02
1.053599999999999953e-01 5.696178525144609400e-02
1.074900000000000022e-01 5.477092439695645937e-02
1.096599999999999936e-01 5.261729865660776106e-02
1.118799999999999933e-01 5.049100664799379551e-02
1.141400000000000053e-01 4.841913533576189949e-02
1.164400000000000018e-01 4.642257658413764809e-02
1.188000000000000028e-01 4.450651106525297523e-02
1.212000000000000022e-01 4.267652066804333150e-02
1.236499999999999960e-01 4.091765488196830169e-02
1.261400000000000021e-01 3.922138730506363052e-02
1.286899999999999988e-01 3.757528837965471574e-02
1.312899999999999900e-01 3.597833877518515772e-02
1.339400000000000035e-01 3.442680921052631432e-02
1.366499999999999937e-01 3.292016538084480831e-02
1.394100000000000061e-01 3.146797942167819939e-02
1.422299999999999953e-01 3.008147016618062386e-02
1.451000000000000068e-01 2.876543807817116133e-02
1.480299999999999949e-01 2.750050740815912498e-02
1.510199999999999876e-01 2.627073585708209272e-02
1.540700000000000125e-01 2.506510126864010604e-02
1.571799999999999864e-01 2.390647690967179564e-02
1.603600000000000025e-01 2.281121585690113265e-02
1.635999999999999954e-01 2.177453680520781074e-02
1.668999999999999928e-01 2.077394784404854380e-02
1.702799999999999869e-01 1.979583720005302985e-02
1.737100000000000033e-01 1.884448364771339202e-02
1.772199999999999886e-01 1.793081935394426688e-02
1.807999999999999885e-01 1.706457094307561526e-02
1.844600000000000128e-01 1.624900412834069663e-02
1.881799999999999862e-01 1.547528799702712829e-02
1.919800000000000118e-01 1.472615855993871826e-02
1.958600000000000063e-01 1.399476356712154798e-02
1.998199999999999976e-01 1.329478813909308436e-02
2.038600000000000134e-01 1.263471502590673631e-02
2.079699999999999882e-01 1.200470843897138810e-02
2.121800000000000075e-01 1.139300646142151277e-02
2.164600000000000135e-01 1.081075697211155394e-02
2.208299999999999985e-01 1.026224594923667681e-02
2.253000000000000003e-01 9.743573090869730308e-03
2.298499999999999988e-01 9.242877468938705612e-03
2.344900000000000040e-01 8.755008024384893298e-03
2.392299999999999982e-01 8.288972481636625034e-03
2.440599999999999992e-01 7.855697498659124436e-03
2.489899999999999891e-01 7.446432155760738733e-03
2.540200000000000236e-01 7.049751824060753597e-03
2.591499999999999915e-01 6.671823085511359615e-03
2.643900000000000139e-01 6.314194733962714794e-03
2.697300000000000253e-01 5.970554560666999251e-03
2.751799999999999802e-01 5.643494309443248570e-03
2.807399999999999896e-01 5.337153711185873943e-03
2.864099999999999979e-01 5.048791548396849155e-03
2.921900000000000053e-01 4.768312477093041533e-03
2.980999999999999761e-01 4.499394684061218570e-03
3.041200000000000014e-01 4.250112007168458002e-03
3.102599999999999802e-01 4.012615984104631744e-03
3.165299999999999780e-01 3.787012987012987591e-03
3.229199999999999848e-01 3.572941762897731584e-03
3.294500000000000206e-01 3.368215794605134653e-03
3.361000000000000099e-01 3.174322732626619348e-03
3.428899999999999726e-01 2.995286928924993132e-03
3.498200000000000198e-01 2.822642442219750174e-03
3.568899999999999850e-01 2.657130360956031726e-03
3.640900000000000247e-01 2.502831499091783159e-03
3.714500000000000024e-01 2.356933052538240109e-03
3.789500000000000091e-01 2.219300264702497773e-03
3.866100000000000092e-01 2.088061801958259779e-03
3.944199999999999928e-01 1.963049725137431135e-03
4.023900000000000254e-01 1.848036017225629509e-03
4.105199999999999960e-01 1.737071608639367609e-03
4.188100000000000156e-01 1.632553017654790302e-03
4.272699999999999831e-01 1.534430473372781116e-03
4.359000000000000097e-01 1.442153052979877701e-03
4.447099999999999942e-01 1.354639753294084809e-03
4.536899999999999822e-01 1.271353427402521601e-03
4.628599999999999937e-01 1.194457757831902597e-03
4.722100000000000186e-01 1.120695145807742944e-03
4.817400000000000015e-01 1.051654560129136389e-03
4.914799999999999724e-01 9.865848225335380108e-04
5.014100000000000223e-01 9.257520251792993558e-04
5.115300000000000402e-01 8.676027544652464406e-04
5.218699999999999450e-01 8.138542719209611483e-04
5.324100000000000499e-01 7.624406541234394130e-04
5.431700000000000417e-01 7.143818849449204466e-04
5.541399999999999659e-01 6.695624401149792484e-04
5.653299999999999992e-01 6.268030929209439384e-04
5.767499999999999849e-01 5.872330063313156191e-04
5.884000000000000341e-01 5.496621867054123306e-04
6.002899999999999903e-01 5.143854324734446586e-04
6.124199999999999644e-01 4.813138917505348831e-04
6.247899999999999565e-01 4.503021273073421035e-04
6.374100000000000321e-01 4.212191958495460739e-04
6.502900000000000347e-01 3.939566395663956599e-04
6.634200000000000097e-01 3.683654209135523317e-04
6.768300000000000427e-01 3.443743220589685168e-04
6.905000000000000027e-01 3.218786386258488150e-04
7.044500000000000206e-01 3.008054789800137640e-04
7.186799999999999855e-01 2.810386160789654598e-04
7.331999999999999629e-01 2.625207355380651617e-04
7.480099999999999527e-01 2.451602587754900947e-04
7.631200000000000205e-01 2.289046627060669324e-04
7.785400000000000098e-01 2.136960146291614975e-04
7.942599999999999660e-01 1.994403745834446402e-04
8.103099999999999747e-01 1.861121731713772992e-04
8.266799999999999704e-01 1.736368530339152492e-04
8.433800000000000185e-01 1.619712644602834908e-04
8.604100000000000081e-01 1.510587086783814973e-04
8.778000000000000247e-01 1.408579428390300853e-04
8.955300000000000482e-01 1.313225485499502421e-04
9.136199999999999877e-01 1.224130950315229156e-04
9.320800000000000196e-01 1.140894233485331482e-04
9.509100000000000330e-01 1.063138778613058479e-04
9.701100000000000279e-01 9.904959773671646677e-05
9.897099999999999786e-01 9.226800546005599628e-05
1.009700000000000042e+00 8.593329942599723997e-05
1.030100000000000016e+00 8.002637117427795460e-05
1.050899999999999945e+00 7.450751340731694139e-05
1.072100000000000053e+00 6.936143004086624134e-05
1.093800000000000106e+00 6.455792017234854025e-05
1.115899999999999892e+00 6.007988291969022522e-05
1.138400000000000079e+00 5.590151369994251373e-05
1.161399999999999988e+00 5.200869710653954737e-05
1.184900000000000064e+00 4.837760179409909215e-05
1.208800000000000097e+00 4.499467714107411166e-05
1.233300000000000063e+00 4.184230769230769188e-05
1.258199999999999985e+00 3.890384460385266680e-05
1.283600000000000074e+00 3.616696930028292714e-05
1.309500000000000108e+00 3.361950701420542495e-05
1.336000000000000076e+00 3.124617382432056371e-05
1.362999999999999989e+00 2.903752673536846390e-05
1.390500000000000069e+00 2.698206460817282937e-05
1.418600000000000083e+00 2.506702985632644202e-05
1.447200000000000042e+00 2.328611422172452354e-05
1.476499999999999924e+00 2.162899911945993277e-05
1.506299999999999972e+00 2.008740075090786062e-05
1.536699999999999955e+00 1.865246853823813880e-05
1.567800000000000082e+00 1.731930157011370052e-05
1.599399999999999933e+00 1.607921073177656171e-05
1.631799999999999917e+00 1.492556200684829451e-05
1.664700000000000069e+00 1.385306058713304076e-05
1.698399999999999910e+00 1.285562198018180366e-05
1.732699999999999907e+00 1.192955326460481029e-05
1.767700000000000049e+00 1.106795241528478733e-05
1.803399999999999892e+00 1.026853252647503859e-05
1.839800000000000102e+00 9.525198412698412167e-06
1.877000000000000002e+00 8.834759436220931093e-06
1.914900000000000047e+00 8.193426471070136205e-06
1.953600000000000003e+00 7.597863340936965957e-06
1.993000000000000105e+00 7.044883130631444098e-06
2.033300000000000107e+00 6.531362052421596078e-06
2.074399999999999800e+00 6.054703029339270262e-06
2.116299999999999848e+00 5.612307349913759568e-06
2.158999999999999808e+00 5.201717114196855256e-06
2.202599999999999891e+00 4.820736062784530402e-06
2.247100000000000097e+00 4.467259941101687833e-06
2.292499999999999982e+00 4.139253552300336262e-06
2.338799999999999990e+00 3.835086661108055705e-06
2.386099999999999888e+00 3.552893839763053544e-06
2.434299999999999908e+00 3.291211048297177471e-06
2.483499999999999819e+00 3.048542492655970789e-06
2.533599999999999852e+00 2.823516720604099061e-06
2.584799999999999986e+00 2.615001133016088687e-06
2.637000000000000011e+00 2.421516125193383094e-06
2.690300000000000136e+00 2.242387119355967590e-06
2.744699999999999918e+00 2.076268515600377968e-06
2.800100000000000033e+00 1.922278935025520818e-06
2.856700000000000017e+00 1.779594202898550773e-06
2.914400000000000102e+00 1.647379480464110731e-06
2.973300000000000054e+00 1.524877611749272001e-06
3.033300000000000107e+00 1.411424536865816973e-06
3.094599999999999795e+00 1.306306306306306274e-06
3.157099999999999795e+00 1.208902583902583835e-06
3.220899999999999874e+00 1.118723420857555234e-06
3.286000000000000032e+00 1.035181236673774018e-06
3.352300000000000058e+00 9.578520944664714632e-07
3.420100000000000140e+00 8.861711283235947124e-07
3.489199999999999857e+00 8.198828738751607934e-07
3.559600000000000097e+00 7.584705470196686482e-07
3.631600000000000161e+00 7.016362392802652462e-07
3.704899999999999860e+00 6.489491150442478531e-07
3.779799999999999827e+00 6.002791184508926340e-07
3.856100000000000083e+00 5.551968696502812421e-07
3.934000000000000163e+00 5.134610439701722330e-07
4.013499999999999623e+00 4.748479113153981040e-07
4.094599999999999795e+00 4.391072570900561410e-07
4.177299999999999791e+00 4.060243665445848391e-07
4.261700000000000266e+00 3.754283917623014960e-07
4.347800000000000331e+00 3.471108539307266448e-07
4.435599999999999987e+00 3.209267953399408675e-07
4.525199999999999889e+00 2.966898317483540465e-07
4.616600000000000037e+00 2.742810426084447429e-07
4.709900000000000198e+00 2.535433548817869966e-07
4.804999999999999716e+00 2.343726721294030018e-07
4.902099999999999902e+00 2.166349490652636314e-07
5.001100000000000101e+00 2.002473061296590436e-07
5.102100000000000080e+00 1.850856109225165086e-07
5.205199999999999605e+00 1.710658376673314356e-07
5.310399999999999565e+00 1.581112772055899091e-07
5.417600000000000193e+00 1.461306474654045458e-07
5.527099999999999902e+00 1.350505602623667893e-07
5.638700000000000045e+00 1.248106726314107775e-07
5.752600000000000158e+00 1.153398678525193846e-07
5.868900000000000006e+00 1.065871653780144624e-07
5.987400000000000055e+00 9.849176054371102691e-08
6.108399999999999608e+00 9.100707440866956698e-08
6.231799999999999784e+00 8.408753403184556219e-08
6.357700000000000351e+00 7.768804949527840819e-08
6.486100000000000421e+00 7.177131889224019750e-08
6.617099999999999760e+00 6.630348509993507192e-08
6.750799999999999912e+00 6.124768969795173762e-08
6.887199999999999989e+00 5.657515991471215336e-08
7.026299999999999990e+00 5.225723183973513657e-08
7.168199999999999683e+00 4.827199149288119034e-08
7.312999999999999723e+00 4.458576937430029474e-08
7.460799999999999876e+00 4.118263375024556722e-08
7.611500000000000377e+00 3.803778268063981933e-08
7.765299999999999869e+00 3.513611615245009663e-08
7.922100000000000364e+00 3.245642868062987083e-08
8.082200000000000273e+00 2.998108423552139136e-08
8.245400000000000063e+00 2.769452449567723333e-08
8.412000000000000810e+00 2.558421851289833102e-08
8.581899999999999196e+00 2.363320172964842992e-08
8.755300000000000082e+00 2.183042122457060884e-08
8.932199999999999918e+00 2.016578041914294745e-08
9.112600000000000477e+00 1.862680502937462220e-08
9.296699999999999520e+00 1.720448762433495514e-08
9.484500000000000597e+00 1.589023573125418833e-08
9.676099999999999923e+00 1.467534967278326938e-08
9.871600000000000819e+00 1.355298729386320486e-08
1.007099999999999973e+01 1.251530684892496227e-08
1.027399999999999913e+01 1.155617219139043090e-08
1.048199999999999932e+01 1.067077506518132220e-08
1.069400000000000084e+01 9.852671882803396733e-09
1.091000000000000014e+01 9.096808137495616116e-09
1.113000000000000078e+01 8.399113082039911382e-09
1.135500000000000043e+01 7.754988805606929990e-09
1.158399999999999963e+01 7.160102564102564733e-09
1.181799999999999962e+01 6.610867356863422281e-09
1.205700000000000038e+01 6.103943427810104772e-09
1.230100000000000016e+01 5.635776767179831550e-09
1.254899999999999949e+01 5.203702298763371643e-09
1.280300000000000082e+01 4.804658351988060901e-09
1.306099999999999994e+01 4.436206363917206688e-09
1.332499999999999929e+01 4.096102051084736719e-09
1.359399999999999942e+01 3.781933310458841686e-09
1.386899999999999977e+01 3.491953909627365027e-09
1.414899999999999913e+01 3.224074009909566711e-09
1.443500000000000050e+01 2.976901305578380246e-09
1.472700000000000031e+01 2.748566149582355024e-09
1.502399999999999913e+01 2.537682835291015150e-09
1.532799999999999940e+01 2.343091760579945431e-09
1.563700000000000045e+01 2.163292908344980152e-09
1.595299999999999940e+01 1.997291132021671298e-09
1.627499999999999858e+01 1.844041982916259478e-09
1.660399999999999920e+01 1.702545685011091239e-09
1.694000000000000128e+01 1.571925721762855402e-09
1.728200000000000003e+01 1.451306134429116621e-09
1.763100000000000023e+01 1.339924495605891732e-09
1.798699999999999832e+01 1.237088512609702613e-09
1.835099999999999909e+01 1.142174062607499202e-09
1.872100000000000009e+01 1.054513800732654013e-09
1.909900000000000020e+01 9.735735046657487016e-10
1.948499999999999943e+01 8.988628115170578692e-10
1.987900000000000134e+01 8.298677552408895500e-10
2.028000000000000114e+01 7.661644695543000181e-10
2.069000000000000128e+01 7.073620502151402243e-10
2.110800000000000054e+01 6.530541012216405039e-10
2.153500000000000014e+01 6.029342167534310597e-10
2.196999999999999886e+01 5.566215616681454745e-10
2.241300000000000026e+01 5.138963621476195415e-10
2.286599999999999966e+01 4.744617852075750022e-10
2.332799999999999940e+01 4.380196473879383625e-10
2.379899999999999949e+01 4.043985452549234689e-10
2.428000000000000114e+01 3.733371933125859718e-10
2.477100000000000080e+01 3.446904343843041893e-10
2.527100000000000080e+01 3.182059747161607683e-10
2.578200000000000003e+01 2.937908774314108622e-10
2.630199999999999960e+01 2.712301765074814077e-10
2.683399999999999963e+01 2.503922124562895357e-10
2.737600000000000122e+01 2.311764705882352895e-10
2.792899999999999849e+01 2.134270117904435246e-10
2.849299999999999855e+01 1.970285384581243531e-10
2.906899999999999906e+01 1.818979947791681857e-10
2.965599999999999881e+01 1.679201709211712664e-10
3.025499999999999901e+01 1.550117916845822193e-10
3.086599999999999966e+01 1.430908391070053959e-10
3.148999999999999844e+01 1.320845299219679319e-10
3.212599999999999767e+01 1.219190450684826597e-10
3.277499999999999858e+01 1.125300737918005547e-10
3.343699999999999761e+01 1.038641746034450424e-10
3.411200000000000188e+01 9.586149863368329681e-11
3.480100000000000193e+01 8.847365026368706487e-11
3.550399999999999778e+01 8.165912639628458133e-11
3.622200000000000131e+01 7.536651316067429317e-11
3.695300000000000296e+01 6.956017744488285465e-11
3.770000000000000284e+01 6.420438505693046006e-11
3.846200000000000330e+01 5.926164999131061633e-11
3.923899999999999721e+01 5.470313891945711207e-11
4.003099999999999881e+01 5.049636368664104405e-11
4.084000000000000341e+01 4.661316211878009625e-11
4.166499999999999915e+01 4.303403665485907980e-11
4.250699999999999790e+01 3.972691807542262489e-11
4.336500000000000199e+01 3.667433002779397914e-11
4.424099999999999966e+01 3.385983339369793777e-11
4.513499999999999801e+01 3.125927058643626985e-11
4.604699999999999704e+01 2.885961018522254979e-11
4.697699999999999676e+01 2.664338047367524297e-11
4.792600000000000193e+01 2.459622302158273363e-11
4.889399999999999835e+01 2.270694892728308360e-11
4.988199999999999790e+01 2.096256952447762952e-11
5.089000000000000057e+01 1.935096535308119571e-11
5.191799999999999926e+01 1.786352468170649614e-11
5.296600000000000108e+01 1.649097983728334005e-11
5.403600000000000136e+01 1.522188336341569670e-11
5.512800000000000011e+01 1.405178078591142082e-11
5.624199999999999733e+01 1.297072290828361157e-11
5.737800000000000011e+01 1.197260474655728036e-11
5.853699999999999903e+01 1.105181747873163289e-11
5.971999999999999886e+01 1.020088192062714236e-11
6.092600000000000193e+01 9.415416451112260910e-12
6.215699999999999648e+01 8.691705362833471399e-12
6.341199999999999903e+01 8.022882415152388177e-12
6.469299999999999784e+01 7.405027309090170942e-12
6.600000000000000000e+01 6.835193344697090490e-12
6.733400000000000318e+01 6.309110051963636697e-12
6.869400000000000261e+01 5.823609583472813659e-12
7.008199999999999363e+01 5.375553956289534742e-12
7.149699999999999989e+01 4.962131313670062659e-12
7.294199999999999307e+01 4.580417118474601906e-12
7.441500000000000625e+01 4.228240823368434141e-12
7.591800000000000637e+01 3.903393025447691029e-12
7.745199999999999818e+01 3.603437691835481509e-12
7.901699999999999591e+01 3.326732673267326654e-12
8.061299999999999955e+01 3.071484100248028671e-12
8.224099999999999966e+01 2.835943457094257274e-12
8.390300000000000580e+01 2.618698498585324133e-12
8.559799999999999898e+01 2.418246471345360659e-12
8.732699999999999818e+01 2.233240384393795946e-12
8.909099999999999397e+01 2.062516736860043030e-12
9.089100000000000534e+01 1.904919887868734197e-12
9.272700000000000387e+01 1.759380518951229474e-12
9.459999999999999432e+01 1.624834950341581047e-12
9.651099999999999568e+01 1.500500379075056954e-12
9.846099999999999852e+01 1.385581544376802290e-12
1.004500000000000028e+02 1.279291783743525569e-12
1.024800000000000040e+02 1.180956468862896653e-12
1.045499999999999972e+02 1.089988283759779171e-12
1.066599999999999966e+02 1.005830670926517521e-12
1.088199999999999932e+02 9.279655652614253410e-13
1.110100000000000051e+02 8.560089186176142328e-13
1.132600000000000051e+02 7.895852968897266646e-13
1.155400000000000063e+02 7.282868525896414986e-13
1.178799999999999955e+02 6.717894736842105123e-13
1.202600000000000051e+02 6.196462342863498434e-13
1.226899999999999977e+02 5.716990005878895456e-13
1.251700000000000017e+02 5.275195725114948959e-13
1.277000000000000028e+02 4.868654363958757601e-13
1.302800000000000011e+02 4.495105866018744186e-13
1.329099999999999966e+02 4.150939242735544716e-13
1.355900000000000034e+02 3.834160719826249121e-13
1.383300000000000125e+02 3.542107421074210373e-13
1.411299999999999955e+02 3.272451456310680027e-13
1.439799999999999898e+02 3.023460410557184638e-13
1.468899999999999864e+02 2.793430869101831297e-13
1.498499999999999943e+02 2.580724471398131377e-13
1.528799999999999955e+02 2.383804685722951169e-13
1.559699999999999989e+02 2.201479716883890247e-13
1.591200000000000045e+02 2.032625676673973363e-13
1.623300000000000125e+02 1.876240603429508170e-13
1.656100000000000136e+02 1.731558348343061309e-13
1.689600000000000080e+02 1.597754321641865832e-13
1.723700000000000045e+02 1.474250227203877372e-13
1.758499999999999943e+02 1.360173021467478219e-13
1.794099999999999966e+02 1.254922560748297058e-13
1.830300000000000011e+02 1.157898510459051284e-13
1.867299999999999898e+02 1.068451590883234176e-13
1.905000000000000000e+02 9.860782347041122804e-14
1.943499999999999943e+02 9.102428049919347724e-14
1.982800000000000011e+02 8.403997305187513913e-14
2.022800000000000011e+02 7.760615925670697645e-14
2.063700000000000045e+02 7.167571917119291192e-14
2.105399999999999920e+02 6.620719018600814184e-14
2.147899999999999920e+02 6.116649769066126489e-14
2.191299999999999955e+02 5.651098327918690853e-14
2.235600000000000023e+02 5.221601842213179039e-14
2.280699999999999932e+02 4.824719551282051020e-14
2.326800000000000068e+02 4.458303886925794830e-14
