    0.10000E-03    0.28747E+00
    0.10202E-03    0.29316E+00
    0.10408E-03    0.29895E+00
    0.10618E-03    0.30486E+00
    0.10833E-03    0.31089E+00
    0.11052E-03    0.31704E+00
    0.11275E-03    0.32330E+00
    0.11503E-03    0.32969E+00
    0.11735E-03    0.33621E+00
    0.11972E-03    0.34286E+00
    0.12214E-03    0.34964E+00
    0.12461E-03    0.35655E+00
    0.12712E-03    0.36360E+00
    0.12969E-03    0.37078E+00
    0.13231E-03    0.37811E+00
    0.13499E-03    0.38559E+00
    0.13771E-03    0.39321E+00
    0.14049E-03    0.40098E+00
    0.14333E-03    0.40891E+00
    0.14623E-03    0.41699E+00
    0.14918E-03    0.42523E+00
    0.15220E-03    0.43364E+00
    0.15527E-03    0.44221E+00
    0.15841E-03    0.45095E+00
    0.16161E-03    0.45986E+00
    0.16487E-03    0.46895E+00
    0.16820E-03    0.47822E+00
    0.17160E-03    0.48767E+00
    0.17507E-03    0.49731E+00
    0.17860E-03    0.50714E+00
    0.18221E-03    0.51716E+00
    0.18589E-03    0.52738E+00
    0.18965E-03    0.53781E+00
    0.19348E-03    0.54843E+00
    0.19739E-03    0.55927E+00
    0.20138E-03    0.57032E+00
    0.20544E-03    0.58159E+00
    0.20959E-03    0.59309E+00
    0.21383E-03    0.60480E+00
    0.21815E-03    0.61676E+00
    0.22255E-03    0.62894E+00
    0.22705E-03    0.64137E+00
    0.23164E-03    0.65404E+00
    0.23632E-03    0.66696E+00
    0.24109E-03    0.68014E+00
    0.24596E-03    0.69357E+00
    0.25093E-03    0.70727E+00
    0.25600E-03    0.72125E+00
    0.26117E-03    0.73549E+00
    0.26645E-03    0.75002E+00
    0.27183E-03    0.76483E+00
    0.27732E-03    0.77994E+00
    0.28292E-03    0.79534E+00
    0.28864E-03    0.81105E+00
    0.29447E-03    0.82706E+00
    0.30042E-03    0.84340E+00
    0.30649E-03    0.86005E+00
    0.31268E-03    0.87703E+00
    0.31899E-03    0.89435E+00
    0.32544E-03    0.91200E+00
    0.33201E-03    0.93000E+00
    0.33872E-03    0.94836E+00
    0.34556E-03    0.96708E+00
    0.35254E-03    0.98617E+00
    0.35966E-03    0.10056E+01
    0.36693E-03    0.10255E+01
    0.37434E-03    0.10457E+01
    0.38190E-03    0.10663E+01
    0.38962E-03    0.10874E+01
    0.39749E-03    0.11088E+01
    0.40552E-03    0.11307E+01
    0.41371E-03    0.11530E+01
    0.42207E-03    0.11757E+01
    0.43060E-03    0.11989E+01
    0.43929E-03    0.12226E+01
    0.44817E-03    0.12467E+01
    0.45722E-03    0.12712E+01
    0.46646E-03    0.12963E+01
    0.47588E-03    0.13218E+01
    0.48550E-03    0.13479E+01
    0.49530E-03    0.13744E+01
    0.50531E-03    0.14015E+01
    0.51552E-03    0.14291E+01
    0.52593E-03    0.14572E+01
    0.53656E-03    0.14859E+01
    0.54739E-03    0.15152E+01
    0.55845E-03    0.15450E+01
    0.56973E-03    0.15754E+01
    0.58124E-03    0.16064E+01
    0.59299E-03    0.16380E+01
    0.60496E-03    0.16702E+01
    0.61719E-03    0.17031E+01
    0.62965E-03    0.17365E+01
    0.64237E-03    0.17707E+01
    0.65535E-03    0.18054E+01
    0.66859E-03    0.18409E+01
    0.68210E-03    0.18771E+01
    0.69588E-03    0.19139E+01
    0.70993E-03    0.19515E+01
    0.72427E-03    0.19897E+01
    0.73891E-03    0.20288E+01
    0.75383E-03    0.20686E+01
    0.76906E-03    0.21091E+01
    0.78460E-03    0.21504E+01
    0.80045E-03    0.21925E+01
    0.81662E-03    0.22355E+01
    0.83311E-03    0.22792E+01
    0.84994E-03    0.23238E+01
    0.86711E-03    0.23692E+01
    0.88463E-03    0.24155E+01
    0.90250E-03    0.24627E+01
    0.92073E-03    0.25108E+01
    0.93933E-03    0.25598E+01
    0.95831E-03    0.26098E+01
    0.97767E-03    0.26606E+01
    0.99742E-03    0.27125E+01
    0.10176E-02    0.27653E+01
    0.10381E-02    0.28191E+01
    0.10591E-02    0.28739E+01
    0.10805E-02    0.29298E+01
    0.11023E-02    0.29867E+01
    0.11246E-02    0.30446E+01
    0.11473E-02    0.31037E+01
    0.11705E-02    0.31638E+01
    0.11941E-02    0.32251E+01
    0.12182E-02    0.32875E+01
    0.12429E-02    0.33510E+01
    0.12680E-02    0.34157E+01
    0.12936E-02    0.34816E+01
    0.13197E-02    0.35487E+01
    0.13464E-02    0.36171E+01
    0.13736E-02    0.36866E+01
    0.14013E-02    0.37575E+01
    0.14296E-02    0.38296E+01
    0.14585E-02    0.39030E+01
    0.14880E-02    0.39777E+01
    0.15180E-02    0.40537E+01
    0.15487E-02    0.41311E+01
    0.15800E-02    0.42099E+01
    0.16119E-02    0.42901E+01
    0.16445E-02    0.43716E+01
    0.16777E-02    0.44546E+01
    0.17116E-02    0.45390E+01
    0.17462E-02    0.46249E+01
    0.17814E-02    0.47122E+01
    0.18174E-02    0.48011E+01
    0.18541E-02    0.48914E+01
    0.18916E-02    0.49833E+01
    0.19298E-02    0.50766E+01
    0.19688E-02    0.51716E+01
    0.20086E-02    0.52681E+01
    0.20491E-02    0.53662E+01
    0.20905E-02    0.54659E+01
    0.21328E-02    0.55672E+01
    0.21758E-02    0.56701E+01
    0.22198E-02    0.57746E+01
    0.22646E-02    0.58808E+01
    0.23104E-02    0.59886E+01
    0.23571E-02    0.60980E+01
    0.24047E-02    0.62092E+01
    0.24533E-02    0.63220E+01
    0.25028E-02    0.64365E+01
    0.25534E-02    0.65527E+01
    0.26050E-02    0.66705E+01
    0.26576E-02    0.67901E+01
    0.27113E-02    0.69113E+01
    0.27660E-02    0.70343E+01
    0.28219E-02    0.71589E+01
    0.28789E-02    0.72852E+01
    0.29371E-02    0.74132E+01
    0.29964E-02    0.75429E+01
    0.30569E-02    0.76742E+01
    0.31187E-02    0.78073E+01
    0.31817E-02    0.79419E+01
    0.32460E-02    0.80782E+01
    0.33115E-02    0.82161E+01
    0.33784E-02    0.83557E+01
    0.34467E-02    0.84968E+01
    0.35163E-02    0.86395E+01
    0.35874E-02    0.87837E+01
    0.36598E-02    0.89295E+01
    0.37338E-02    0.90768E+01
    0.38092E-02    0.92255E+01
    0.38861E-02    0.93757E+01
    0.39646E-02    0.95273E+01
    0.40447E-02    0.96803E+01
    0.41264E-02    0.98346E+01
    0.42098E-02    0.99903E+01
    0.42948E-02    0.10147E+02
    0.43816E-02    0.10305E+02
    0.44701E-02    0.10465E+02
    0.45604E-02    0.10625E+02
    0.46525E-02    0.10787E+02
    0.47465E-02    0.10949E+02
    0.48424E-02    0.11113E+02
    0.49402E-02    0.11277E+02
    0.50400E-02    0.11443E+02
    0.51419E-02    0.11609E+02
    0.52457E-02    0.11776E+02
    0.53517E-02    0.11943E+02
    0.54598E-02    0.12112E+02
    0.55701E-02    0.12280E+02
    0.56826E-02    0.12450E+02
    0.57974E-02    0.12620E+02
    0.59145E-02    0.12790E+02
    0.60340E-02    0.12960E+02
    0.61559E-02    0.13131E+02
    0.62803E-02    0.13301E+02
    0.64072E-02    0.13472E+02
    0.65366E-02    0.13643E+02
    0.66686E-02    0.13813E+02
    0.68033E-02    0.13984E+02
    0.69408E-02    0.14154E+02
    0.70810E-02    0.14323E+02
    0.72240E-02    0.14492E+02
    0.73700E-02    0.14660E+02
    0.75189E-02    0.14828E+02
    0.76708E-02    0.14994E+02
    0.78257E-02    0.15160E+02
    0.79838E-02    0.15324E+02
    0.81451E-02    0.15487E+02
    0.83096E-02    0.15649E+02
    0.84775E-02    0.15809E+02
    0.86488E-02    0.15967E+02
    0.88235E-02    0.16124E+02
    0.90017E-02    0.16278E+02
    0.91836E-02    0.16430E+02
    0.93691E-02    0.16580E+02
    0.95583E-02    0.16728E+02
    0.97514E-02    0.16872E+02
    0.99484E-02    0.17014E+02
    0.10149E-01    0.17152E+02
    0.10354E-01    0.17288E+02
    0.10564E-01    0.17419E+02
    0.10777E-01    0.17548E+02
    0.10995E-01    0.17672E+02
    0.11217E-01    0.17792E+02
    0.11443E-01    0.17908E+02
    0.11675E-01    0.18019E+02
    0.11910E-01    0.18126E+02
    0.12151E-01    0.18228E+02
    0.12397E-01    0.18325E+02
    0.12647E-01    0.18416E+02
    0.12902E-01    0.18502E+02
    0.13163E-01    0.18582E+02
    0.13429E-01    0.18656E+02
    0.13700E-01    0.18724E+02
    0.13977E-01    0.18786E+02
    0.14259E-01    0.18840E+02
    0.14547E-01    0.18888E+02
    0.14841E-01    0.18929E+02
    0.15141E-01    0.18963E+02
    0.15447E-01    0.18989E+02
    0.15759E-01    0.19007E+02
    0.16077E-01    0.19017E+02
    0.16402E-01    0.19020E+02
    0.16734E-01    0.19014E+02
    0.17072E-01    0.18999E+02
    0.17416E-01    0.18976E+02
    0.17768E-01    0.18944E+02
    0.18127E-01    0.18904E+02
    0.18493E-01    0.18854E+02
    0.18867E-01    0.18795E+02
    0.19248E-01    0.18727E+02
    0.19637E-01    0.18650E+02
    0.20034E-01    0.18564E+02
    0.20438E-01    0.18468E+02
    0.20851E-01    0.18363E+02
    0.21272E-01    0.18249E+02
    0.21702E-01    0.18125E+02
    0.22141E-01    0.17993E+02
    0.22588E-01    0.17851E+02
    0.23044E-01    0.17701E+02
    0.23510E-01    0.17542E+02
    0.23985E-01    0.17374E+02
    0.24469E-01    0.17198E+02
    0.24964E-01    0.17014E+02
    0.25468E-01    0.16823E+02
    0.25982E-01    0.16625E+02
    0.26507E-01    0.16419E+02
    0.27043E-01    0.16208E+02
    0.27589E-01    0.15990E+02
    0.28146E-01    0.15767E+02
    0.28715E-01    0.15539E+02
    0.29295E-01    0.15307E+02
    0.29887E-01    0.15070E+02
    0.30490E-01    0.14831E+02
    0.31106E-01    0.14590E+02
    0.31735E-01    0.14346E+02
    0.32376E-01    0.14101E+02
    0.33030E-01    0.13856E+02
    0.33697E-01    0.13612E+02
    0.34378E-01    0.13368E+02
    0.35072E-01    0.13126E+02
    0.35781E-01    0.12886E+02
    0.36504E-01    0.12649E+02
    0.37241E-01    0.12416E+02
    0.37993E-01    0.12188E+02
    0.38761E-01    0.11964E+02
    0.39544E-01    0.11746E+02
    0.40343E-01    0.11533E+02
    0.41158E-01    0.11327E+02
    0.41989E-01    0.11128E+02
    0.42838E-01    0.10937E+02
    0.43703E-01    0.10752E+02
    0.44586E-01    0.10575E+02
    0.45486E-01    0.10405E+02
    0.46405E-01    0.10243E+02
    0.47343E-01    0.10089E+02
    0.48299E-01    0.99414E+01
    0.49275E-01    0.98007E+01
    0.50270E-01    0.96662E+01
    0.51286E-01    0.95375E+01
    0.52322E-01    0.94138E+01
    0.53379E-01    0.92942E+01
    0.54457E-01    0.91779E+01
    0.55557E-01    0.90637E+01
    0.56680E-01    0.89507E+01
    0.57825E-01    0.88376E+01
    0.58993E-01    0.87232E+01
    0.60184E-01    0.86062E+01
    0.61400E-01    0.84855E+01
    0.62641E-01    0.83598E+01
    0.63906E-01    0.82279E+01
    0.65197E-01    0.80890E+01
    0.66514E-01    0.79422E+01
    0.67858E-01    0.77868E+01
    0.69229E-01    0.76224E+01
    0.70627E-01    0.74490E+01
    0.72054E-01    0.72669E+01
    0.73510E-01    0.70759E+01
    0.74994E-01    0.68774E+01
    0.76509E-01    0.66728E+01
    0.78055E-01    0.64634E+01
    0.79632E-01    0.62509E+01
    0.81241E-01    0.60373E+01
    0.82882E-01    0.58247E+01
    0.84556E-01    0.56153E+01
    0.86264E-01    0.54113E+01
    0.88007E-01    0.52148E+01
    0.89785E-01    0.50277E+01
    0.91598E-01    0.48519E+01
    0.93449E-01    0.46885E+01
    0.95337E-01    0.45386E+01
    0.97263E-01    0.44027E+01
    0.99227E-01    0.42810E+01
    0.10123E+00    0.41729E+01
    0.10328E+00    0.40775E+01
    0.10536E+00    0.39933E+01
    0.10749E+00    0.39184E+01
    0.10966E+00    0.38505E+01
    0.11188E+00    0.37870E+01
    0.11414E+00    0.37249E+01
    0.11644E+00    0.36613E+01
    0.11880E+00    0.35934E+01
    0.12120E+00    0.35189E+01
    0.12365E+00    0.34361E+01
    0.12614E+00    0.33439E+01
    0.12869E+00    0.32421E+01
    0.13129E+00    0.31313E+01
    0.13394E+00    0.30134E+01
    0.13665E+00    0.28908E+01
    0.13941E+00    0.27665E+01
    0.14223E+00    0.26440E+01
    0.14510E+00    0.25264E+01
    0.14803E+00    0.24166E+01
    0.15102E+00    0.23171E+01
    0.15407E+00    0.22293E+01
    0.15718E+00    0.21538E+01
    0.16036E+00    0.20900E+01
    0.16360E+00    0.20364E+01
    0.16690E+00    0.19905E+01
    0.17028E+00    0.19494E+01
    0.17371E+00    0.19097E+01
    0.17722E+00    0.18681E+01
    0.18080E+00    0.18218E+01
    0.18446E+00    0.17690E+01
    0.18818E+00    0.17093E+01
    0.19198E+00    0.16434E+01
    0.19586E+00    0.15732E+01
    0.19982E+00    0.15017E+01
    0.20386E+00    0.14320E+01
    0.20797E+00    0.13671E+01
    0.21218E+00    0.13092E+01
    0.21646E+00    0.12594E+01
    0.22083E+00    0.12175E+01
    0.22530E+00    0.11821E+01
    0.22985E+00    0.11508E+01
    0.23449E+00    0.11210E+01
    0.23923E+00    0.10900E+01
    0.24406E+00    0.10559E+01
    0.24899E+00    0.10180E+01
    0.25402E+00    0.97669E+00
    0.25915E+00    0.93383E+00
    0.26439E+00    0.89163E+00
    0.26973E+00    0.85222E+00
    0.27518E+00    0.81712E+00
    0.28074E+00    0.78672E+00
    0.28641E+00    0.76033E+00
    0.29219E+00    0.73645E+00
    0.29810E+00    0.71318E+00
    0.30412E+00    0.68900E+00
    0.31026E+00    0.66317E+00
    0.31653E+00    0.63596E+00
    0.32292E+00    0.60847E+00
    0.32945E+00    0.58207E+00
    0.33610E+00    0.55787E+00
    0.34289E+00    0.53624E+00
    0.34982E+00    0.51676E+00
    0.35689E+00    0.49847E+00
    0.36409E+00    0.48035E+00
    0.37145E+00    0.46179E+00
    0.37895E+00    0.44283E+00
    0.38661E+00    0.42406E+00
    0.39442E+00    0.40618E+00
    0.40239E+00    0.38966E+00
    0.41052E+00    0.37446E+00
    0.41881E+00    0.36013E+00
    0.42727E+00    0.34614E+00
    0.43590E+00    0.33219E+00
    0.44471E+00    0.31836E+00
    0.45369E+00    0.30497E+00
    0.46286E+00    0.29232E+00
    0.47221E+00    0.28046E+00
    0.48174E+00    0.26920E+00
    0.49148E+00    0.25829E+00
    0.50141E+00    0.24760E+00
    0.51153E+00    0.23719E+00
    0.52187E+00    0.22723E+00
    0.53241E+00    0.21776E+00
    0.54317E+00    0.20875E+00
    0.55414E+00    0.20008E+00
    0.56533E+00    0.19167E+00
    0.57675E+00    0.18355E+00
    0.58840E+00    0.17577E+00
    0.60029E+00    0.16832E+00
    0.61242E+00    0.16118E+00
    0.62479E+00    0.15433E+00
    0.63741E+00    0.14776E+00
    0.65029E+00    0.14146E+00
    0.66342E+00    0.13541E+00
    0.67683E+00    0.12961E+00
    0.69050E+00    0.12405E+00
    0.70445E+00    0.11870E+00
    0.71868E+00    0.11358E+00
    0.73320E+00    0.10866E+00
    0.74801E+00    0.10394E+00
    0.76312E+00    0.99418E-01
    0.77854E+00    0.95081E-01
    0.79426E+00    0.90925E-01
    0.81031E+00    0.86941E-01
    0.82668E+00    0.83124E-01
    0.84338E+00    0.79468E-01
    0.86041E+00    0.75966E-01
    0.87780E+00    0.72612E-01
    0.89553E+00    0.69400E-01
    0.91362E+00    0.66325E-01
    0.93208E+00    0.63380E-01
    0.95091E+00    0.60561E-01
    0.97011E+00    0.57862E-01
    0.98971E+00    0.55279E-01
    0.10097E+01    0.52806E-01
    0.10301E+01    0.50440E-01
    0.10509E+01    0.48175E-01
    0.10721E+01    0.46009E-01
    0.10938E+01    0.43936E-01
    0.11159E+01    0.41952E-01
    0.11384E+01    0.40055E-01
    0.11614E+01    0.38241E-01
    0.11849E+01    0.36506E-01
    0.12088E+01    0.34847E-01
    0.12333E+01    0.33260E-01
    0.12582E+01    0.31744E-01
    0.12836E+01    0.30294E-01
    0.13095E+01    0.28908E-01
    0.13360E+01    0.27584E-01
    0.13630E+01    0.26318E-01
    0.13905E+01    0.25108E-01
    0.14186E+01    0.23953E-01
    0.14472E+01    0.22848E-01
    0.14765E+01    0.21794E-01
    0.15063E+01    0.20786E-01
    0.15367E+01    0.19823E-01
    0.15678E+01    0.18904E-01
    0.15994E+01    0.18026E-01
    0.16318E+01    0.17188E-01
    0.16647E+01    0.16387E-01
    0.16984E+01    0.15623E-01
    0.17327E+01    0.14893E-01
    0.17677E+01    0.14197E-01
    0.18034E+01    0.13532E-01
    0.18398E+01    0.12898E-01
    0.18770E+01    0.12292E-01
    0.19149E+01    0.11714E-01
    0.19536E+01    0.11163E-01
    0.19930E+01    0.10636E-01
    0.20333E+01    0.10134E-01
    0.20744E+01    0.96554E-02
    0.21163E+01    0.91986E-02
    0.21590E+01    0.87628E-02
    0.22026E+01    0.83472E-02
    0.22471E+01    0.79508E-02
    0.22925E+01    0.75727E-02
    0.23388E+01    0.72122E-02
    0.23861E+01    0.68685E-02
    0.24343E+01    0.65408E-02
    0.24835E+01    0.62283E-02
    0.25336E+01    0.59305E-02
    0.25848E+01    0.56465E-02
    0.26370E+01    0.53759E-02
    0.26903E+01    0.51179E-02
    0.27447E+01    0.48721E-02
    0.28001E+01    0.46378E-02
    0.28567E+01    0.44145E-02
    0.29144E+01    0.42017E-02
    0.29733E+01    0.39990E-02
    0.30333E+01    0.38059E-02
    0.30946E+01    0.36219E-02
    0.31571E+01    0.34466E-02
    0.32209E+01    0.32796E-02
    0.32860E+01    0.31206E-02
    0.33523E+01    0.29691E-02
    0.34201E+01    0.28249E-02
    0.34892E+01    0.26875E-02
    0.35596E+01    0.25566E-02
    0.36316E+01    0.24320E-02
    0.37049E+01    0.23134E-02
    0.37798E+01    0.22005E-02
    0.38561E+01    0.20929E-02
    0.39340E+01    0.19905E-02
    0.40135E+01    0.18931E-02
    0.40946E+01    0.18003E-02
    0.41773E+01    0.17120E-02
    0.42617E+01    0.16280E-02
    0.43478E+01    0.15480E-02
    0.44356E+01    0.14718E-02
    0.45252E+01    0.13994E-02
    0.46166E+01    0.13305E-02
    0.47099E+01    0.12649E-02
    0.48050E+01    0.12024E-02
    0.49021E+01    0.11430E-02
    0.50011E+01    0.10865E-02
    0.51021E+01    0.10328E-02
    0.52052E+01    0.98165E-03
    0.53104E+01    0.93300E-03
    0.54176E+01    0.88673E-03
    0.55271E+01    0.84272E-03
    0.56387E+01    0.80086E-03
    0.57526E+01    0.76105E-03
    0.58689E+01    0.72318E-03
    0.59874E+01    0.68718E-03
    0.61084E+01    0.65294E-03
    0.62318E+01    0.62038E-03
    0.63577E+01    0.58942E-03
    0.64861E+01    0.55998E-03
    0.66171E+01    0.53200E-03
    0.67508E+01    0.50539E-03
    0.68872E+01    0.48009E-03
    0.70263E+01    0.45605E-03
    0.71682E+01    0.43319E-03
    0.73130E+01    0.41146E-03
    0.74608E+01    0.39081E-03
    0.76115E+01    0.37118E-03
    0.77653E+01    0.35252E-03
    0.79221E+01    0.33479E-03
    0.80822E+01    0.31794E-03
    0.82454E+01    0.30193E-03
    0.84120E+01    0.28671E-03
    0.85819E+01    0.27225E-03
    0.87553E+01    0.25851E-03
    0.89322E+01    0.24545E-03
    0.91126E+01    0.23305E-03
    0.92967E+01    0.22127E-03
    0.94845E+01    0.21007E-03
    0.96761E+01    0.19943E-03
    0.98716E+01    0.18933E-03
    0.10071E+02    0.17973E-03
    0.10274E+02    0.17061E-03
    0.10482E+02    0.16195E-03
    0.10694E+02    0.15373E-03
    0.10910E+02    0.14592E-03
    0.11130E+02    0.13850E-03
    0.11355E+02    0.13145E-03
    0.11584E+02    0.12476E-03
    0.11818E+02    0.11840E-03
    0.12057E+02    0.11237E-03
    0.12301E+02    0.10664E-03
    0.12549E+02    0.10119E-03
    0.12803E+02    0.96027E-04
    0.13061E+02    0.91121E-04
    0.13325E+02    0.86464E-04
    0.13594E+02    0.82041E-04
    0.13869E+02    0.77843E-04
    0.14149E+02    0.73857E-04
    0.14435E+02    0.70073E-04
    0.14727E+02    0.66481E-04
    0.15024E+02    0.63072E-04
    0.15328E+02    0.59835E-04
    0.15637E+02    0.56763E-04
    0.15953E+02    0.53847E-04
    0.16275E+02    0.51080E-04
    0.16604E+02    0.48453E-04
    0.16940E+02    0.45960E-04
    0.17282E+02    0.43594E-04
    0.17631E+02    0.41349E-04
    0.17987E+02    0.39218E-04
    0.18351E+02    0.37196E-04
    0.18721E+02    0.35278E-04
    0.19099E+02    0.33457E-04
    0.19485E+02    0.31730E-04
    0.19879E+02    0.30091E-04
    0.20280E+02    0.28535E-04
    0.20690E+02    0.27060E-04
    0.21108E+02    0.25660E-04
    0.21535E+02    0.24332E-04
    0.21970E+02    0.23072E-04
    0.22413E+02    0.21877E-04
    0.22866E+02    0.20743E-04
    0.23328E+02    0.19667E-04
    0.23799E+02    0.18647E-04
    0.24280E+02    0.17679E-04
    0.24771E+02    0.16761E-04
    0.25271E+02    0.15890E-04
    0.25782E+02    0.15064E-04
    0.26302E+02    0.14281E-04
    0.26834E+02    0.13538E-04
    0.27376E+02    0.12833E-04
    0.27929E+02    0.12165E-04
    0.28493E+02    0.11531E-04
    0.29069E+02    0.10930E-04
    0.29656E+02    0.10360E-04
    0.30255E+02    0.98197E-05
    0.30866E+02    0.93073E-05
    0.31490E+02    0.88213E-05
    0.32126E+02    0.83606E-05
    0.32775E+02    0.79237E-05
    0.33437E+02    0.75094E-05
    0.34112E+02    0.71167E-05
    0.34801E+02    0.67443E-05
    0.35504E+02    0.63913E-05
    0.36222E+02    0.60566E-05
    0.36953E+02    0.57393E-05
    0.37700E+02    0.54385E-05
    0.38462E+02    0.51533E-05
    0.39239E+02    0.48830E-05
    0.40031E+02    0.46267E-05
    0.40840E+02    0.43838E-05
    0.41665E+02    0.41536E-05
    0.42507E+02    0.39353E-05
    0.43365E+02    0.37284E-05
    0.44241E+02    0.35324E-05
    0.45135E+02    0.33465E-05
    0.46047E+02    0.31704E-05
    0.46977E+02    0.30034E-05
    0.47926E+02    0.28452E-05
    0.48894E+02    0.26953E-05
    0.49882E+02    0.25532E-05
    0.50890E+02    0.24185E-05
    0.51918E+02    0.22909E-05
    0.52966E+02    0.21700E-05
    0.54036E+02    0.20554E-05
    0.55128E+02    0.19468E-05
    0.56242E+02    0.18439E-05
    0.57378E+02    0.17464E-05
    0.58537E+02    0.16540E-05
    0.59720E+02    0.15665E-05
    0.60926E+02    0.14836E-05
    0.62157E+02    0.14050E-05
    0.63412E+02    0.13305E-05
    0.64693E+02    0.12600E-05
    0.66000E+02    0.11932E-05
    0.67334E+02    0.11299E-05
    0.68694E+02    0.10699E-05
    0.70082E+02    0.10131E-05
    0.71497E+02    0.95927E-06
    0.72942E+02    0.90829E-06
    0.74415E+02    0.85999E-06
    0.75918E+02    0.81424E-06
    0.77452E+02    0.77090E-06
    0.79017E+02    0.72986E-06
    0.80613E+02    0.69098E-06
    0.82241E+02    0.65415E-06
    0.83903E+02    0.61927E-06
    0.85598E+02    0.58624E-06
    0.87327E+02    0.55495E-06
    0.89091E+02    0.52531E-06
    0.90891E+02    0.49725E-06
    0.92727E+02    0.47067E-06
    0.94600E+02    0.44550E-06
    0.96511E+02    0.42167E-06
    0.98461E+02    0.39909E-06
    0.10045E+03    0.37772E-06
    0.10248E+03    0.35748E-06
    0.10455E+03    0.33831E-06
    0.10666E+03    0.32016E-06
    0.10882E+03    0.30298E-06
    0.11101E+03    0.28671E-06
    0.11326E+03    0.27130E-06
    0.11554E+03    0.25671E-06
    0.11788E+03    0.24290E-06
    0.12026E+03    0.22982E-06
    0.12269E+03    0.21744E-06
    0.12517E+03    0.20572E-06
    0.12770E+03    0.19463E-06
    0.13028E+03    0.18412E-06
    0.13291E+03    0.17418E-06
    0.13559E+03    0.16476E-06
    0.13833E+03    0.15585E-06
    0.14113E+03    0.14742E-06
    0.14398E+03    0.13944E-06
    0.14689E+03    0.13188E-06
    0.14985E+03    0.12473E-06
    0.15288E+03    0.11796E-06
    0.15597E+03    0.11155E-06
    0.15912E+03    0.10549E-06
    0.16233E+03    0.99755E-07
    0.16561E+03    0.94325E-07
    0.16896E+03    0.89185E-07
    0.17237E+03    0.84321E-07
    0.17585E+03    0.79717E-07
    0.17941E+03    0.75360E-07
    0.18303E+03    0.71236E-07
    0.18673E+03    0.67332E-07
    0.19050E+03    0.63638E-07
    0.19435E+03    0.60143E-07
    0.19828E+03    0.56836E-07
    0.20228E+03    0.53709E-07
    0.20637E+03    0.50751E-07
    0.21054E+03    0.47954E-07
    0.21479E+03    0.45311E-07
    0.21913E+03    0.42812E-07
    0.22356E+03    0.40450E-07
