    0.10000E-03    0.17269E+00
    0.10202E-03    0.17610E+00
    0.10408E-03    0.17958E+00
    0.10618E-03    0.18313E+00
    0.10833E-03    0.18675E+00
    0.11052E-03    0.19045E+00
    0.11275E-03    0.19421E+00
    0.11503E-03    0.19805E+00
    0.11735E-03    0.20197E+00
    0.11972E-03    0.20596E+00
    0.12214E-03    0.21003E+00
    0.12461E-03    0.21418E+00
    0.12712E-03    0.21842E+00
    0.12969E-03    0.22274E+00
    0.13231E-03    0.22714E+00
    0.13499E-03    0.23163E+00
    0.13771E-03    0.23621E+00
    0.14049E-03    0.24088E+00
    0.14333E-03    0.24564E+00
    0.14623E-03    0.25050E+00
    0.14918E-03    0.25545E+00
    0.15220E-03    0.26050E+00
    0.15527E-03    0.26565E+00
    0.15841E-03    0.27090E+00
    0.16161E-03    0.27626E+00
    0.16487E-03    0.28172E+00
    0.16820E-03    0.28729E+00
    0.17160E-03    0.29297E+00
    0.17507E-03    0.29876E+00
    0.17860E-03    0.30466E+00
    0.18221E-03    0.31068E+00
    0.18589E-03    0.31683E+00
    0.18965E-03    0.32309E+00
    0.19348E-03    0.32947E+00
    0.19739E-03    0.33599E+00
    0.20138E-03    0.34263E+00
    0.20544E-03    0.34940E+00
    0.20959E-03    0.35631E+00
    0.21383E-03    0.36335E+00
    0.21815E-03    0.37053E+00
    0.22255E-03    0.37785E+00
    0.22705E-03    0.38532E+00
    0.23164E-03    0.39294E+00
    0.23632E-03    0.40070E+00
    0.24109E-03    0.40862E+00
    0.24596E-03    0.41669E+00
    0.25093E-03    0.42493E+00
    0.25600E-03    0.43333E+00
    0.26117E-03    0.44189E+00
    0.26645E-03    0.45062E+00
    0.27183E-03    0.45953E+00
    0.27732E-03    0.46860E+00
    0.28292E-03    0.47786E+00
    0.28864E-03    0.48731E+00
    0.29447E-03    0.49693E+00
    0.30042E-03    0.50675E+00
    0.30649E-03    0.51676E+00
    0.31268E-03    0.52697E+00
    0.31899E-03    0.53738E+00
    0.32544E-03    0.54800E+00
    0.33201E-03    0.55882E+00
    0.33872E-03    0.56986E+00
    0.34556E-03    0.58111E+00
    0.35254E-03    0.59259E+00
    0.35966E-03    0.60429E+00
    0.36693E-03    0.61623E+00
    0.37434E-03    0.62840E+00
    0.38190E-03    0.64081E+00
    0.38962E-03    0.65346E+00
    0.39749E-03    0.66636E+00
    0.40552E-03    0.67952E+00
    0.41371E-03    0.69293E+00
    0.42207E-03    0.70661E+00
    0.43060E-03    0.72056E+00
    0.43929E-03    0.73478E+00
    0.44817E-03    0.74928E+00
    0.45722E-03    0.76407E+00
    0.46646E-03    0.77915E+00
    0.47588E-03    0.79452E+00
    0.48550E-03    0.81020E+00
    0.49530E-03    0.82618E+00
    0.50531E-03    0.84248E+00
    0.51552E-03    0.85910E+00
    0.52593E-03    0.87604E+00
    0.53656E-03    0.89332E+00
    0.54739E-03    0.91093E+00
    0.55845E-03    0.92889E+00
    0.56973E-03    0.94721E+00
    0.58124E-03    0.96588E+00
    0.59299E-03    0.98491E+00
    0.60496E-03    0.10043E+01
    0.61719E-03    0.10241E+01
    0.62965E-03    0.10443E+01
    0.64237E-03    0.10649E+01
    0.65535E-03    0.10858E+01
    0.66859E-03    0.11072E+01
    0.68210E-03    0.11290E+01
    0.69588E-03    0.11512E+01
    0.70993E-03    0.11739E+01
    0.72427E-03    0.11970E+01
    0.73891E-03    0.12205E+01
    0.75383E-03    0.12446E+01
    0.76906E-03    0.12690E+01
    0.78460E-03    0.12940E+01
    0.80045E-03    0.13194E+01
    0.81662E-03    0.13454E+01
    0.83311E-03    0.13718E+01
    0.84994E-03    0.13987E+01
    0.86711E-03    0.14262E+01
    0.88463E-03    0.14542E+01
    0.90250E-03    0.14827E+01
    0.92073E-03    0.15118E+01
    0.93933E-03    0.15415E+01
    0.95831E-03    0.15717E+01
    0.97767E-03    0.16025E+01
    0.99742E-03    0.16339E+01
    0.10176E-02    0.16659E+01
    0.10381E-02    0.16985E+01
    0.10591E-02    0.17318E+01
    0.10805E-02    0.17657E+01
    0.11023E-02    0.18002E+01
    0.11246E-02    0.18354E+01
    0.11473E-02    0.18712E+01
    0.11705E-02    0.19078E+01
    0.11941E-02    0.19450E+01
    0.12182E-02    0.19830E+01
    0.12429E-02    0.20216E+01
    0.12680E-02    0.20610E+01
    0.12936E-02    0.21012E+01
    0.13197E-02    0.21421E+01
    0.13464E-02    0.21837E+01
    0.13736E-02    0.22262E+01
    0.14013E-02    0.22694E+01
    0.14296E-02    0.23135E+01
    0.14585E-02    0.23583E+01
    0.14880E-02    0.24041E+01
    0.15180E-02    0.24506E+01
    0.15487E-02    0.24980E+01
    0.15800E-02    0.25463E+01
    0.16119E-02    0.25955E+01
    0.16445E-02    0.26456E+01
    0.16777E-02    0.26966E+01
    0.17116E-02    0.27485E+01
    0.17462E-02    0.28014E+01
    0.17814E-02    0.28553E+01
    0.18174E-02    0.29101E+01
    0.18541E-02    0.29659E+01
    0.18916E-02    0.30227E+01
    0.19298E-02    0.30805E+01
    0.19688E-02    0.31394E+01
    0.20086E-02    0.31993E+01
    0.20491E-02    0.32602E+01
    0.20905E-02    0.33222E+01
    0.21328E-02    0.33853E+01
    0.21758E-02    0.34495E+01
    0.22198E-02    0.35148E+01
    0.22646E-02    0.35813E+01
    0.23104E-02    0.36488E+01
    0.23571E-02    0.37175E+01
    0.24047E-02    0.37874E+01
    0.24533E-02    0.38585E+01
    0.25028E-02    0.39307E+01
    0.25534E-02    0.40042E+01
    0.26050E-02    0.40788E+01
    0.26576E-02    0.41547E+01
    0.27113E-02    0.42318E+01
    0.27660E-02    0.43101E+01
    0.28219E-02    0.43897E+01
    0.28789E-02    0.44706E+01
    0.29371E-02    0.45527E+01
    0.29964E-02    0.46361E+01
    0.30569E-02    0.47207E+01
    0.31187E-02    0.48067E+01
    0.31817E-02    0.48940E+01
    0.32460E-02    0.49825E+01
    0.33115E-02    0.50724E+01
    0.33784E-02    0.51636E+01
    0.34467E-02    0.52560E+01
    0.35163E-02    0.53498E+01
    0.35874E-02    0.54450E+01
    0.36598E-02    0.55414E+01
    0.37338E-02    0.56391E+01
    0.38092E-02    0.57382E+01
    0.38861E-02    0.58386E+01
    0.39646E-02    0.59402E+01
    0.40447E-02    0.60432E+01
    0.41264E-02    0.61475E+01
    0.42098E-02    0.62531E+01
    0.42948E-02    0.63599E+01
    0.43816E-02    0.64680E+01
    0.44701E-02    0.65774E+01
    0.45604E-02    0.66880E+01
    0.46525E-02    0.67999E+01
    0.47465E-02    0.69129E+01
    0.48424E-02    0.70272E+01
    0.49402E-02    0.71427E+01
    0.50400E-02    0.72593E+01
    0.51419E-02    0.73770E+01
    0.52457E-02    0.74959E+01
    0.53517E-02    0.76159E+01
    0.54598E-02    0.77370E+01
    0.55701E-02    0.78590E+01
    0.56826E-02    0.79822E+01
    0.57974E-02    0.81062E+01
    0.59145E-02    0.82313E+01
    0.60340E-02    0.83572E+01
    0.61559E-02    0.84841E+01
    0.62803E-02    0.86117E+01
    0.64072E-02    0.87402E+01
    0.65366E-02    0.88694E+01
    0.66686E-02    0.89993E+01
    0.68033E-02    0.91299E+01
    0.69408E-02    0.92611E+01
    0.70810E-02    0.93929E+01
    0.72240E-02    0.95251E+01
    0.73700E-02    0.96578E+01
    0.75189E-02    0.97908E+01
    0.76708E-02    0.99242E+01
    0.78257E-02    0.10058E+02
    0.79838E-02    0.10192E+02
    0.81451E-02    0.10325E+02
    0.83096E-02    0.10459E+02
    0.84775E-02    0.10593E+02
    0.86488E-02    0.10727E+02
    0.88235E-02    0.10860E+02
    0.90017E-02    0.10993E+02
    0.91836E-02    0.11126E+02
    0.93691E-02    0.11258E+02
    0.95583E-02    0.11389E+02
    0.97514E-02    0.11519E+02
    0.99484E-02    0.11649E+02
    0.10149E-01    0.11777E+02
    0.10354E-01    0.11905E+02
    0.10564E-01    0.12031E+02
    0.10777E-01    0.12155E+02
    0.10995E-01    0.12278E+02
    0.11217E-01    0.12399E+02
    0.11443E-01    0.12518E+02
    0.11675E-01    0.12635E+02
    0.11910E-01    0.12750E+02
    0.12151E-01    0.12863E+02
    0.12397E-01    0.12972E+02
    0.12647E-01    0.13080E+02
    0.12902E-01    0.13184E+02
    0.13163E-01    0.13285E+02
    0.13429E-01    0.13382E+02
    0.13700E-01    0.13476E+02
    0.13977E-01    0.13567E+02
    0.14259E-01    0.13653E+02
    0.14547E-01    0.13736E+02
    0.14841E-01    0.13813E+02
    0.15141E-01    0.13887E+02
    0.15447E-01    0.13956E+02
    0.15759E-01    0.14019E+02
    0.16077E-01    0.14078E+02
    0.16402E-01    0.14131E+02
    0.16734E-01    0.14178E+02
    0.17072E-01    0.14220E+02
    0.17416E-01    0.14255E+02
    0.17768E-01    0.14284E+02
    0.18127E-01    0.14307E+02
    0.18493E-01    0.14323E+02
    0.18867E-01    0.14333E+02
    0.19248E-01    0.14335E+02
    0.19637E-01    0.14330E+02
    0.20034E-01    0.14318E+02
    0.20438E-01    0.14298E+02
    0.20851E-01    0.14271E+02
    0.21272E-01    0.14236E+02
    0.21702E-01    0.14192E+02
    0.22141E-01    0.14141E+02
    0.22588E-01    0.14082E+02
    0.23044E-01    0.14015E+02
    0.23510E-01    0.13940E+02
    0.23985E-01    0.13856E+02
    0.24469E-01    0.13765E+02
    0.24964E-01    0.13665E+02
    0.25468E-01    0.13558E+02
    0.25982E-01    0.13442E+02
    0.26507E-01    0.13319E+02
    0.27043E-01    0.13188E+02
    0.27589E-01    0.13050E+02
    0.28146E-01    0.12904E+02
    0.28715E-01    0.12752E+02
    0.29295E-01    0.12593E+02
    0.29887E-01    0.12427E+02
    0.30490E-01    0.12256E+02
    0.31106E-01    0.12079E+02
    0.31735E-01    0.11897E+02
    0.32376E-01    0.11710E+02
    0.33030E-01    0.11519E+02
    0.33697E-01    0.11324E+02
    0.34378E-01    0.11126E+02
    0.35072E-01    0.10925E+02
    0.35781E-01    0.10722E+02
    0.36504E-01    0.10517E+02
    0.37241E-01    0.10311E+02
    0.37993E-01    0.10105E+02
    0.38761E-01    0.98988E+01
    0.39544E-01    0.96932E+01
    0.40343E-01    0.94888E+01
    0.41158E-01    0.92860E+01
    0.41989E-01    0.90854E+01
    0.42838E-01    0.88874E+01
    0.43703E-01    0.86925E+01
    0.44586E-01    0.85010E+01
    0.45486E-01    0.83133E+01
    0.46405E-01    0.81298E+01
    0.47343E-01    0.79505E+01
    0.48299E-01    0.77758E+01
    0.49275E-01    0.76056E+01
    0.50270E-01    0.74400E+01
    0.51286E-01    0.72791E+01
    0.52322E-01    0.71228E+01
    0.53379E-01    0.69708E+01
    0.54457E-01    0.68228E+01
    0.55557E-01    0.66787E+01
    0.56680E-01    0.65379E+01
    0.57825E-01    0.64000E+01
    0.58993E-01    0.62646E+01
    0.60184E-01    0.61310E+01
    0.61400E-01    0.59987E+01
    0.62641E-01    0.58670E+01
    0.63906E-01    0.57354E+01
    0.65197E-01    0.56032E+01
    0.66514E-01    0.54698E+01
    0.67858E-01    0.53347E+01
    0.69229E-01    0.51974E+01
    0.70627E-01    0.50576E+01
    0.72054E-01    0.49151E+01
    0.73510E-01    0.47696E+01
    0.74994E-01    0.46211E+01
    0.76509E-01    0.44700E+01
    0.78055E-01    0.43166E+01
    0.79632E-01    0.41613E+01
    0.81241E-01    0.40051E+01
    0.82882E-01    0.38486E+01
    0.84556E-01    0.36928E+01
    0.86264E-01    0.35389E+01
    0.88007E-01    0.33880E+01
    0.89785E-01    0.32412E+01
    0.91598E-01    0.30996E+01
    0.93449E-01    0.29643E+01
    0.95337E-01    0.28363E+01
    0.97263E-01    0.27162E+01
    0.99227E-01    0.26048E+01
    0.10123E+00    0.25023E+01
    0.10328E+00    0.24088E+01
    0.10536E+00    0.23244E+01
    0.10749E+00    0.22484E+01
    0.10966E+00    0.21803E+01
    0.11188E+00    0.21192E+01
    0.11414E+00    0.20638E+01
    0.11644E+00    0.20128E+01
    0.11880E+00    0.19648E+01
    0.12120E+00    0.19182E+01
    0.12365E+00    0.18714E+01
    0.12614E+00    0.18231E+01
    0.12869E+00    0.17720E+01
    0.13129E+00    0.17174E+01
    0.13394E+00    0.16587E+01
    0.13665E+00    0.15961E+01
    0.13941E+00    0.15299E+01
    0.14223E+00    0.14613E+01
    0.14510E+00    0.13914E+01
    0.14803E+00    0.13218E+01
    0.15102E+00    0.12543E+01
    0.15407E+00    0.11905E+01
    0.15718E+00    0.11316E+01
    0.16036E+00    0.10786E+01
    0.16360E+00    0.10321E+01
    0.16690E+00    0.99220E+00
    0.17028E+00    0.95839E+00
    0.17371E+00    0.92973E+00
    0.17722E+00    0.90488E+00
    0.18080E+00    0.88223E+00
    0.18446E+00    0.86013E+00
    0.18818E+00    0.83699E+00
    0.19198E+00    0.81154E+00
    0.19586E+00    0.78306E+00
    0.19982E+00    0.75149E+00
    0.20386E+00    0.71740E+00
    0.20797E+00    0.68192E+00
    0.21218E+00    0.64650E+00
    0.21646E+00    0.61269E+00
    0.22083E+00    0.58181E+00
    0.22530E+00    0.55472E+00
    0.22985E+00    0.53173E+00
    0.23449E+00    0.51254E+00
    0.23923E+00    0.49631E+00
    0.24406E+00    0.48179E+00
    0.24899E+00    0.46767E+00
    0.25402E+00    0.45276E+00
    0.25915E+00    0.43628E+00
    0.26439E+00    0.41809E+00
    0.26973E+00    0.39864E+00
    0.27518E+00    0.37885E+00
    0.28074E+00    0.35979E+00
    0.28641E+00    0.34241E+00
    0.29219E+00    0.32725E+00
    0.29810E+00    0.31431E+00
    0.30412E+00    0.30313E+00
    0.31026E+00    0.29288E+00
    0.31653E+00    0.28271E+00
    0.32292E+00    0.27200E+00
    0.32945E+00    0.26055E+00
    0.33610E+00    0.24862E+00
    0.34289E+00    0.23678E+00
    0.34982E+00    0.22567E+00
    0.35689E+00    0.21569E+00
    0.36409E+00    0.20689E+00
    0.37145E+00    0.19897E+00
    0.37895E+00    0.19143E+00
    0.38661E+00    0.18386E+00
    0.39442E+00    0.17606E+00
    0.40239E+00    0.16816E+00
    0.41052E+00    0.16045E+00
    0.41881E+00    0.15325E+00
    0.42727E+00    0.14669E+00
    0.43590E+00    0.14069E+00
    0.44471E+00    0.13500E+00
    0.45369E+00    0.12939E+00
    0.46286E+00    0.12378E+00
    0.47221E+00    0.11826E+00
    0.48174E+00    0.11299E+00
    0.49148E+00    0.10807E+00
    0.50141E+00    0.10348E+00
    0.51153E+00    0.99115E-01
    0.52187E+00    0.94863E-01
    0.53241E+00    0.90703E-01
    0.54317E+00    0.86683E-01
    0.55414E+00    0.82865E-01
    0.56533E+00    0.79263E-01
    0.57675E+00    0.75835E-01
    0.58840E+00    0.72530E-01
    0.60029E+00    0.69333E-01
    0.61242E+00    0.66263E-01
    0.62479E+00    0.63340E-01
    0.63741E+00    0.60559E-01
    0.65029E+00    0.57897E-01
    0.66342E+00    0.55344E-01
    0.67683E+00    0.52896E-01
    0.69050E+00    0.50551E-01
    0.70445E+00    0.48305E-01
    0.71868E+00    0.46154E-01
    0.73320E+00    0.44095E-01
    0.74801E+00    0.42125E-01
    0.76312E+00    0.40240E-01
    0.77854E+00    0.38438E-01
    0.79426E+00    0.36715E-01
    0.81031E+00    0.35068E-01
    0.82668E+00    0.33492E-01
    0.84338E+00    0.31986E-01
    0.86041E+00    0.30546E-01
    0.87780E+00    0.29169E-01
    0.89553E+00    0.27852E-01
    0.91362E+00    0.26593E-01
    0.93208E+00    0.25390E-01
    0.95091E+00    0.24239E-01
    0.97011E+00    0.23138E-01
    0.98971E+00    0.22086E-01
    0.10097E+01    0.21081E-01
    0.10301E+01    0.20120E-01
    0.10509E+01    0.19201E-01
    0.10721E+01    0.18324E-01
    0.10938E+01    0.17485E-01
    0.11159E+01    0.16684E-01
    0.11384E+01    0.15918E-01
    0.11614E+01    0.15187E-01
    0.11849E+01    0.14488E-01
    0.12088E+01    0.13821E-01
    0.12333E+01    0.13184E-01
    0.12582E+01    0.12575E-01
    0.12836E+01    0.11994E-01
    0.13095E+01    0.11439E-01
    0.13360E+01    0.10909E-01
    0.13630E+01    0.10403E-01
    0.13905E+01    0.99194E-02
    0.14186E+01    0.94582E-02
    0.14472E+01    0.90178E-02
    0.14765E+01    0.85975E-02
    0.15063E+01    0.81963E-02
    0.15367E+01    0.78133E-02
    0.15678E+01    0.74478E-02
    0.15994E+01    0.70990E-02
    0.16318E+01    0.67662E-02
    0.16647E+01    0.64486E-02
    0.16984E+01    0.61456E-02
    0.17327E+01    0.58565E-02
    0.17677E+01    0.55806E-02
    0.18034E+01    0.53175E-02
    0.18398E+01    0.50665E-02
    0.18770E+01    0.48271E-02
    0.19149E+01    0.45987E-02
    0.19536E+01    0.43810E-02
    0.19930E+01    0.41733E-02
    0.20333E+01    0.39752E-02
    0.20744E+01    0.37863E-02
    0.21163E+01    0.36063E-02
    0.21590E+01    0.34346E-02
    0.22026E+01    0.32709E-02
    0.22471E+01    0.31148E-02
    0.22925E+01    0.29661E-02
    0.23388E+01    0.28243E-02
    0.23861E+01    0.26891E-02
    0.24343E+01    0.25603E-02
    0.24835E+01    0.24375E-02
    0.25336E+01    0.23205E-02
    0.25848E+01    0.22090E-02
    0.26370E+01    0.21028E-02
    0.26903E+01    0.20015E-02
    0.27447E+01    0.19051E-02
    0.28001E+01    0.18132E-02
    0.28567E+01    0.17256E-02
    0.29144E+01    0.16422E-02
    0.29733E+01    0.15628E-02
    0.30333E+01    0.14871E-02
    0.30946E+01    0.14150E-02
    0.31571E+01    0.13464E-02
    0.32209E+01    0.12810E-02
    0.32860E+01    0.12187E-02
    0.33523E+01    0.11594E-02
    0.34201E+01    0.11030E-02
    0.34892E+01    0.10492E-02
    0.35596E+01    0.99804E-03
    0.36316E+01    0.94931E-03
    0.37049E+01    0.90293E-03
    0.37798E+01    0.85877E-03
    0.38561E+01    0.81674E-03
    0.39340E+01    0.77674E-03
    0.40135E+01    0.73866E-03
    0.40946E+01    0.70242E-03
    0.41773E+01    0.66793E-03
    0.42617E+01    0.63511E-03
    0.43478E+01    0.60387E-03
    0.44356E+01    0.57414E-03
    0.45252E+01    0.54586E-03
    0.46166E+01    0.51894E-03
    0.47099E+01    0.49333E-03
    0.48050E+01    0.46896E-03
    0.49021E+01    0.44577E-03
    0.50011E+01    0.42371E-03
    0.51021E+01    0.40273E-03
    0.52052E+01    0.38277E-03
    0.53104E+01    0.36378E-03
    0.54176E+01    0.34572E-03
    0.55271E+01    0.32854E-03
    0.56387E+01    0.31221E-03
    0.57526E+01    0.29667E-03
    0.58689E+01    0.28190E-03
    0.59874E+01    0.26785E-03
    0.61084E+01    0.25450E-03
    0.62318E+01    0.24180E-03
    0.63577E+01    0.22973E-03
    0.64861E+01    0.21825E-03
    0.66171E+01    0.20734E-03
    0.67508E+01    0.19696E-03
    0.68872E+01    0.18710E-03
    0.70263E+01    0.17773E-03
    0.71682E+01    0.16882E-03
    0.73130E+01    0.16036E-03
    0.74608E+01    0.15231E-03
    0.76115E+01    0.14466E-03
    0.77653E+01    0.13739E-03
    0.79221E+01    0.13048E-03
    0.80822E+01    0.12391E-03
    0.82454E+01    0.11767E-03
    0.84120E+01    0.11174E-03
    0.85819E+01    0.10611E-03
    0.87553E+01    0.10075E-03
    0.89322E+01    0.95662E-04
    0.91126E+01    0.90827E-04
    0.92967E+01    0.86233E-04
    0.94845E+01    0.81869E-04
    0.96761E+01    0.77723E-04
    0.98716E+01    0.73784E-04
    0.10071E+02    0.70043E-04
    0.10274E+02    0.66489E-04
    0.10482E+02    0.63113E-04
    0.10694E+02    0.59907E-04
    0.10910E+02    0.56863E-04
    0.11130E+02    0.53971E-04
    0.11355E+02    0.51225E-04
    0.11584E+02    0.48617E-04
    0.11818E+02    0.46140E-04
    0.12057E+02    0.43788E-04
    0.12301E+02    0.41555E-04
    0.12549E+02    0.39434E-04
    0.12803E+02    0.37420E-04
    0.13061E+02    0.35508E-04
    0.13325E+02    0.33693E-04
    0.13594E+02    0.31970E-04
    0.13869E+02    0.30333E-04
    0.14149E+02    0.28780E-04
    0.14435E+02    0.27306E-04
    0.14727E+02    0.25906E-04
    0.15024E+02    0.24577E-04
    0.15328E+02    0.23316E-04
    0.15637E+02    0.22119E-04
    0.15953E+02    0.20983E-04
    0.16275E+02    0.19905E-04
    0.16604E+02    0.18881E-04
    0.16940E+02    0.17910E-04
    0.17282E+02    0.16988E-04
    0.17631E+02    0.16113E-04
    0.17987E+02    0.15283E-04
    0.18351E+02    0.14495E-04
    0.18721E+02    0.13748E-04
    0.19099E+02    0.13038E-04
    0.19485E+02    0.12365E-04
    0.19879E+02    0.11727E-04
    0.20280E+02    0.11121E-04
    0.20690E+02    0.10546E-04
    0.21108E+02    0.10000E-04
    0.21535E+02    0.94825E-05
    0.21970E+02    0.89915E-05
    0.22413E+02    0.85256E-05
    0.22866E+02    0.80838E-05
    0.23328E+02    0.76646E-05
    0.23799E+02    0.72670E-05
    0.24280E+02    0.68898E-05
    0.24771E+02    0.65320E-05
    0.25271E+02    0.61927E-05
    0.25782E+02    0.58709E-05
    0.26302E+02    0.55656E-05
    0.26834E+02    0.52761E-05
    0.27376E+02    0.50015E-05
    0.27929E+02    0.47411E-05
    0.28493E+02    0.44942E-05
    0.29069E+02    0.42600E-05
    0.29656E+02    0.40379E-05
    0.30255E+02    0.38273E-05
    0.30866E+02    0.36276E-05
    0.31490E+02    0.34382E-05
    0.32126E+02    0.32587E-05
    0.32775E+02    0.30884E-05
    0.33437E+02    0.29270E-05
    0.34112E+02    0.27740E-05
    0.34801E+02    0.26289E-05
    0.35504E+02    0.24913E-05
    0.36222E+02    0.23609E-05
    0.36953E+02    0.22372E-05
    0.37700E+02    0.21200E-05
    0.38462E+02    0.20089E-05
    0.39239E+02    0.19035E-05
    0.40031E+02    0.18036E-05
    0.40840E+02    0.17090E-05
    0.41665E+02    0.16193E-05
    0.42507E+02    0.15342E-05
    0.43365E+02    0.14536E-05
    0.44241E+02    0.13772E-05
    0.45135E+02    0.13048E-05
    0.46047E+02    0.12361E-05
    0.46977E+02    0.11711E-05
    0.47926E+02    0.11094E-05
    0.48894E+02    0.10510E-05
    0.49882E+02    0.99558E-06
    0.50890E+02    0.94309E-06
    0.51918E+02    0.89336E-06
    0.52966E+02    0.84622E-06
    0.54036E+02    0.80156E-06
    0.55128E+02    0.75923E-06
    0.56242E+02    0.71913E-06
    0.57378E+02    0.68112E-06
    0.58537E+02    0.64511E-06
    0.59720E+02    0.61099E-06
    0.60926E+02    0.57866E-06
    0.62157E+02    0.54803E-06
    0.63412E+02    0.51901E-06
    0.64693E+02    0.49152E-06
    0.66000E+02    0.46547E-06
    0.67334E+02    0.44079E-06
    0.68694E+02    0.41741E-06
    0.70082E+02    0.39526E-06
    0.71497E+02    0.37428E-06
    0.72942E+02    0.35440E-06
    0.74415E+02    0.33557E-06
    0.75918E+02    0.31774E-06
    0.77452E+02    0.30084E-06
    0.79017E+02    0.28484E-06
    0.80613E+02    0.26968E-06
    0.82241E+02    0.25533E-06
    0.83903E+02    0.24173E-06
    0.85598E+02    0.22885E-06
    0.87327E+02    0.21665E-06
    0.89091E+02    0.20509E-06
    0.90891E+02    0.19415E-06
    0.92727E+02    0.18379E-06
    0.94600E+02    0.17397E-06
    0.96511E+02    0.16468E-06
    0.98461E+02    0.15588E-06
    0.10045E+03    0.14754E-06
    0.10248E+03    0.13965E-06
    0.10455E+03    0.13217E-06
    0.10666E+03    0.12509E-06
    0.10882E+03    0.11839E-06
    0.11101E+03    0.11204E-06
    0.11326E+03    0.10603E-06
    0.11554E+03    0.10034E-06
    0.11788E+03    0.94954E-07
    0.12026E+03    0.89853E-07
    0.12269E+03    0.85023E-07
    0.12517E+03    0.80450E-07
    0.12770E+03    0.76121E-07
    0.13028E+03    0.72023E-07
    0.13291E+03    0.68143E-07
    0.13559E+03    0.64471E-07
    0.13833E+03    0.60994E-07
    0.14113E+03    0.57703E-07
    0.14398E+03    0.54588E-07
    0.14689E+03    0.51640E-07
    0.14985E+03    0.48848E-07
    0.15288E+03    0.46206E-07
    0.15597E+03    0.43705E-07
    0.15912E+03    0.41337E-07
    0.16233E+03    0.39096E-07
    0.16561E+03    0.36974E-07
    0.16896E+03    0.34966E-07
    0.17237E+03    0.33065E-07
    0.17585E+03    0.31266E-07
    0.17941E+03    0.29563E-07
    0.18303E+03    0.27952E-07
    0.18673E+03    0.26427E-07
    0.19050E+03    0.24985E-07
    0.19435E+03    0.23621E-07
    0.19828E+03    0.22331E-07
    0.20228E+03    0.21112E-07
    0.20637E+03    0.19959E-07
