#           k/h    P           
    0.10000E-03    0.29143E+00
    0.10202E-03    0.29718E+00
    0.10408E-03    0.30305E+00
    0.10618E-03    0.30904E+00
    0.10833E-03    0.31514E+00
    0.11052E-03    0.32136E+00
    0.11275E-03    0.32771E+00
    0.11503E-03    0.33418E+00
    0.11735E-03    0.34078E+00
    0.11972E-03    0.34751E+00
    0.12214E-03    0.35437E+00
    0.12461E-03    0.36136E+00
    0.12712E-03    0.36850E+00
    0.12969E-03    0.37577E+00
    0.13231E-03    0.38319E+00
    0.13499E-03    0.39075E+00
    0.13771E-03    0.39846E+00
    0.14049E-03    0.40632E+00
    0.14333E-03    0.41434E+00
    0.14623E-03    0.42252E+00
    0.14918E-03    0.43085E+00
    0.15220E-03    0.43935E+00
    0.15527E-03    0.44802E+00
    0.15841E-03    0.45685E+00
    0.16161E-03    0.46586E+00
    0.16487E-03    0.47505E+00
    0.16820E-03    0.48441E+00
    0.17160E-03    0.49396E+00
    0.17507E-03    0.50370E+00
    0.17860E-03    0.51362E+00
    0.18221E-03    0.52374E+00
    0.18589E-03    0.53406E+00
    0.18965E-03    0.54458E+00
    0.19348E-03    0.55531E+00
    0.19739E-03    0.56625E+00
    0.20138E-03    0.57740E+00
    0.20544E-03    0.58876E+00
    0.20959E-03    0.60035E+00
    0.21383E-03    0.61217E+00
    0.21815E-03    0.62421E+00
    0.22255E-03    0.63649E+00
    0.22705E-03    0.64901E+00
    0.23164E-03    0.66177E+00
    0.23632E-03    0.67478E+00
    0.24109E-03    0.68805E+00
    0.24596E-03    0.70157E+00
    0.25093E-03    0.71535E+00
    0.25600E-03    0.72940E+00
    0.26117E-03    0.74372E+00
    0.26645E-03    0.75832E+00
    0.27183E-03    0.77320E+00
    0.27732E-03    0.78837E+00
    0.28292E-03    0.80383E+00
    0.28864E-03    0.81958E+00
    0.29447E-03    0.83565E+00
    0.30042E-03    0.85202E+00
    0.30649E-03    0.86870E+00
    0.31268E-03    0.88570E+00
    0.31899E-03    0.90303E+00
    0.32544E-03    0.92070E+00
    0.33201E-03    0.93869E+00
    0.33872E-03    0.95704E+00
    0.34556E-03    0.97573E+00
    0.35254E-03    0.99477E+00
    0.35966E-03    0.10142E+01
    0.36693E-03    0.10340E+01
    0.37434E-03    0.10541E+01
    0.38190E-03    0.10746E+01
    0.38962E-03    0.10956E+01
    0.39749E-03    0.11169E+01
    0.40552E-03    0.11386E+01
    0.41371E-03    0.11607E+01
    0.42207E-03    0.11832E+01
    0.43060E-03    0.12062E+01
    0.43929E-03    0.12296E+01
    0.44817E-03    0.12534E+01
    0.45722E-03    0.12776E+01
    0.46646E-03    0.13023E+01
    0.47588E-03    0.13275E+01
    0.48550E-03    0.13531E+01
    0.49530E-03    0.13792E+01
    0.50531E-03    0.14057E+01
    0.51552E-03    0.14328E+01
    0.52593E-03    0.14603E+01
    0.53656E-03    0.14883E+01
    0.54739E-03    0.15168E+01
    0.55845E-03    0.15459E+01
    0.56973E-03    0.15754E+01
    0.58124E-03    0.16055E+01
    0.59299E-03    0.16361E+01
    0.60496E-03    0.16672E+01
    0.61719E-03    0.16989E+01
    0.62965E-03    0.17311E+01
    0.64237E-03    0.17639E+01
    0.65535E-03    0.17973E+01
    0.66859E-03    0.18312E+01
    0.68210E-03    0.18657E+01
    0.69588E-03    0.19007E+01
    0.70993E-03    0.19364E+01
    0.72427E-03    0.19726E+01
    0.73891E-03    0.20095E+01
    0.75383E-03    0.20469E+01
    0.76906E-03    0.20849E+01
    0.78460E-03    0.21235E+01
    0.80045E-03    0.21628E+01
    0.81662E-03    0.22027E+01
    0.83311E-03    0.22431E+01
    0.84994E-03    0.22842E+01
    0.86711E-03    0.23259E+01
    0.88463E-03    0.23683E+01
    0.90250E-03    0.24112E+01
    0.92073E-03    0.24548E+01
    0.93933E-03    0.24990E+01
    0.95831E-03    0.25438E+01
    0.97767E-03    0.25892E+01
    0.99742E-03    0.26352E+01
    0.10176E-02    0.26818E+01
    0.10381E-02    0.27291E+01
    0.10591E-02    0.27769E+01
    0.10805E-02    0.28253E+01
    0.11023E-02    0.28743E+01
    0.11246E-02    0.29239E+01
    0.11473E-02    0.29740E+01
    0.11705E-02    0.30247E+01
    0.11941E-02    0.30759E+01
    0.12182E-02    0.31276E+01
    0.12429E-02    0.31798E+01
    0.12680E-02    0.32325E+01
    0.12936E-02    0.32857E+01
    0.13197E-02    0.33393E+01
    0.13464E-02    0.33933E+01
    0.13736E-02    0.34478E+01
    0.14013E-02    0.35025E+01
    0.14296E-02    0.35576E+01
    0.14585E-02    0.36130E+01
    0.14880E-02    0.36687E+01
    0.15180E-02    0.37246E+01
    0.15487E-02    0.37807E+01
    0.15800E-02    0.38369E+01
    0.16119E-02    0.38932E+01
    0.16445E-02    0.39496E+01
    0.16777E-02    0.40059E+01
    0.17116E-02    0.40622E+01
    0.17462E-02    0.41184E+01
    0.17814E-02    0.41744E+01
    0.18174E-02    0.42302E+01
    0.18541E-02    0.42857E+01
    0.18916E-02    0.43408E+01
    0.19298E-02    0.43954E+01
    0.19688E-02    0.44495E+01
    0.20086E-02    0.45031E+01
    0.20491E-02    0.45559E+01
    0.20905E-02    0.46079E+01
    0.21328E-02    0.46591E+01
    0.21758E-02    0.47093E+01
    0.22198E-02    0.47584E+01
    0.22646E-02    0.48064E+01
    0.23104E-02    0.48531E+01
    0.23571E-02    0.48985E+01
    0.24047E-02    0.49423E+01
    0.24533E-02    0.49846E+01
    0.25028E-02    0.50252E+01
    0.25534E-02    0.50640E+01
    0.26050E-02    0.51008E+01
    0.26576E-02    0.51356E+01
    0.27113E-02    0.51682E+01
    0.27660E-02    0.51985E+01
    0.28219E-02    0.52265E+01
    0.28789E-02    0.52519E+01
    0.29371E-02    0.52746E+01
    0.29964E-02    0.52947E+01
    0.30569E-02    0.53118E+01
    0.31187E-02    0.53260E+01
    0.31817E-02    0.53372E+01
    0.32460E-02    0.53452E+01
    0.33115E-02    0.53499E+01
    0.33784E-02    0.53513E+01
    0.34467E-02    0.53492E+01
    0.35163E-02    0.53437E+01
    0.35874E-02    0.53346E+01
    0.36598E-02    0.53219E+01
    0.37338E-02    0.53056E+01
    0.38092E-02    0.52857E+01
    0.38861E-02    0.52620E+01
    0.39646E-02    0.52347E+01
    0.40447E-02    0.52038E+01
    0.41264E-02    0.51692E+01
    0.42098E-02    0.51310E+01
    0.42948E-02    0.50893E+01
    0.43816E-02    0.50442E+01
    0.44701E-02    0.49956E+01
    0.45604E-02    0.49440E+01
    0.46525E-02    0.48899E+01
    0.47465E-02    0.48308E+01
    0.48424E-02    0.47686E+01
    0.49402E-02    0.47154E+01
    0.50400E-02    0.46653E+01
    0.51419E-02    0.46017E+01
    0.52457E-02    0.45308E+01
    0.53517E-02    0.44607E+01
    0.54598E-02    0.43894E+01
    0.55701E-02    0.43163E+01
    0.56826E-02    0.42421E+01
    0.57974E-02    0.41674E+01
    0.59145E-02    0.40920E+01
    0.60340E-02    0.40159E+01
    0.61559E-02    0.39402E+01
    0.62803E-02    0.38655E+01
    0.64072E-02    0.37880E+01
    0.65366E-02    0.37070E+01
    0.66686E-02    0.36296E+01
    0.68033E-02    0.35563E+01
    0.69408E-02    0.34835E+01
    0.70810E-02    0.34113E+01
    0.72240E-02    0.33405E+01
    0.73700E-02    0.32712E+01
    0.75189E-02    0.32029E+01
    0.76708E-02    0.31358E+01
    0.78257E-02    0.30712E+01
    0.79838E-02    0.30094E+01
    0.81451E-02    0.29479E+01
    0.83096E-02    0.28865E+01
    0.84775E-02    0.28265E+01
    0.86488E-02    0.27678E+01
    0.88235E-02    0.27098E+01
    0.90017E-02    0.26529E+01
    0.91836E-02    0.25965E+01
    0.93691E-02    0.25399E+01
    0.95583E-02    0.24838E+01
    0.97514E-02    0.24285E+01
    0.99484E-02    0.23734E+01
    0.10149E-01    0.23182E+01
    0.10354E-01    0.22629E+01
    0.10564E-01    0.22077E+01
    0.10777E-01    0.21526E+01
    0.10995E-01    0.20971E+01
    0.11217E-01    0.20413E+01
    0.11443E-01    0.19855E+01
    0.11675E-01    0.19296E+01
    0.11910E-01    0.18737E+01
    0.12151E-01    0.18179E+01
    0.12397E-01    0.17623E+01
    0.12647E-01    0.17071E+01
    0.12902E-01    0.16524E+01
    0.13163E-01    0.15983E+01
    0.13429E-01    0.15449E+01
    0.13700E-01    0.14923E+01
    0.13977E-01    0.14406E+01
    0.14259E-01    0.13897E+01
    0.14547E-01    0.13398E+01
    0.14841E-01    0.12909E+01
    0.15141E-01    0.12430E+01
    0.15447E-01    0.11961E+01
    0.15759E-01    0.11502E+01
    0.16077E-01    0.11052E+01
    0.16402E-01    0.10613E+01
    0.16734E-01    0.10184E+01
    0.17072E-01    0.97641E+00
    0.17416E-01    0.93538E+00
    0.17768E-01    0.89531E+00
    0.18127E-01    0.85617E+00
    0.18493E-01    0.81796E+00
    0.18867E-01    0.78065E+00
    0.19248E-01    0.74424E+00
    0.19637E-01    0.70871E+00
    0.20034E-01    0.67404E+00
    0.20438E-01    0.64027E+00
    0.20851E-01    0.60740E+00
    0.21272E-01    0.57551E+00
    0.21702E-01    0.54465E+00
    0.22141E-01    0.51494E+00
    0.22588E-01    0.48646E+00
    0.23044E-01    0.45931E+00
    0.23510E-01    0.43356E+00
    0.23985E-01    0.40923E+00
    0.24469E-01    0.38628E+00
    0.24964E-01    0.36461E+00
    0.25468E-01    0.34406E+00
    0.25982E-01    0.32444E+00
    0.26507E-01    0.30554E+00
    0.27043E-01    0.28719E+00
    0.27589E-01    0.26928E+00
    0.28146E-01    0.25180E+00
    0.28715E-01    0.23484E+00
    0.29295E-01    0.21858E+00
    0.29887E-01    0.20321E+00
    0.30490E-01    0.18891E+00
    0.31106E-01    0.17580E+00
    0.31735E-01    0.16387E+00
    0.32376E-01    0.15300E+00
    0.33030E-01    0.14297E+00
    0.33697E-01    0.13355E+00
    0.34378E-01    0.12452E+00
    0.35072E-01    0.11577E+00
    0.35781E-01    0.10731E+00
    0.36504E-01    0.99237E-01
    0.37241E-01    0.91680E-01
    0.37993E-01    0.84743E-01
    0.38761E-01    0.78450E-01
    0.39544E-01    0.72743E-01
    0.40343E-01    0.67512E-01
    0.41158E-01    0.62646E-01
    0.41989E-01    0.58072E-01
    0.42838E-01    0.53776E-01
    0.43703E-01    0.49774E-01
    0.44586E-01    0.46089E-01
    0.45486E-01    0.42722E-01
    0.46405E-01    0.39629E-01
    0.47343E-01    0.36743E-01
    0.48299E-01    0.34024E-01
    0.49275E-01    0.31486E-01
    0.50270E-01    0.29136E-01
    0.51286E-01    0.26944E-01
    0.52322E-01    0.24904E-01
    0.53379E-01    0.23024E-01
    0.54457E-01    0.21311E-01
    0.55557E-01    0.19749E-01
    0.56680E-01    0.18294E-01
    0.57825E-01    0.16901E-01
    0.58993E-01    0.15567E-01
    0.60184E-01    0.14330E-01
    0.61400E-01    0.13232E-01
    0.62641E-01    0.12267E-01
    0.63906E-01    0.11378E-01
    0.65197E-01    0.10510E-01
    0.66514E-01    0.96591E-02
    0.67858E-01    0.88588E-02
    0.69229E-01    0.81247E-02
    0.70627E-01    0.74343E-02
    0.72054E-01    0.67665E-02
    0.73510E-01    0.61351E-02
    0.74994E-01    0.55664E-02
    0.76509E-01    0.50583E-02
    0.78055E-01    0.45877E-02
    0.79632E-01    0.41434E-02
    0.81241E-01    0.37314E-02
    0.82882E-01    0.33594E-02
    0.84556E-01    0.30298E-02
    0.86264E-01    0.27347E-02
    0.88007E-01    0.24594E-02
    0.89785E-01    0.22044E-02
    0.91598E-01    0.19849E-02
    0.93449E-01    0.17967E-02
    0.95337E-01    0.16210E-02
    0.97263E-01    0.14611E-02
    0.99227E-01    0.13268E-02
    0.10123E+00    0.12073E-02
    0.10328E+00    0.10967E-02
    0.10536E+00    0.10029E-02
    0.10749E+00    0.92000E-03
    0.10966E+00    0.83994E-03
    0.11188E+00    0.76789E-03
    0.11414E+00    0.70509E-03
    0.11644E+00    0.64659E-03
    0.11880E+00    0.58907E-03
    0.12120E+00    0.53650E-03
    0.12365E+00    0.48956E-03
    0.12614E+00    0.44220E-03
    0.12869E+00    0.39936E-03
    0.13129E+00    0.35899E-03
    0.13394E+00    0.32049E-03
    0.13665E+00    0.28740E-03
    0.13941E+00    0.25487E-03
    0.14223E+00    0.22639E-03
    0.14510E+00    0.20184E-03
    0.14803E+00    0.17904E-03
    0.15102E+00    0.15945E-03
    0.15407E+00    0.14291E-03
    0.15718E+00    0.12797E-03
    0.16036E+00    0.11565E-03
    0.16360E+00    0.10426E-03
    0.16690E+00    0.95190E-04
    0.17028E+00    0.86030E-04
    0.17371E+00    0.78632E-04
    0.17722E+00    0.71228E-04
    0.18080E+00    0.64509E-04
    0.18446E+00    0.58186E-04
    0.18818E+00    0.52218E-04
    0.19198E+00    0.46437E-04
    0.19586E+00    0.41496E-04
    0.19982E+00    0.36506E-04
    0.20386E+00    0.32487E-04
    0.20797E+00    0.28676E-04
    0.21218E+00    0.25492E-04
    0.21646E+00    0.22734E-04
    0.22083E+00    0.20359E-04
    0.22530E+00    0.18391E-04
    0.22985E+00    0.16528E-04
    0.23449E+00    0.14967E-04
    0.23923E+00    0.13496E-04
    0.24406E+00    0.12079E-04
    0.24899E+00    0.10810E-04
    0.25402E+00    0.96294E-05
    0.25915E+00    0.84831E-05
    0.26439E+00    0.75517E-05
    0.26973E+00    0.66726E-05
    0.27518E+00    0.59286E-05
    0.28074E+00    0.52729E-05
    0.28641E+00    0.47263E-05
    0.29219E+00    0.42506E-05
    0.29810E+00    0.38134E-05
    0.30412E+00    0.34025E-05
    0.31026E+00    0.30220E-05
    0.31653E+00    0.26855E-05
    0.32292E+00    0.23899E-05
    0.32945E+00    0.21155E-05
    0.33610E+00    0.18670E-05
    0.34289E+00    0.16652E-05
    0.34982E+00    0.14861E-05
    0.35689E+00    0.13263E-05
    0.36409E+00    0.11878E-05
    0.37145E+00    0.10564E-05
    0.37895E+00    0.93027E-06
    0.38661E+00    0.82375E-06
    0.39442E+00    0.73356E-06
    0.40239E+00    0.65168E-06
    0.41052E+00    0.57749E-06
    0.41881E+00    0.51186E-06
    0.42727E+00    0.45482E-06
    0.43590E+00    0.40425E-06
    0.44471E+00    0.35923E-06
    0.45369E+00    0.31911E-06
    0.46286E+00    0.28239E-06
    0.47221E+00    0.25016E-06
    0.48174E+00    0.22167E-06
    0.49148E+00    0.19641E-06
    0.50141E+00    0.17368E-06
    0.51153E+00    0.15439E-06
    0.52187E+00    0.13678E-06
    0.53241E+00    0.12093E-06
    0.54317E+00    0.10665E-06
    0.55414E+00    0.94795E-07
    0.56533E+00    0.84038E-07
    0.57675E+00    0.74011E-07
    0.58840E+00    0.64431E-07
    0.60029E+00    0.56471E-07
    0.61242E+00    0.49773E-07
    0.62479E+00    0.44066E-07
    0.63741E+00    0.39146E-07
    0.65029E+00    0.34853E-07
    0.66342E+00    0.31066E-07
    0.67683E+00    0.27690E-07
    0.69050E+00    0.24653E-07
    0.70445E+00    0.21906E-07
    0.71868E+00    0.19428E-07
    0.73320E+00    0.17203E-07
    0.74801E+00    0.15212E-07
    0.76312E+00    0.13435E-07
    0.77854E+00    0.11856E-07
    0.79426E+00    0.10456E-07
    0.81031E+00    0.92174E-08
    0.82668E+00    0.81246E-08
    0.84338E+00    0.71621E-08
    0.86041E+00    0.63156E-08
    0.87780E+00    0.55707E-08
    0.89553E+00    0.49150E-08
    0.91362E+00    0.43373E-08
    0.93208E+00    0.38282E-08
    0.95091E+00    0.33793E-08
    0.97011E+00    0.29832E-08
    0.98971E+00    0.26337E-08
    0.10097E+01    0.23251E-08
    0.10301E+01    0.20526E-08
    0.10509E+01    0.18118E-08
    0.10721E+01    0.15991E-08
    0.10938E+01    0.14112E-08
    0.11159E+01    0.12451E-08
    0.11384E+01    0.10984E-08
    0.11614E+01    0.96867E-09
    0.11849E+01    0.85407E-09
    0.12088E+01    0.75281E-09
    0.12333E+01    0.66334E-09
    0.12582E+01    0.58429E-09
    0.12836E+01    0.51448E-09
    0.13095E+01    0.45287E-09
    0.13360E+01    0.39855E-09
    0.13630E+01    0.35069E-09
    0.13905E+01    0.30854E-09
    0.14186E+01    0.27146E-09
    0.14472E+01    0.23884E-09
    0.14765E+01    0.21017E-09
    0.15063E+01    0.18497E-09
    0.15367E+01    0.16284E-09
    0.15678E+01    0.14340E-09
    0.15994E+01    0.12631E-09
    0.16318E+01    0.11129E-09
    0.16647E+01    0.98064E-10
    0.16984E+01    0.86421E-10
    0.17327E+01    0.76164E-10
    0.17677E+01    0.67124E-10
    0.18034E+01    0.59154E-10
    0.18398E+01    0.52125E-10
    0.18770E+01    0.45923E-10
    0.19149E+01    0.40451E-10
    0.19536E+01    0.35623E-10
    0.19930E+01    0.31365E-10
    0.20333E+01    0.27609E-10
    0.20744E+01    0.24298E-10
    0.21163E+01    0.21379E-10
    0.21590E+01    0.18807E-10
    0.22026E+01    0.16540E-10
    0.22471E+01    0.14543E-10
    0.22925E+01    0.12784E-10
    0.23388E+01    0.11235E-10
    0.23861E+01    0.98715E-11
    0.24343E+01    0.86716E-11
    0.24835E+01    0.76159E-11
    0.25336E+01    0.66874E-11
    0.25848E+01    0.58709E-11
    0.26370E+01    0.51531E-11
    0.26903E+01    0.45223E-11
    0.27447E+01    0.39680E-11
    0.28001E+01    0.34810E-11
    0.28567E+01    0.30534E-11
    0.29144E+01    0.26781E-11
    0.29733E+01    0.23489E-11
    0.30333E+01    0.20603E-11
    0.30946E+01    0.18073E-11
    0.31571E+01    0.15858E-11
    0.32209E+01    0.13917E-11
    0.32860E+01    0.12218E-11
    0.33523E+01    0.10731E-11
    0.34201E+01    0.94294E-12
    0.34892E+01    0.82897E-12
    0.35596E+01    0.72907E-12
    0.36316E+01    0.64139E-12
    0.37049E+01    0.56434E-12
    0.37798E+01    0.49657E-12
    0.38561E+01    0.43690E-12
    0.39340E+01    0.38432E-12
    0.40135E+01    0.33796E-12
    0.40946E+01    0.29706E-12
    0.41773E+01    0.26096E-12
    0.42617E+01    0.22910E-12
    0.43478E+01    0.20102E-12
    0.44356E+01    0.17631E-12
    0.45252E+01    0.15460E-12
    0.46166E+01    0.13554E-12
    0.47099E+01    0.11882E-12
    0.48050E+01    0.10418E-12
    0.49021E+01    0.91369E-13
    0.50011E+01    0.80161E-13
    0.51021E+01    0.70362E-13
    0.52052E+01    0.61796E-13
    0.53104E+01    0.54297E-13
    0.54176E+01    0.47720E-13
    0.55271E+01    0.41944E-13
    0.56387E+01    0.36864E-13
    0.57526E+01    0.32392E-13
    0.58689E+01    0.28450E-13
    0.59874E+01    0.24974E-13
    0.61084E+01    0.21905E-13
    0.62318E+01    0.19196E-13
    0.63577E+01    0.16805E-13
    0.64861E+01    0.14700E-13
    0.66171E+01    0.12852E-13
    0.67508E+01    0.11233E-13
    0.68872E+01    0.98169E-14
    0.70263E+01    0.85815E-14
    0.71682E+01    0.75050E-14
    0.73130E+01    0.65684E-14
    0.74608E+01    0.57542E-14
    0.76115E+01    0.50471E-14
    0.77653E+01    0.44330E-14
    0.79221E+01    0.38978E-14
    0.80822E+01    0.34299E-14
    0.82454E+01    0.30195E-14
    0.84120E+01    0.26585E-14
    0.85819E+01    0.23402E-14
    0.87553E+01    0.20588E-14
    0.89322E+01    0.18096E-14
    0.91126E+01    0.15887E-14
    0.92967E+01    0.13926E-14
    0.94845E+01    0.12186E-14
    0.96761E+01    0.10646E-14
    0.98716E+01    0.92898E-15
    0.10071E+02    0.80981E-15
    0.10274E+02    0.70543E-15
    0.10482E+02    0.61424E-15
    0.10694E+02    0.53476E-15
    0.10910E+02    0.46563E-15
    0.11130E+02    0.40560E-15
    0.11355E+02    0.35355E-15
    0.11584E+02    0.30845E-15
    0.11818E+02    0.26934E-15
    0.12057E+02    0.23537E-15
    0.12301E+02    0.20582E-15
    0.12549E+02    0.18010E-15
    0.12803E+02    0.15767E-15
    0.13061E+02    0.13810E-15
    0.13325E+02    0.12100E-15
    0.13594E+02    0.10605E-15
    0.13869E+02    0.92968E-16
    0.14149E+02    0.81512E-16
    0.14435E+02    0.71485E-16
    0.14727E+02    0.62712E-16
    0.15024E+02    0.55038E-16
    0.15328E+02    0.48329E-16
    0.15637E+02    0.42463E-16
    0.15953E+02    0.37336E-16
    0.16275E+02    0.32854E-16
    0.16604E+02    0.28935E-16
    0.16940E+02    0.25510E-16
    0.17282E+02    0.22511E-16
    0.17631E+02    0.19878E-16
    0.17987E+02    0.17558E-16
    0.18351E+02    0.15507E-16
    0.18721E+02    0.13689E-16
    0.19099E+02    0.12074E-16
    0.19485E+02    0.10636E-16
    0.19879E+02    0.93543E-17
    0.20280E+02    0.82105E-17
    0.20690E+02    0.71894E-17
    0.21108E+02    0.62791E-17
    0.21535E+02    0.54721E-17
    0.21970E+02    0.47606E-17
    0.22413E+02    0.41365E-17
    0.22866E+02    0.35916E-17
    0.23328E+02    0.31177E-17
    0.23799E+02    0.27069E-17
    0.24280E+02    0.23519E-17
    0.24771E+02    0.20460E-17
    0.25271E+02    0.17828E-17
    0.25782E+02    0.15566E-17
    0.26302E+02    0.13615E-17
    0.26834E+02    0.11925E-17
    0.27376E+02    0.10455E-17
    0.27929E+02    0.91719E-18
    0.28493E+02    0.80488E-18
    0.29069E+02    0.70627E-18
    0.29656E+02    0.61947E-18
    0.30255E+02    0.54291E-18
    0.30866E+02    0.47525E-18
    0.31490E+02    0.41543E-18
    0.32126E+02    0.36264E-18
    0.32775E+02    0.31615E-18
    0.33437E+02    0.27529E-18
    0.34112E+02    0.23944E-18
    0.34801E+02    0.20806E-18
    0.35504E+02    0.18062E-18
    0.36222E+02    0.15667E-18
    0.36953E+02    0.13581E-18
    0.37700E+02    0.11764E-18
    0.38462E+02    0.10186E-18
    0.39239E+02    0.88164E-19
    0.40031E+02    0.76300E-19
    0.40840E+02    0.66037E-19
    0.41665E+02    0.57169E-19
    0.42507E+02    0.49515E-19
    0.43365E+02    0.42913E-19
    0.44241E+02    0.37222E-19
    0.45135E+02    0.32320E-19
    0.46047E+02    0.28098E-19
    0.46977E+02    0.24462E-19
    0.47926E+02    0.21331E-19
    0.48894E+02    0.18634E-19
    0.49882E+02    0.16311E-19
    0.50890E+02    0.14308E-19
    0.51918E+02    0.12581E-19
    0.52966E+02    0.11091E-19
    0.54036E+02    0.98048E-20
    0.55128E+02    0.86930E-20
    0.56242E+02    0.77315E-20
    0.57378E+02    0.68978E-20
    0.58537E+02    0.61687E-20
    0.59720E+02    0.55254E-20
    0.60926E+02    0.49529E-20
    0.62157E+02    0.44393E-20
    0.63412E+02    0.39752E-20
    0.64693E+02    0.35535E-20
    0.66000E+02    0.31682E-20
    0.67334E+02    0.28151E-20
    0.68694E+02    0.24908E-20
    0.70082E+02    0.21934E-20
    0.71497E+02    0.19237E-20
    0.72942E+02    0.16817E-20
    0.74415E+02    0.14666E-20
    0.75918E+02    0.12771E-20
    0.77452E+02    0.11113E-20
    0.79017E+02    0.96724E-21
    0.80613E+02    0.84269E-21
    0.82241E+02    0.73555E-21
    0.83903E+02    0.64379E-21
    0.85598E+02    0.56519E-21
    0.87327E+02    0.49708E-21
    0.89091E+02    0.43727E-21
    0.90891E+02    0.38413E-21
    0.92727E+02    0.33647E-21
    0.94600E+02    0.29340E-21
    0.96511E+02    0.25430E-21
    0.98461E+02    0.21873E-21
    0.10045E+03    0.18641E-21
    0.10248E+03    0.18553E-21
    0.10455E+03    0.18545E-21
    0.10666E+03    0.18537E-21
    0.10882E+03    0.18529E-21
    0.11101E+03    0.18522E-21
    0.11326E+03    0.18514E-21
    0.11554E+03    0.18506E-21
    0.11788E+03    0.18498E-21
    0.12026E+03    0.18491E-21
    0.12269E+03    0.18483E-21
    0.12517E+03    0.18475E-21
    0.12770E+03    0.18467E-21
    0.13028E+03    0.18459E-21
    0.13291E+03    0.18452E-21
    0.13559E+03    0.18444E-21
    0.13833E+03    0.18436E-21
    0.14113E+03    0.18429E-21
    0.14398E+03    0.18421E-21
    0.14689E+03    0.18413E-21
    0.14985E+03    0.18405E-21
    0.15288E+03    0.18398E-21
    0.15597E+03    0.18390E-21
    0.15912E+03    0.18382E-21
    0.16233E+03    0.18374E-21
    0.16561E+03    0.18367E-21
    0.16896E+03    0.18359E-21
    0.17237E+03    0.18351E-21
    0.17585E+03    0.18344E-21
    0.17941E+03    0.18336E-21
    0.18303E+03    0.18328E-21
    0.18673E+03    0.18320E-21
    0.19050E+03    0.18313E-21
    0.19435E+03    0.18305E-21
    0.19828E+03    0.18297E-21
    0.20228E+03    0.18290E-21
    0.20637E+03    0.18282E-21
    0.21054E+03    0.18274E-21
    0.21479E+03    0.18267E-21
    0.21913E+03    0.18259E-21
    0.22356E+03    0.18251E-21
