    0.10000E-03    0.28663E+00
    0.10202E-03    0.29230E+00
    0.10408E-03    0.29807E+00
    0.10618E-03    0.30397E+00
    0.10833E-03    0.30998E+00
    0.11052E-03    0.31610E+00
    0.11275E-03    0.32235E+00
    0.11503E-03    0.32873E+00
    0.11735E-03    0.33523E+00
    0.11972E-03    0.34185E+00
    0.12214E-03    0.34861E+00
    0.12461E-03    0.35550E+00
    0.12712E-03    0.36253E+00
    0.12969E-03    0.36970E+00
    0.13231E-03    0.37700E+00
    0.13499E-03    0.38446E+00
    0.13771E-03    0.39206E+00
    0.14049E-03    0.39981E+00
    0.14333E-03    0.40771E+00
    0.14623E-03    0.41577E+00
    0.14918E-03    0.42399E+00
    0.15220E-03    0.43237E+00
    0.15527E-03    0.44091E+00
    0.15841E-03    0.44963E+00
    0.16161E-03    0.45851E+00
    0.16487E-03    0.46758E+00
    0.16820E-03    0.47682E+00
    0.17160E-03    0.48624E+00
    0.17507E-03    0.49585E+00
    0.17860E-03    0.50565E+00
    0.18221E-03    0.51565E+00
    0.18589E-03    0.52584E+00
    0.18965E-03    0.53623E+00
    0.19348E-03    0.54683E+00
    0.19739E-03    0.55763E+00
    0.20138E-03    0.56865E+00
    0.20544E-03    0.57989E+00
    0.20959E-03    0.59135E+00
    0.21383E-03    0.60303E+00
    0.21815E-03    0.61495E+00
    0.22255E-03    0.62710E+00
    0.22705E-03    0.63949E+00
    0.23164E-03    0.65212E+00
    0.23632E-03    0.66500E+00
    0.24109E-03    0.67814E+00
    0.24596E-03    0.69154E+00
    0.25093E-03    0.70520E+00
    0.25600E-03    0.71913E+00
    0.26117E-03    0.73334E+00
    0.26645E-03    0.74782E+00
    0.27183E-03    0.76259E+00
    0.27732E-03    0.77765E+00
    0.28292E-03    0.79301E+00
    0.28864E-03    0.80867E+00
    0.29447E-03    0.82464E+00
    0.30042E-03    0.84092E+00
    0.30649E-03    0.85753E+00
    0.31268E-03    0.87446E+00
    0.31899E-03    0.89172E+00
    0.32544E-03    0.90933E+00
    0.33201E-03    0.92728E+00
    0.33872E-03    0.94558E+00
    0.34556E-03    0.96425E+00
    0.35254E-03    0.98328E+00
    0.35966E-03    0.10027E+01
    0.36693E-03    0.10225E+01
    0.37434E-03    0.10426E+01
    0.38190E-03    0.10632E+01
    0.38962E-03    0.10842E+01
    0.39749E-03    0.11056E+01
    0.40552E-03    0.11274E+01
    0.41371E-03    0.11496E+01
    0.42207E-03    0.11723E+01
    0.43060E-03    0.11954E+01
    0.43929E-03    0.12190E+01
    0.44817E-03    0.12430E+01
    0.45722E-03    0.12675E+01
    0.46646E-03    0.12925E+01
    0.47588E-03    0.13180E+01
    0.48550E-03    0.13439E+01
    0.49530E-03    0.13704E+01
    0.50531E-03    0.13974E+01
    0.51552E-03    0.14249E+01
    0.52593E-03    0.14530E+01
    0.53656E-03    0.14816E+01
    0.54739E-03    0.15108E+01
    0.55845E-03    0.15405E+01
    0.56973E-03    0.15708E+01
    0.58124E-03    0.16017E+01
    0.59299E-03    0.16332E+01
    0.60496E-03    0.16653E+01
    0.61719E-03    0.16981E+01
    0.62965E-03    0.17315E+01
    0.64237E-03    0.17655E+01
    0.65535E-03    0.18002E+01
    0.66859E-03    0.18355E+01
    0.68210E-03    0.18716E+01
    0.69588E-03    0.19083E+01
    0.70993E-03    0.19458E+01
    0.72427E-03    0.19840E+01
    0.73891E-03    0.20229E+01
    0.75383E-03    0.20625E+01
    0.76906E-03    0.21030E+01
    0.78460E-03    0.21442E+01
    0.80045E-03    0.21862E+01
    0.81662E-03    0.22290E+01
    0.83311E-03    0.22726E+01
    0.84994E-03    0.23171E+01
    0.86711E-03    0.23624E+01
    0.88463E-03    0.24086E+01
    0.90250E-03    0.24556E+01
    0.92073E-03    0.25036E+01
    0.93933E-03    0.25524E+01
    0.95831E-03    0.26022E+01
    0.97767E-03    0.26530E+01
    0.99742E-03    0.27047E+01
    0.10176E-02    0.27573E+01
    0.10381E-02    0.28110E+01
    0.10591E-02    0.28657E+01
    0.10805E-02    0.29214E+01
    0.11023E-02    0.29781E+01
    0.11246E-02    0.30359E+01
    0.11473E-02    0.30948E+01
    0.11705E-02    0.31548E+01
    0.11941E-02    0.32159E+01
    0.12182E-02    0.32781E+01
    0.12429E-02    0.33415E+01
    0.12680E-02    0.34060E+01
    0.12936E-02    0.34717E+01
    0.13197E-02    0.35386E+01
    0.13464E-02    0.36068E+01
    0.13736E-02    0.36762E+01
    0.14013E-02    0.37468E+01
    0.14296E-02    0.38187E+01
    0.14585E-02    0.38919E+01
    0.14880E-02    0.39665E+01
    0.15180E-02    0.40423E+01
    0.15487E-02    0.41195E+01
    0.15800E-02    0.41981E+01
    0.16119E-02    0.42780E+01
    0.16445E-02    0.43594E+01
    0.16777E-02    0.44422E+01
    0.17116E-02    0.45264E+01
    0.17462E-02    0.46120E+01
    0.17814E-02    0.46992E+01
    0.18174E-02    0.47878E+01
    0.18541E-02    0.48779E+01
    0.18916E-02    0.49695E+01
    0.19298E-02    0.50627E+01
    0.19688E-02    0.51574E+01
    0.20086E-02    0.52537E+01
    0.20491E-02    0.53515E+01
    0.20905E-02    0.54510E+01
    0.21328E-02    0.55520E+01
    0.21758E-02    0.56547E+01
    0.22198E-02    0.57590E+01
    0.22646E-02    0.58649E+01
    0.23104E-02    0.59725E+01
    0.23571E-02    0.60818E+01
    0.24047E-02    0.61927E+01
    0.24533E-02    0.63052E+01
    0.25028E-02    0.64195E+01
    0.25534E-02    0.65354E+01
    0.26050E-02    0.66530E+01
    0.26576E-02    0.67723E+01
    0.27113E-02    0.68933E+01
    0.27660E-02    0.70160E+01
    0.28219E-02    0.71404E+01
    0.28789E-02    0.72665E+01
    0.29371E-02    0.73942E+01
    0.29964E-02    0.75237E+01
    0.30569E-02    0.76548E+01
    0.31187E-02    0.77875E+01
    0.31817E-02    0.79219E+01
    0.32460E-02    0.80580E+01
    0.33115E-02    0.81957E+01
    0.33784E-02    0.83350E+01
    0.34467E-02    0.84758E+01
    0.35163E-02    0.86183E+01
    0.35874E-02    0.87623E+01
    0.36598E-02    0.89078E+01
    0.37338E-02    0.90549E+01
    0.38092E-02    0.92034E+01
    0.38861E-02    0.93533E+01
    0.39646E-02    0.95047E+01
    0.40447E-02    0.96575E+01
    0.41264E-02    0.98115E+01
    0.42098E-02    0.99669E+01
    0.42948E-02    0.10124E+02
    0.43816E-02    0.10281E+02
    0.44701E-02    0.10441E+02
    0.45604E-02    0.10601E+02
    0.46525E-02    0.10762E+02
    0.47465E-02    0.10924E+02
    0.48424E-02    0.11088E+02
    0.49402E-02    0.11252E+02
    0.50400E-02    0.11417E+02
    0.51419E-02    0.11583E+02
    0.52457E-02    0.11750E+02
    0.53517E-02    0.11917E+02
    0.54598E-02    0.12085E+02
    0.55701E-02    0.12254E+02
    0.56826E-02    0.12423E+02
    0.57974E-02    0.12592E+02
    0.59145E-02    0.12762E+02
    0.60340E-02    0.12932E+02
    0.61559E-02    0.13102E+02
    0.62803E-02    0.13273E+02
    0.64072E-02    0.13443E+02
    0.65366E-02    0.13613E+02
    0.66686E-02    0.13783E+02
    0.68033E-02    0.13953E+02
    0.69408E-02    0.14123E+02
    0.70810E-02    0.14292E+02
    0.72240E-02    0.14460E+02
    0.73700E-02    0.14628E+02
    0.75189E-02    0.14795E+02
    0.76708E-02    0.14961E+02
    0.78257E-02    0.15126E+02
    0.79838E-02    0.15290E+02
    0.81451E-02    0.15453E+02
    0.83096E-02    0.15614E+02
    0.84775E-02    0.15773E+02
    0.86488E-02    0.15931E+02
    0.88235E-02    0.16087E+02
    0.90017E-02    0.16241E+02
    0.91836E-02    0.16393E+02
    0.93691E-02    0.16542E+02
    0.95583E-02    0.16689E+02
    0.97514E-02    0.16833E+02
    0.99484E-02    0.16974E+02
    0.10149E-01    0.17112E+02
    0.10354E-01    0.17247E+02
    0.10564E-01    0.17378E+02
    0.10777E-01    0.17506E+02
    0.10995E-01    0.17629E+02
    0.11217E-01    0.17749E+02
    0.11443E-01    0.17865E+02
    0.11675E-01    0.17975E+02
    0.11910E-01    0.18082E+02
    0.12151E-01    0.18183E+02
    0.12397E-01    0.18279E+02
    0.12647E-01    0.18370E+02
    0.12902E-01    0.18456E+02
    0.13163E-01    0.18535E+02
    0.13429E-01    0.18609E+02
    0.13700E-01    0.18677E+02
    0.13977E-01    0.18738E+02
    0.14259E-01    0.18792E+02
    0.14547E-01    0.18839E+02
    0.14841E-01    0.18880E+02
    0.15141E-01    0.18913E+02
    0.15447E-01    0.18939E+02
    0.15759E-01    0.18957E+02
    0.16077E-01    0.18967E+02
    0.16402E-01    0.18969E+02
    0.16734E-01    0.18963E+02
    0.17072E-01    0.18948E+02
    0.17416E-01    0.18925E+02
    0.17768E-01    0.18893E+02
    0.18127E-01    0.18852E+02
    0.18493E-01    0.18802E+02
    0.18867E-01    0.18744E+02
    0.19248E-01    0.18676E+02
    0.19637E-01    0.18599E+02
    0.20034E-01    0.18512E+02
    0.20438E-01    0.18416E+02
    0.20851E-01    0.18311E+02
    0.21272E-01    0.18197E+02
    0.21702E-01    0.18074E+02
    0.22141E-01    0.17941E+02
    0.22588E-01    0.17800E+02
    0.23044E-01    0.17650E+02
    0.23510E-01    0.17491E+02
    0.23985E-01    0.17324E+02
    0.24469E-01    0.17148E+02
    0.24964E-01    0.16965E+02
    0.25468E-01    0.16774E+02
    0.25982E-01    0.16576E+02
    0.26507E-01    0.16371E+02
    0.27043E-01    0.16160E+02
    0.27589E-01    0.15943E+02
    0.28146E-01    0.15720E+02
    0.28715E-01    0.15493E+02
    0.29295E-01    0.15261E+02
    0.29887E-01    0.15025E+02
    0.30490E-01    0.14787E+02
    0.31106E-01    0.14546E+02
    0.31735E-01    0.14303E+02
    0.32376E-01    0.14059E+02
    0.33030E-01    0.13814E+02
    0.33697E-01    0.13570E+02
    0.34378E-01    0.13327E+02
    0.35072E-01    0.13085E+02
    0.35781E-01    0.12846E+02
    0.36504E-01    0.12610E+02
    0.37241E-01    0.12378E+02
    0.37993E-01    0.12150E+02
    0.38761E-01    0.11927E+02
    0.39544E-01    0.11709E+02
    0.40343E-01    0.11497E+02
    0.41158E-01    0.11292E+02
    0.41989E-01    0.11093E+02
    0.42838E-01    0.10902E+02
    0.43703E-01    0.10718E+02
    0.44586E-01    0.10541E+02
    0.45486E-01    0.10372E+02
    0.46405E-01    0.10211E+02
    0.47343E-01    0.10057E+02
    0.48299E-01    0.99096E+01
    0.49275E-01    0.97693E+01
    0.50270E-01    0.96352E+01
    0.51286E-01    0.95069E+01
    0.52322E-01    0.93835E+01
    0.53379E-01    0.92642E+01
    0.54457E-01    0.91482E+01
    0.55557E-01    0.90344E+01
    0.56680E-01    0.89217E+01
    0.57825E-01    0.88089E+01
    0.58993E-01    0.86949E+01
    0.60184E-01    0.85783E+01
    0.61400E-01    0.84579E+01
    0.62641E-01    0.83325E+01
    0.63906E-01    0.82011E+01
    0.65197E-01    0.80627E+01
    0.66514E-01    0.79163E+01
    0.67858E-01    0.77614E+01
    0.69229E-01    0.75976E+01
    0.70627E-01    0.74248E+01
    0.72054E-01    0.72432E+01
    0.73510E-01    0.70528E+01
    0.74994E-01    0.68549E+01
    0.76509E-01    0.66511E+01
    0.78055E-01    0.64423E+01
    0.79632E-01    0.62305E+01
    0.81241E-01    0.60176E+01
    0.82882E-01    0.58057E+01
    0.84556E-01    0.55969E+01
    0.86264E-01    0.53936E+01
    0.88007E-01    0.51977E+01
    0.89785E-01    0.50113E+01
    0.91598E-01    0.48359E+01
    0.93449E-01    0.46730E+01
    0.95337E-01    0.45236E+01
    0.97263E-01    0.43882E+01
    0.99227E-01    0.42668E+01
    0.10123E+00    0.41590E+01
    0.10328E+00    0.40639E+01
    0.10536E+00    0.39800E+01
    0.10749E+00    0.39053E+01
    0.10966E+00    0.38377E+01
    0.11188E+00    0.37743E+01
    0.11414E+00    0.37124E+01
    0.11644E+00    0.36490E+01
    0.11880E+00    0.35814E+01
    0.12120E+00    0.35072E+01
    0.12365E+00    0.34247E+01
    0.12614E+00    0.33328E+01
    0.12869E+00    0.32313E+01
    0.13129E+00    0.31210E+01
    0.13394E+00    0.30034E+01
    0.13665E+00    0.28812E+01
    0.13941E+00    0.27574E+01
    0.14223E+00    0.26352E+01
    0.14510E+00    0.25180E+01
    0.14803E+00    0.24086E+01
    0.15102E+00    0.23094E+01
    0.15407E+00    0.22219E+01
    0.15718E+00    0.21466E+01
    0.16036E+00    0.20830E+01
    0.16360E+00    0.20295E+01
    0.16690E+00    0.19838E+01
    0.17028E+00    0.19428E+01
    0.17371E+00    0.19033E+01
    0.17722E+00    0.18618E+01
    0.18080E+00    0.18157E+01
    0.18446E+00    0.17631E+01
    0.18818E+00    0.17036E+01
    0.19198E+00    0.16379E+01
    0.19586E+00    0.15680E+01
    0.19982E+00    0.14967E+01
    0.20386E+00    0.14272E+01
    0.20797E+00    0.13626E+01
    0.21218E+00    0.13049E+01
    0.21646E+00    0.12552E+01
    0.22083E+00    0.12134E+01
    0.22530E+00    0.11781E+01
    0.22985E+00    0.11470E+01
    0.23449E+00    0.11173E+01
    0.23923E+00    0.10864E+01
    0.24406E+00    0.10524E+01
    0.24899E+00    0.10146E+01
    0.25402E+00    0.97345E+00
    0.25915E+00    0.93073E+00
    0.26439E+00    0.88865E+00
    0.26973E+00    0.84937E+00
    0.27518E+00    0.81438E+00
    0.28074E+00    0.78409E+00
    0.28641E+00    0.75779E+00
    0.29219E+00    0.73397E+00
    0.29810E+00    0.71078E+00
    0.30412E+00    0.68669E+00
    0.31026E+00    0.66096E+00
    0.31653E+00    0.63384E+00
    0.32292E+00    0.60644E+00
    0.32945E+00    0.58013E+00
    0.33610E+00    0.55601E+00
    0.34289E+00    0.53444E+00
    0.34982E+00    0.51502E+00
    0.35689E+00    0.49680E+00
    0.36409E+00    0.47874E+00
    0.37145E+00    0.46025E+00
    0.37895E+00    0.44135E+00
    0.38661E+00    0.42264E+00
    0.39442E+00    0.40482E+00
    0.40239E+00    0.38836E+00
    0.41052E+00    0.37321E+00
    0.41881E+00    0.35892E+00
    0.42727E+00    0.34498E+00
    0.43590E+00    0.33108E+00
    0.44471E+00    0.31729E+00
    0.45369E+00    0.30395E+00
    0.46286E+00    0.29134E+00
    0.47221E+00    0.27952E+00
    0.48174E+00    0.26830E+00
    0.49148E+00    0.25742E+00
    0.50141E+00    0.24677E+00
    0.51153E+00    0.23640E+00
    0.52187E+00    0.22647E+00
    0.53241E+00    0.21703E+00
    0.54317E+00    0.20805E+00
    0.55414E+00    0.19941E+00
    0.56533E+00    0.19103E+00
    0.57675E+00    0.18294E+00
    0.58840E+00    0.17519E+00
    0.60029E+00    0.16776E+00
    0.61242E+00    0.16064E+00
    0.62479E+00    0.15381E+00
    0.63741E+00    0.14726E+00
    0.65029E+00    0.14098E+00
    0.66342E+00    0.13496E+00
    0.67683E+00    0.12918E+00
    0.69050E+00    0.12363E+00
    0.70445E+00    0.11831E+00
    0.71868E+00    0.11320E+00
    0.73320E+00    0.10829E+00
    0.74801E+00    0.10359E+00
    0.76312E+00    0.99085E-01
    0.77854E+00    0.94763E-01
    0.79426E+00    0.90620E-01
    0.81031E+00    0.86650E-01
    0.82668E+00    0.82846E-01
    0.84338E+00    0.79201E-01
    0.86041E+00    0.75711E-01
    0.87780E+00    0.72369E-01
    0.89553E+00    0.69167E-01
    0.91362E+00    0.66102E-01
    0.93208E+00    0.63168E-01
    0.95091E+00    0.60358E-01
    0.97011E+00    0.57668E-01
    0.98971E+00    0.55094E-01
    0.10097E+01    0.52629E-01
    0.10301E+01    0.50271E-01
    0.10509E+01    0.48014E-01
    0.10721E+01    0.45854E-01
    0.10938E+01    0.43788E-01
    0.11159E+01    0.41812E-01
    0.11384E+01    0.39921E-01
    0.11614E+01    0.38113E-01
    0.11849E+01    0.36384E-01
    0.12088E+01    0.34730E-01
    0.12333E+01    0.33149E-01
    0.12582E+01    0.31637E-01
    0.12836E+01    0.30192E-01
    0.13095E+01    0.28811E-01
    0.13360E+01    0.27491E-01
    0.13630E+01    0.26230E-01
    0.13905E+01    0.25024E-01
    0.14186E+01    0.23872E-01
    0.14472E+01    0.22772E-01
    0.14765E+01    0.21721E-01
    0.15063E+01    0.20716E-01
    0.15367E+01    0.19757E-01
    0.15678E+01    0.18841E-01
    0.15994E+01    0.17966E-01
    0.16318E+01    0.17130E-01
    0.16647E+01    0.16332E-01
    0.16984E+01    0.15571E-01
    0.17327E+01    0.14844E-01
    0.17677E+01    0.14149E-01
    0.18034E+01    0.13487E-01
    0.18398E+01    0.12854E-01
    0.18770E+01    0.12251E-01
    0.19149E+01    0.11675E-01
    0.19536E+01    0.11125E-01
    0.19930E+01    0.10601E-01
    0.20333E+01    0.10100E-01
    0.20744E+01    0.96231E-02
    0.21163E+01    0.91678E-02
    0.21590E+01    0.87334E-02
    0.22026E+01    0.83192E-02
    0.22471E+01    0.79241E-02
    0.22925E+01    0.75473E-02
    0.23388E+01    0.71881E-02
    0.23861E+01    0.68455E-02
    0.24343E+01    0.65189E-02
    0.24835E+01    0.62075E-02
    0.25336E+01    0.59106E-02
    0.25848E+01    0.56276E-02
    0.26370E+01    0.53578E-02
    0.26903E+01    0.51007E-02
    0.27447E+01    0.48557E-02
    0.28001E+01    0.46222E-02
    0.28567E+01    0.43997E-02
    0.29144E+01    0.41876E-02
    0.29733E+01    0.39856E-02
    0.30333E+01    0.37931E-02
    0.30946E+01    0.36098E-02
    0.31571E+01    0.34351E-02
    0.32209E+01    0.32687E-02
    0.32860E+01    0.31101E-02
    0.33523E+01    0.29592E-02
    0.34201E+01    0.28154E-02
    0.34892E+01    0.26785E-02
    0.35596E+01    0.25481E-02
    0.36316E+01    0.24239E-02
    0.37049E+01    0.23057E-02
    0.37798E+01    0.21931E-02
    0.38561E+01    0.20859E-02
    0.39340E+01    0.19839E-02
    0.40135E+01    0.18867E-02
    0.40946E+01    0.17943E-02
    0.41773E+01    0.17063E-02
    0.42617E+01    0.16225E-02
    0.43478E+01    0.15428E-02
    0.44356E+01    0.14669E-02
    0.45252E+01    0.13947E-02
    0.46166E+01    0.13260E-02
    0.47099E+01    0.12606E-02
    0.48050E+01    0.11984E-02
    0.49021E+01    0.11392E-02
    0.50011E+01    0.10829E-02
    0.51021E+01    0.10293E-02
    0.52052E+01    0.97836E-03
    0.53104E+01    0.92988E-03
    0.54176E+01    0.88376E-03
    0.55271E+01    0.83990E-03
    0.56387E+01    0.79817E-03
    0.57526E+01    0.75850E-03
    0.58689E+01    0.72076E-03
    0.59874E+01    0.68487E-03
    0.61084E+01    0.65075E-03
    0.62318E+01    0.61830E-03
    0.63577E+01    0.58744E-03
    0.64861E+01    0.55811E-03
    0.66171E+01    0.53021E-03
    0.67508E+01    0.50370E-03
    0.68872E+01    0.47848E-03
    0.70263E+01    0.45452E-03
    0.71682E+01    0.43174E-03
    0.73130E+01    0.41008E-03
    0.74608E+01    0.38950E-03
    0.76115E+01    0.36993E-03
    0.77653E+01    0.35134E-03
    0.79221E+01    0.33367E-03
    0.80822E+01    0.31687E-03
    0.82454E+01    0.30091E-03
    0.84120E+01    0.28575E-03
    0.85819E+01    0.27134E-03
    0.87553E+01    0.25764E-03
    0.89322E+01    0.24463E-03
    0.91126E+01    0.23227E-03
    0.92967E+01    0.22052E-03
    0.94845E+01    0.20937E-03
    0.96761E+01    0.19876E-03
    0.98716E+01    0.18869E-03
    0.10071E+02    0.17913E-03
    0.10274E+02    0.17004E-03
    0.10482E+02    0.16141E-03
    0.10694E+02    0.15321E-03
    0.10910E+02    0.14543E-03
    0.11130E+02    0.13803E-03
    0.11355E+02    0.13101E-03
    0.11584E+02    0.12434E-03
    0.11818E+02    0.11800E-03
    0.12057E+02    0.11199E-03
    0.12301E+02    0.10628E-03
    0.12549E+02    0.10086E-03
    0.12803E+02    0.95705E-04
    0.13061E+02    0.90816E-04
    0.13325E+02    0.86174E-04
    0.13594E+02    0.81766E-04
    0.13869E+02    0.77582E-04
    0.14149E+02    0.73609E-04
    0.14435E+02    0.69838E-04
    0.14727E+02    0.66258E-04
    0.15024E+02    0.62860E-04
    0.15328E+02    0.59635E-04
    0.15637E+02    0.56573E-04
    0.15953E+02    0.53667E-04
    0.16275E+02    0.50908E-04
    0.16604E+02    0.48291E-04
    0.16940E+02    0.45806E-04
    0.17282E+02    0.43448E-04
    0.17631E+02    0.41210E-04
    0.17987E+02    0.39087E-04
    0.18351E+02    0.37072E-04
    0.18721E+02    0.35160E-04
    0.19099E+02    0.33345E-04
    0.19485E+02    0.31623E-04
    0.19879E+02    0.29990E-04
    0.20280E+02    0.28440E-04
    0.20690E+02    0.26969E-04
    0.21108E+02    0.25574E-04
    0.21535E+02    0.24250E-04
    0.21970E+02    0.22994E-04
    0.22413E+02    0.21803E-04
    0.22866E+02    0.20673E-04
    0.23328E+02    0.19601E-04
    0.23799E+02    0.18584E-04
    0.24280E+02    0.17619E-04
    0.24771E+02    0.16704E-04
    0.25271E+02    0.15837E-04
    0.25782E+02    0.15013E-04
    0.26302E+02    0.14233E-04
    0.26834E+02    0.13492E-04
    0.27376E+02    0.12790E-04
    0.27929E+02    0.12124E-04
    0.28493E+02    0.11492E-04
    0.29069E+02    0.10893E-04
    0.29656E+02    0.10325E-04
    0.30255E+02    0.97868E-05
    0.30866E+02    0.92761E-05
    0.31490E+02    0.87918E-05
    0.32126E+02    0.83325E-05
    0.32775E+02    0.78971E-05
    0.33437E+02    0.74843E-05
    0.34112E+02    0.70928E-05
    0.34801E+02    0.67217E-05
    0.35504E+02    0.63699E-05
    0.36222E+02    0.60363E-05
    0.36953E+02    0.57200E-05
    0.37700E+02    0.54202E-05
    0.38462E+02    0.51360E-05
    0.39239E+02    0.48666E-05
    0.40031E+02    0.46112E-05
    0.40840E+02    0.43691E-05
    0.41665E+02    0.41396E-05
    0.42507E+02    0.39221E-05
    0.43365E+02    0.37159E-05
    0.44241E+02    0.35205E-05
    0.45135E+02    0.33353E-05
    0.46047E+02    0.31598E-05
    0.46977E+02    0.29934E-05
    0.47926E+02    0.28357E-05
    0.48894E+02    0.26863E-05
    0.49882E+02    0.25446E-05
    0.50890E+02    0.24104E-05
    0.51918E+02    0.22832E-05
    0.52966E+02    0.21627E-05
    0.54036E+02    0.20485E-05
    0.55128E+02    0.19403E-05
    0.56242E+02    0.18377E-05
    0.57378E+02    0.17406E-05
    0.58537E+02    0.16485E-05
    0.59720E+02    0.15613E-05
    0.60926E+02    0.14786E-05
    0.62157E+02    0.14003E-05
    0.63412E+02    0.13261E-05
    0.64693E+02    0.12558E-05
    0.66000E+02    0.11892E-05
    0.67334E+02    0.11261E-05
    0.68694E+02    0.10663E-05
    0.70082E+02    0.10097E-05
    0.71497E+02    0.95606E-06
    0.72942E+02    0.90525E-06
    0.74415E+02    0.85711E-06
    0.75918E+02    0.81152E-06
    0.77452E+02    0.76833E-06
    0.79017E+02    0.72741E-06
    0.80613E+02    0.68867E-06
    0.82241E+02    0.65196E-06
    0.83903E+02    0.61720E-06
    0.85598E+02    0.58427E-06
    0.87327E+02    0.55309E-06
    0.89091E+02    0.52356E-06
    0.90891E+02    0.49559E-06
    0.92727E+02    0.46910E-06
    0.94600E+02    0.44401E-06
    0.96511E+02    0.42026E-06
    0.98461E+02    0.39776E-06
    0.10045E+03    0.37645E-06
    0.10248E+03    0.35628E-06
    0.10455E+03    0.33718E-06
    0.10666E+03    0.31909E-06
    0.10882E+03    0.30196E-06
    0.11101E+03    0.28575E-06
    0.11326E+03    0.27039E-06
    0.11554E+03    0.25585E-06
    0.11788E+03    0.24209E-06
    0.12026E+03    0.22906E-06
    0.12269E+03    0.21672E-06
    0.12517E+03    0.20504E-06
    0.12770E+03    0.19398E-06
    0.13028E+03    0.18351E-06
    0.13291E+03    0.17360E-06
    0.13559E+03    0.16421E-06
    0.13833E+03    0.15533E-06
    0.14113E+03    0.14693E-06
    0.14398E+03    0.13897E-06
    0.14689E+03    0.13144E-06
    0.14985E+03    0.12431E-06
    0.15288E+03    0.11757E-06
    0.15597E+03    0.11118E-06
    0.15912E+03    0.10514E-06
    0.16233E+03    0.99423E-07
    0.16561E+03    0.94011E-07
    0.16896E+03    0.88889E-07
    0.17237E+03    0.84041E-07
    0.17585E+03    0.79452E-07
    0.17941E+03    0.75109E-07
    0.18303E+03    0.70999E-07
    0.18673E+03    0.67109E-07
    0.19050E+03    0.63427E-07
    0.19435E+03    0.59943E-07
    0.19828E+03    0.56648E-07
    0.20228E+03    0.53531E-07
    0.20637E+03    0.50583E-07
    0.21054E+03    0.47795E-07
    0.21479E+03    0.45161E-07
    0.21913E+03    0.42670E-07
    0.22356E+03    0.40316E-07
