    0.10000E-03    0.28297E+00
    0.10202E-03    0.28856E+00
    0.10408E-03    0.29427E+00
    0.10618E-03    0.30009E+00
    0.10833E-03    0.30602E+00
    0.11052E-03    0.31207E+00
    0.11275E-03    0.31824E+00
    0.11503E-03    0.32453E+00
    0.11735E-03    0.33094E+00
    0.11972E-03    0.33749E+00
    0.12214E-03    0.34416E+00
    0.12461E-03    0.35096E+00
    0.12712E-03    0.35790E+00
    0.12969E-03    0.36497E+00
    0.13231E-03    0.37219E+00
    0.13499E-03    0.37955E+00
    0.13771E-03    0.38705E+00
    0.14049E-03    0.39470E+00
    0.14333E-03    0.40250E+00
    0.14623E-03    0.41046E+00
    0.14918E-03    0.41857E+00
    0.15220E-03    0.42685E+00
    0.15527E-03    0.43528E+00
    0.15841E-03    0.44389E+00
    0.16161E-03    0.45266E+00
    0.16487E-03    0.46161E+00
    0.16820E-03    0.47073E+00
    0.17160E-03    0.48003E+00
    0.17507E-03    0.48952E+00
    0.17860E-03    0.49920E+00
    0.18221E-03    0.50906E+00
    0.18589E-03    0.51912E+00
    0.18965E-03    0.52938E+00
    0.19348E-03    0.53984E+00
    0.19739E-03    0.55051E+00
    0.20138E-03    0.56139E+00
    0.20544E-03    0.57248E+00
    0.20959E-03    0.58380E+00
    0.21383E-03    0.59533E+00
    0.21815E-03    0.60710E+00
    0.22255E-03    0.61909E+00
    0.22705E-03    0.63132E+00
    0.23164E-03    0.64380E+00
    0.23632E-03    0.65652E+00
    0.24109E-03    0.66949E+00
    0.24596E-03    0.68271E+00
    0.25093E-03    0.69620E+00
    0.25600E-03    0.70995E+00
    0.26117E-03    0.72398E+00
    0.26645E-03    0.73828E+00
    0.27183E-03    0.75286E+00
    0.27732E-03    0.76773E+00
    0.28292E-03    0.78289E+00
    0.28864E-03    0.79835E+00
    0.29447E-03    0.81412E+00
    0.30042E-03    0.83020E+00
    0.30649E-03    0.84659E+00
    0.31268E-03    0.86331E+00
    0.31899E-03    0.88035E+00
    0.32544E-03    0.89773E+00
    0.33201E-03    0.91545E+00
    0.33872E-03    0.93352E+00
    0.34556E-03    0.95195E+00
    0.35254E-03    0.97074E+00
    0.35966E-03    0.98990E+00
    0.36693E-03    0.10094E+01
    0.37434E-03    0.10294E+01
    0.38190E-03    0.10497E+01
    0.38962E-03    0.10704E+01
    0.39749E-03    0.10915E+01
    0.40552E-03    0.11130E+01
    0.41371E-03    0.11350E+01
    0.42207E-03    0.11574E+01
    0.43060E-03    0.11802E+01
    0.43929E-03    0.12035E+01
    0.44817E-03    0.12272E+01
    0.45722E-03    0.12514E+01
    0.46646E-03    0.12760E+01
    0.47588E-03    0.13012E+01
    0.48550E-03    0.13268E+01
    0.49530E-03    0.13530E+01
    0.50531E-03    0.13796E+01
    0.51552E-03    0.14068E+01
    0.52593E-03    0.14345E+01
    0.53656E-03    0.14627E+01
    0.54739E-03    0.14915E+01
    0.55845E-03    0.15209E+01
    0.56973E-03    0.15508E+01
    0.58124E-03    0.15814E+01
    0.59299E-03    0.16125E+01
    0.60496E-03    0.16442E+01
    0.61719E-03    0.16765E+01
    0.62965E-03    0.17095E+01
    0.64237E-03    0.17431E+01
    0.65535E-03    0.17773E+01
    0.66859E-03    0.18122E+01
    0.68210E-03    0.18478E+01
    0.69588E-03    0.18841E+01
    0.70993E-03    0.19211E+01
    0.72427E-03    0.19588E+01
    0.73891E-03    0.19972E+01
    0.75383E-03    0.20364E+01
    0.76906E-03    0.20763E+01
    0.78460E-03    0.21170E+01
    0.80045E-03    0.21585E+01
    0.81662E-03    0.22008E+01
    0.83311E-03    0.22439E+01
    0.84994E-03    0.22878E+01
    0.86711E-03    0.23325E+01
    0.88463E-03    0.23781E+01
    0.90250E-03    0.24246E+01
    0.92073E-03    0.24720E+01
    0.93933E-03    0.25202E+01
    0.95831E-03    0.25694E+01
    0.97767E-03    0.26195E+01
    0.99742E-03    0.26706E+01
    0.10176E-02    0.27226E+01
    0.10381E-02    0.27756E+01
    0.10591E-02    0.28296E+01
    0.10805E-02    0.28846E+01
    0.11023E-02    0.29407E+01
    0.11246E-02    0.29978E+01
    0.11473E-02    0.30560E+01
    0.11705E-02    0.31152E+01
    0.11941E-02    0.31756E+01
    0.12182E-02    0.32370E+01
    0.12429E-02    0.32997E+01
    0.12680E-02    0.33634E+01
    0.12936E-02    0.34284E+01
    0.13197E-02    0.34945E+01
    0.13464E-02    0.35618E+01
    0.13736E-02    0.36304E+01
    0.14013E-02    0.37002E+01
    0.14296E-02    0.37713E+01
    0.14585E-02    0.38436E+01
    0.14880E-02    0.39173E+01
    0.15180E-02    0.39923E+01
    0.15487E-02    0.40686E+01
    0.15800E-02    0.41462E+01
    0.16119E-02    0.42252E+01
    0.16445E-02    0.43057E+01
    0.16777E-02    0.43875E+01
    0.17116E-02    0.44707E+01
    0.17462E-02    0.45554E+01
    0.17814E-02    0.46416E+01
    0.18174E-02    0.47292E+01
    0.18541E-02    0.48183E+01
    0.18916E-02    0.49089E+01
    0.19298E-02    0.50011E+01
    0.19688E-02    0.50948E+01
    0.20086E-02    0.51900E+01
    0.20491E-02    0.52868E+01
    0.20905E-02    0.53852E+01
    0.21328E-02    0.54852E+01
    0.21758E-02    0.55867E+01
    0.22198E-02    0.56899E+01
    0.22646E-02    0.57948E+01
    0.23104E-02    0.59012E+01
    0.23571E-02    0.60094E+01
    0.24047E-02    0.61191E+01
    0.24533E-02    0.62306E+01
    0.25028E-02    0.63437E+01
    0.25534E-02    0.64585E+01
    0.26050E-02    0.65749E+01
    0.26576E-02    0.66931E+01
    0.27113E-02    0.68129E+01
    0.27660E-02    0.69344E+01
    0.28219E-02    0.70577E+01
    0.28789E-02    0.71826E+01
    0.29371E-02    0.73091E+01
    0.29964E-02    0.74374E+01
    0.30569E-02    0.75673E+01
    0.31187E-02    0.76989E+01
    0.31817E-02    0.78321E+01
    0.32460E-02    0.79670E+01
    0.33115E-02    0.81035E+01
    0.33784E-02    0.82416E+01
    0.34467E-02    0.83813E+01
    0.35163E-02    0.85226E+01
    0.35874E-02    0.86655E+01
    0.36598E-02    0.88098E+01
    0.37338E-02    0.89557E+01
    0.38092E-02    0.91031E+01
    0.38861E-02    0.92519E+01
    0.39646E-02    0.94021E+01
    0.40447E-02    0.95537E+01
    0.41264E-02    0.97066E+01
    0.42098E-02    0.98609E+01
    0.42948E-02    0.10016E+02
    0.43816E-02    0.10173E+02
    0.44701E-02    0.10331E+02
    0.45604E-02    0.10490E+02
    0.46525E-02    0.10650E+02
    0.47465E-02    0.10812E+02
    0.48424E-02    0.10974E+02
    0.49402E-02    0.11137E+02
    0.50400E-02    0.11301E+02
    0.51419E-02    0.11466E+02
    0.52457E-02    0.11631E+02
    0.53517E-02    0.11797E+02
    0.54598E-02    0.11964E+02
    0.55701E-02    0.12132E+02
    0.56826E-02    0.12300E+02
    0.57974E-02    0.12468E+02
    0.59145E-02    0.12637E+02
    0.60340E-02    0.12806E+02
    0.61559E-02    0.12975E+02
    0.62803E-02    0.13144E+02
    0.64072E-02    0.13313E+02
    0.65366E-02    0.13482E+02
    0.66686E-02    0.13650E+02
    0.68033E-02    0.13819E+02
    0.69408E-02    0.13987E+02
    0.70810E-02    0.14154E+02
    0.72240E-02    0.14321E+02
    0.73700E-02    0.14487E+02
    0.75189E-02    0.14653E+02
    0.76708E-02    0.14817E+02
    0.78257E-02    0.14980E+02
    0.79838E-02    0.15143E+02
    0.81451E-02    0.15303E+02
    0.83096E-02    0.15462E+02
    0.84775E-02    0.15620E+02
    0.86488E-02    0.15776E+02
    0.88235E-02    0.15930E+02
    0.90017E-02    0.16081E+02
    0.91836E-02    0.16231E+02
    0.93691E-02    0.16378E+02
    0.95583E-02    0.16523E+02
    0.97514E-02    0.16664E+02
    0.99484E-02    0.16803E+02
    0.10149E-01    0.16939E+02
    0.10354E-01    0.17071E+02
    0.10564E-01    0.17200E+02
    0.10777E-01    0.17325E+02
    0.10995E-01    0.17447E+02
    0.11217E-01    0.17564E+02
    0.11443E-01    0.17677E+02
    0.11675E-01    0.17786E+02
    0.11910E-01    0.17889E+02
    0.12151E-01    0.17988E+02
    0.12397E-01    0.18082E+02
    0.12647E-01    0.18171E+02
    0.12902E-01    0.18254E+02
    0.13163E-01    0.18332E+02
    0.13429E-01    0.18403E+02
    0.13700E-01    0.18468E+02
    0.13977E-01    0.18527E+02
    0.14259E-01    0.18580E+02
    0.14547E-01    0.18625E+02
    0.14841E-01    0.18664E+02
    0.15141E-01    0.18695E+02
    0.15447E-01    0.18719E+02
    0.15759E-01    0.18736E+02
    0.16077E-01    0.18744E+02
    0.16402E-01    0.18745E+02
    0.16734E-01    0.18737E+02
    0.17072E-01    0.18721E+02
    0.17416E-01    0.18697E+02
    0.17768E-01    0.18664E+02
    0.18127E-01    0.18622E+02
    0.18493E-01    0.18571E+02
    0.18867E-01    0.18512E+02
    0.19248E-01    0.18443E+02
    0.19637E-01    0.18366E+02
    0.20034E-01    0.18279E+02
    0.20438E-01    0.18183E+02
    0.20851E-01    0.18078E+02
    0.21272E-01    0.17964E+02
    0.21702E-01    0.17841E+02
    0.22141E-01    0.17709E+02
    0.22588E-01    0.17568E+02
    0.23044E-01    0.17419E+02
    0.23510E-01    0.17261E+02
    0.23985E-01    0.17094E+02
    0.24469E-01    0.16920E+02
    0.24964E-01    0.16738E+02
    0.25468E-01    0.16548E+02
    0.25982E-01    0.16352E+02
    0.26507E-01    0.16149E+02
    0.27043E-01    0.15939E+02
    0.27589E-01    0.15724E+02
    0.28146E-01    0.15503E+02
    0.28715E-01    0.15278E+02
    0.29295E-01    0.15048E+02
    0.29887E-01    0.14815E+02
    0.30490E-01    0.14579E+02
    0.31106E-01    0.14340E+02
    0.31735E-01    0.14100E+02
    0.32376E-01    0.13858E+02
    0.33030E-01    0.13617E+02
    0.33697E-01    0.13375E+02
    0.34378E-01    0.13135E+02
    0.35072E-01    0.12896E+02
    0.35781E-01    0.12659E+02
    0.36504E-01    0.12426E+02
    0.37241E-01    0.12196E+02
    0.37993E-01    0.11971E+02
    0.38761E-01    0.11750E+02
    0.39544E-01    0.11535E+02
    0.40343E-01    0.11326E+02
    0.41158E-01    0.11123E+02
    0.41989E-01    0.10927E+02
    0.42838E-01    0.10737E+02
    0.43703E-01    0.10555E+02
    0.44586E-01    0.10381E+02
    0.45486E-01    0.10214E+02
    0.46405E-01    0.10054E+02
    0.47343E-01    0.99018E+01
    0.48299E-01    0.97565E+01
    0.49275E-01    0.96178E+01
    0.50270E-01    0.94854E+01
    0.51286E-01    0.93586E+01
    0.52322E-01    0.92367E+01
    0.53379E-01    0.91189E+01
    0.54457E-01    0.90043E+01
    0.55557E-01    0.88920E+01
    0.56680E-01    0.87807E+01
    0.57825E-01    0.86694E+01
    0.58993E-01    0.85569E+01
    0.60184E-01    0.84419E+01
    0.61400E-01    0.83233E+01
    0.62641E-01    0.81998E+01
    0.63906E-01    0.80704E+01
    0.65197E-01    0.79340E+01
    0.66514E-01    0.77899E+01
    0.67858E-01    0.76374E+01
    0.69229E-01    0.74762E+01
    0.70627E-01    0.73061E+01
    0.72054E-01    0.71274E+01
    0.73510E-01    0.69401E+01
    0.74994E-01    0.67453E+01
    0.76509E-01    0.65447E+01
    0.78055E-01    0.63392E+01
    0.79632E-01    0.61308E+01
    0.81241E-01    0.59212E+01
    0.82882E-01    0.57126E+01
    0.84556E-01    0.55070E+01
    0.86264E-01    0.53068E+01
    0.88007E-01    0.51139E+01
    0.89785E-01    0.49303E+01
    0.91598E-01    0.47575E+01
    0.93449E-01    0.45971E+01
    0.95337E-01    0.44498E+01
    0.97263E-01    0.43163E+01
    0.99227E-01    0.41967E+01
    0.10123E+00    0.40905E+01
    0.10328E+00    0.39967E+01
    0.10536E+00    0.39140E+01
    0.10749E+00    0.38404E+01
    0.10966E+00    0.37738E+01
    0.11188E+00    0.37115E+01
    0.11414E+00    0.36506E+01
    0.11644E+00    0.35883E+01
    0.11880E+00    0.35218E+01
    0.12120E+00    0.34490E+01
    0.12365E+00    0.33680E+01
    0.12614E+00    0.32777E+01
    0.12869E+00    0.31781E+01
    0.13129E+00    0.30697E+01
    0.13394E+00    0.29542E+01
    0.13665E+00    0.28340E+01
    0.13941E+00    0.27123E+01
    0.14223E+00    0.25921E+01
    0.14510E+00    0.24767E+01
    0.14803E+00    0.23690E+01
    0.15102E+00    0.22712E+01
    0.15407E+00    0.21850E+01
    0.15718E+00    0.21108E+01
    0.16036E+00    0.20481E+01
    0.16360E+00    0.19954E+01
    0.16690E+00    0.19504E+01
    0.17028E+00    0.19101E+01
    0.17371E+00    0.18712E+01
    0.17722E+00    0.18305E+01
    0.18080E+00    0.17853E+01
    0.18446E+00    0.17337E+01
    0.18818E+00    0.16753E+01
    0.19198E+00    0.16108E+01
    0.19586E+00    0.15421E+01
    0.19982E+00    0.14720E+01
    0.20386E+00    0.14037E+01
    0.20797E+00    0.13400E+01
    0.21218E+00    0.12831E+01
    0.21646E+00    0.12342E+01
    0.22083E+00    0.11930E+01
    0.22530E+00    0.11582E+01
    0.22985E+00    0.11276E+01
    0.23449E+00    0.10984E+01
    0.23923E+00    0.10681E+01
    0.24406E+00    0.10348E+01
    0.24899E+00    0.99763E+00
    0.25402E+00    0.95726E+00
    0.25915E+00    0.91528E+00
    0.26439E+00    0.87390E+00
    0.26973E+00    0.83523E+00
    0.27518E+00    0.80076E+00
    0.28074E+00    0.77091E+00
    0.28641E+00    0.74502E+00
    0.29219E+00    0.72161E+00
    0.29810E+00    0.69883E+00
    0.30412E+00    0.67517E+00
    0.31026E+00    0.64990E+00
    0.31653E+00    0.62326E+00
    0.32292E+00    0.59633E+00
    0.32945E+00    0.57044E+00
    0.33610E+00    0.54670E+00
    0.34289E+00    0.52547E+00
    0.34982E+00    0.50636E+00
    0.35689E+00    0.48844E+00
    0.36409E+00    0.47070E+00
    0.37145E+00    0.45254E+00
    0.37895E+00    0.43397E+00
    0.38661E+00    0.41556E+00
    0.39442E+00    0.39803E+00
    0.40239E+00    0.38184E+00
    0.41052E+00    0.36695E+00
    0.41881E+00    0.35290E+00
    0.42727E+00    0.33920E+00
    0.43590E+00    0.32552E+00
    0.44471E+00    0.31197E+00
    0.45369E+00    0.29885E+00
    0.46286E+00    0.28645E+00
    0.47221E+00    0.27483E+00
    0.48174E+00    0.26380E+00
    0.49148E+00    0.25310E+00
    0.50141E+00    0.24263E+00
    0.51153E+00    0.23243E+00
    0.52187E+00    0.22267E+00
    0.53241E+00    0.21340E+00
    0.54317E+00    0.20456E+00
    0.55414E+00    0.19606E+00
    0.56533E+00    0.18782E+00
    0.57675E+00    0.17987E+00
    0.58840E+00    0.17224E+00
    0.60029E+00    0.16494E+00
    0.61242E+00    0.15794E+00
    0.62479E+00    0.15122E+00
    0.63741E+00    0.14479E+00
    0.65029E+00    0.13861E+00
    0.66342E+00    0.13269E+00
    0.67683E+00    0.12701E+00
    0.69050E+00    0.12155E+00
    0.70445E+00    0.11632E+00
    0.71868E+00    0.11129E+00
    0.73320E+00    0.10648E+00
    0.74801E+00    0.10185E+00
    0.76312E+00    0.97421E-01
    0.77854E+00    0.93172E-01
    0.79426E+00    0.89099E-01
    0.81031E+00    0.85195E-01
    0.82668E+00    0.81455E-01
    0.84338E+00    0.77872E-01
    0.86041E+00    0.74441E-01
    0.87780E+00    0.71154E-01
    0.89553E+00    0.68006E-01
    0.91362E+00    0.64993E-01
    0.93208E+00    0.62107E-01
    0.95091E+00    0.59344E-01
    0.97011E+00    0.56700E-01
    0.98971E+00    0.54168E-01
    0.10097E+01    0.51745E-01
    0.10301E+01    0.49426E-01
    0.10509E+01    0.47207E-01
    0.10721E+01    0.45084E-01
    0.10938E+01    0.43053E-01
    0.11159E+01    0.41109E-01
    0.11384E+01    0.39251E-01
    0.11614E+01    0.37473E-01
    0.11849E+01    0.35772E-01
    0.12088E+01    0.34147E-01
    0.12333E+01    0.32592E-01
    0.12582E+01    0.31106E-01
    0.12836E+01    0.29685E-01
    0.13095E+01    0.28327E-01
    0.13360E+01    0.27029E-01
    0.13630E+01    0.25789E-01
    0.13905E+01    0.24604E-01
    0.14186E+01    0.23471E-01
    0.14472E+01    0.22389E-01
    0.14765E+01    0.21356E-01
    0.15063E+01    0.20368E-01
    0.15367E+01    0.19425E-01
    0.15678E+01    0.18524E-01
    0.15994E+01    0.17664E-01
    0.16318E+01    0.16842E-01
    0.16647E+01    0.16058E-01
    0.16984E+01    0.15309E-01
    0.17327E+01    0.14594E-01
    0.17677E+01    0.13912E-01
    0.18034E+01    0.13260E-01
    0.18398E+01    0.12638E-01
    0.18770E+01    0.12045E-01
    0.19149E+01    0.11479E-01
    0.19536E+01    0.10938E-01
    0.19930E+01    0.10423E-01
    0.20333E+01    0.99307E-02
    0.20744E+01    0.94614E-02
    0.21163E+01    0.90137E-02
    0.21590E+01    0.85867E-02
    0.22026E+01    0.81794E-02
    0.22471E+01    0.77910E-02
    0.22925E+01    0.74205E-02
    0.23388E+01    0.70673E-02
    0.23861E+01    0.67305E-02
    0.24343E+01    0.64093E-02
    0.24835E+01    0.61032E-02
    0.25336E+01    0.58113E-02
    0.25848E+01    0.55330E-02
    0.26370E+01    0.52678E-02
    0.26903E+01    0.50150E-02
    0.27447E+01    0.47741E-02
    0.28001E+01    0.45445E-02
    0.28567E+01    0.43258E-02
    0.29144E+01    0.41173E-02
    0.29733E+01    0.39187E-02
    0.30333E+01    0.37294E-02
    0.30946E+01    0.35491E-02
    0.31571E+01    0.33773E-02
    0.32209E+01    0.32137E-02
    0.32860E+01    0.30579E-02
    0.33523E+01    0.29095E-02
    0.34201E+01    0.27681E-02
    0.34892E+01    0.26335E-02
    0.35596E+01    0.25052E-02
    0.36316E+01    0.23832E-02
    0.37049E+01    0.22669E-02
    0.37798E+01    0.21562E-02
    0.38561E+01    0.20509E-02
    0.39340E+01    0.19505E-02
    0.40135E+01    0.18550E-02
    0.40946E+01    0.17641E-02
    0.41773E+01    0.16776E-02
    0.42617E+01    0.15952E-02
    0.43478E+01    0.15169E-02
    0.44356E+01    0.14423E-02
    0.45252E+01    0.13713E-02
    0.46166E+01    0.13037E-02
    0.47099E+01    0.12394E-02
    0.48050E+01    0.11783E-02
    0.49021E+01    0.11201E-02
    0.50011E+01    0.10647E-02
    0.51021E+01    0.10120E-02
    0.52052E+01    0.96192E-03
    0.53104E+01    0.91425E-03
    0.54176E+01    0.86891E-03
    0.55271E+01    0.82578E-03
    0.56387E+01    0.78476E-03
    0.57526E+01    0.74575E-03
    0.58689E+01    0.70865E-03
    0.59874E+01    0.67337E-03
    0.61084E+01    0.63982E-03
    0.62318E+01    0.60791E-03
    0.63577E+01    0.57757E-03
    0.64861E+01    0.54873E-03
    0.66171E+01    0.52131E-03
    0.67508E+01    0.49523E-03
    0.68872E+01    0.47045E-03
    0.70263E+01    0.44688E-03
    0.71682E+01    0.42448E-03
    0.73130E+01    0.40319E-03
    0.74608E+01    0.38296E-03
    0.76115E+01    0.36372E-03
    0.77653E+01    0.34544E-03
    0.79221E+01    0.32806E-03
    0.80822E+01    0.31155E-03
    0.82454E+01    0.29586E-03
    0.84120E+01    0.28095E-03
    0.85819E+01    0.26678E-03
    0.87553E+01    0.25331E-03
    0.89322E+01    0.24052E-03
    0.91126E+01    0.22837E-03
    0.92967E+01    0.21682E-03
    0.94845E+01    0.20585E-03
    0.96761E+01    0.19543E-03
    0.98716E+01    0.18552E-03
    0.10071E+02    0.17612E-03
    0.10274E+02    0.16719E-03
    0.10482E+02    0.15870E-03
    0.10694E+02    0.15064E-03
    0.10910E+02    0.14298E-03
    0.11130E+02    0.13571E-03
    0.11355E+02    0.12881E-03
    0.11584E+02    0.12225E-03
    0.11818E+02    0.11602E-03
    0.12057E+02    0.11011E-03
    0.12301E+02    0.10449E-03
    0.12549E+02    0.99161E-04
    0.12803E+02    0.94098E-04
    0.13061E+02    0.89290E-04
    0.13325E+02    0.84726E-04
    0.13594E+02    0.80393E-04
    0.13869E+02    0.76279E-04
    0.14149E+02    0.72373E-04
    0.14435E+02    0.68665E-04
    0.14727E+02    0.65145E-04
    0.15024E+02    0.61804E-04
    0.15328E+02    0.58633E-04
    0.15637E+02    0.55622E-04
    0.15953E+02    0.52765E-04
    0.16275E+02    0.50053E-04
    0.16604E+02    0.47479E-04
    0.16940E+02    0.45037E-04
    0.17282E+02    0.42718E-04
    0.17631E+02    0.40518E-04
    0.17987E+02    0.38430E-04
    0.18351E+02    0.36449E-04
    0.18721E+02    0.34569E-04
    0.19099E+02    0.32785E-04
    0.19485E+02    0.31092E-04
    0.19879E+02    0.29486E-04
    0.20280E+02    0.27962E-04
    0.20690E+02    0.26516E-04
    0.21108E+02    0.25144E-04
    0.21535E+02    0.23843E-04
    0.21970E+02    0.22608E-04
    0.22413E+02    0.21437E-04
    0.22866E+02    0.20326E-04
    0.23328E+02    0.19272E-04
    0.23799E+02    0.18272E-04
    0.24280E+02    0.17324E-04
    0.24771E+02    0.16424E-04
    0.25271E+02    0.15571E-04
    0.25782E+02    0.14761E-04
    0.26302E+02    0.13994E-04
    0.26834E+02    0.13266E-04
    0.27376E+02    0.12575E-04
    0.27929E+02    0.11920E-04
    0.28493E+02    0.11299E-04
    0.29069E+02    0.10710E-04
    0.29656E+02    0.10152E-04
    0.30255E+02    0.96224E-05
    0.30866E+02    0.91203E-05
    0.31490E+02    0.86441E-05
    0.32126E+02    0.81926E-05
    0.32775E+02    0.77645E-05
    0.33437E+02    0.73586E-05
    0.34112E+02    0.69737E-05
    0.34801E+02    0.66088E-05
    0.35504E+02    0.62629E-05
    0.36222E+02    0.59349E-05
    0.36953E+02    0.56240E-05
    0.37700E+02    0.53292E-05
    0.38462E+02    0.50498E-05
    0.39239E+02    0.47849E-05
    0.40031E+02    0.45338E-05
    0.40840E+02    0.42958E-05
    0.41665E+02    0.40701E-05
    0.42507E+02    0.38563E-05
    0.43365E+02    0.36536E-05
    0.44241E+02    0.34614E-05
    0.45135E+02    0.32793E-05
    0.46047E+02    0.31067E-05
    0.46977E+02    0.29431E-05
    0.47926E+02    0.27881E-05
    0.48894E+02    0.26412E-05
    0.49882E+02    0.25019E-05
    0.50890E+02    0.23700E-05
    0.51918E+02    0.22449E-05
    0.52966E+02    0.21264E-05
    0.54036E+02    0.20141E-05
    0.55128E+02    0.19077E-05
    0.56242E+02    0.18069E-05
    0.57378E+02    0.17114E-05
    0.58537E+02    0.16208E-05
    0.59720E+02    0.15351E-05
    0.60926E+02    0.14538E-05
    0.62157E+02    0.13768E-05
    0.63412E+02    0.13038E-05
    0.64693E+02    0.12347E-05
    0.66000E+02    0.11692E-05
    0.67334E+02    0.11072E-05
    0.68694E+02    0.10484E-05
    0.70082E+02    0.99276E-06
    0.71497E+02    0.94002E-06
    0.72942E+02    0.89006E-06
    0.74415E+02    0.84273E-06
    0.75918E+02    0.79790E-06
    0.77452E+02    0.75544E-06
    0.79017E+02    0.71522E-06
    0.80613E+02    0.67712E-06
    0.82241E+02    0.64103E-06
    0.83903E+02    0.60685E-06
    0.85598E+02    0.57448E-06
    0.87327E+02    0.54382E-06
    0.89091E+02    0.51478E-06
    0.90891E+02    0.48728E-06
    0.92727E+02    0.46124E-06
    0.94600E+02    0.43657E-06
    0.96511E+02    0.41321E-06
    0.98461E+02    0.39109E-06
    0.10045E+03    0.37015E-06
    0.10248E+03    0.35031E-06
    0.10455E+03    0.33153E-06
    0.10666E+03    0.31375E-06
    0.10882E+03    0.29691E-06
    0.11101E+03    0.28096E-06
    0.11326E+03    0.26587E-06
    0.11554E+03    0.25157E-06
    0.11788E+03    0.23804E-06
    0.12026E+03    0.22522E-06
    0.12269E+03    0.21309E-06
    0.12517E+03    0.20161E-06
    0.12770E+03    0.19073E-06
    0.13028E+03    0.18044E-06
    0.13291E+03    0.17069E-06
    0.13559E+03    0.16147E-06
    0.13833E+03    0.15274E-06
    0.14113E+03    0.14447E-06
    0.14398E+03    0.13665E-06
    0.14689E+03    0.12924E-06
    0.14985E+03    0.12224E-06
    0.15288E+03    0.11560E-06
    0.15597E+03    0.10933E-06
    0.15912E+03    0.10339E-06
    0.16233E+03    0.97764E-07
    0.16561E+03    0.92443E-07
    0.16896E+03    0.87406E-07
    0.17237E+03    0.82640E-07
    0.17585E+03    0.78128E-07
    0.17941E+03    0.73858E-07
    0.18303E+03    0.69817E-07
    0.18673E+03    0.65992E-07
    0.19050E+03    0.62372E-07
    0.19435E+03    0.58947E-07
    0.19828E+03    0.55706E-07
    0.20228E+03    0.52641E-07
    0.20637E+03    0.49743E-07
    0.21054E+03    0.47002E-07
    0.21479E+03    0.44411E-07
    0.21913E+03    0.41961E-07
    0.22356E+03    0.39647E-07
