    0.10000E-03    0.28400E+00
    0.10202E-03    0.28961E+00
    0.10408E-03    0.29534E+00
    0.10618E-03    0.30118E+00
    0.10833E-03    0.30713E+00
    0.11052E-03    0.31320E+00
    0.11275E-03    0.31940E+00
    0.11503E-03    0.32571E+00
    0.11735E-03    0.33215E+00
    0.11972E-03    0.33871E+00
    0.12214E-03    0.34541E+00
    0.12461E-03    0.35224E+00
    0.12712E-03    0.35920E+00
    0.12969E-03    0.36630E+00
    0.13231E-03    0.37354E+00
    0.13499E-03    0.38093E+00
    0.13771E-03    0.38846E+00
    0.14049E-03    0.39614E+00
    0.14333E-03    0.40397E+00
    0.14623E-03    0.41195E+00
    0.14918E-03    0.42009E+00
    0.15220E-03    0.42840E+00
    0.15527E-03    0.43687E+00
    0.15841E-03    0.44550E+00
    0.16161E-03    0.45431E+00
    0.16487E-03    0.46329E+00
    0.16820E-03    0.47244E+00
    0.17160E-03    0.48178E+00
    0.17507E-03    0.49130E+00
    0.17860E-03    0.50101E+00
    0.18221E-03    0.51091E+00
    0.18589E-03    0.52101E+00
    0.18965E-03    0.53131E+00
    0.19348E-03    0.54181E+00
    0.19739E-03    0.55251E+00
    0.20138E-03    0.56343E+00
    0.20544E-03    0.57457E+00
    0.20959E-03    0.58592E+00
    0.21383E-03    0.59750E+00
    0.21815E-03    0.60930E+00
    0.22255E-03    0.62134E+00
    0.22705E-03    0.63362E+00
    0.23164E-03    0.64614E+00
    0.23632E-03    0.65890E+00
    0.24109E-03    0.67192E+00
    0.24596E-03    0.68520E+00
    0.25093E-03    0.69873E+00
    0.25600E-03    0.71253E+00
    0.26117E-03    0.72661E+00
    0.26645E-03    0.74096E+00
    0.27183E-03    0.75560E+00
    0.27732E-03    0.77052E+00
    0.28292E-03    0.78574E+00
    0.28864E-03    0.80126E+00
    0.29447E-03    0.81708E+00
    0.30042E-03    0.83321E+00
    0.30649E-03    0.84967E+00
    0.31268E-03    0.86644E+00
    0.31899E-03    0.88355E+00
    0.32544E-03    0.90099E+00
    0.33201E-03    0.91878E+00
    0.33872E-03    0.93692E+00
    0.34556E-03    0.95541E+00
    0.35254E-03    0.97427E+00
    0.35966E-03    0.99350E+00
    0.36693E-03    0.10131E+01
    0.37434E-03    0.10331E+01
    0.38190E-03    0.10535E+01
    0.38962E-03    0.10743E+01
    0.39749E-03    0.10955E+01
    0.40552E-03    0.11171E+01
    0.41371E-03    0.11391E+01
    0.42207E-03    0.11616E+01
    0.43060E-03    0.11845E+01
    0.43929E-03    0.12078E+01
    0.44817E-03    0.12316E+01
    0.45722E-03    0.12559E+01
    0.46646E-03    0.12807E+01
    0.47588E-03    0.13059E+01
    0.48550E-03    0.13316E+01
    0.49530E-03    0.13579E+01
    0.50531E-03    0.13846E+01
    0.51552E-03    0.14119E+01
    0.52593E-03    0.14397E+01
    0.53656E-03    0.14681E+01
    0.54739E-03    0.14970E+01
    0.55845E-03    0.15264E+01
    0.56973E-03    0.15565E+01
    0.58124E-03    0.15871E+01
    0.59299E-03    0.16183E+01
    0.60496E-03    0.16501E+01
    0.61719E-03    0.16826E+01
    0.62965E-03    0.17157E+01
    0.64237E-03    0.17494E+01
    0.65535E-03    0.17838E+01
    0.66859E-03    0.18188E+01
    0.68210E-03    0.18545E+01
    0.69588E-03    0.18909E+01
    0.70993E-03    0.19281E+01
    0.72427E-03    0.19659E+01
    0.73891E-03    0.20045E+01
    0.75383E-03    0.20438E+01
    0.76906E-03    0.20838E+01
    0.78460E-03    0.21247E+01
    0.80045E-03    0.21663E+01
    0.81662E-03    0.22087E+01
    0.83311E-03    0.22519E+01
    0.84994E-03    0.22960E+01
    0.86711E-03    0.23409E+01
    0.88463E-03    0.23867E+01
    0.90250E-03    0.24333E+01
    0.92073E-03    0.24809E+01
    0.93933E-03    0.25293E+01
    0.95831E-03    0.25786E+01
    0.97767E-03    0.26289E+01
    0.99742E-03    0.26802E+01
    0.10176E-02    0.27324E+01
    0.10381E-02    0.27856E+01
    0.10591E-02    0.28398E+01
    0.10805E-02    0.28950E+01
    0.11023E-02    0.29512E+01
    0.11246E-02    0.30085E+01
    0.11473E-02    0.30669E+01
    0.11705E-02    0.31264E+01
    0.11941E-02    0.31869E+01
    0.12182E-02    0.32486E+01
    0.12429E-02    0.33115E+01
    0.12680E-02    0.33754E+01
    0.12936E-02    0.34406E+01
    0.13197E-02    0.35070E+01
    0.13464E-02    0.35745E+01
    0.13736E-02    0.36433E+01
    0.14013E-02    0.37134E+01
    0.14296E-02    0.37847E+01
    0.14585E-02    0.38573E+01
    0.14880E-02    0.39312E+01
    0.15180E-02    0.40064E+01
    0.15487E-02    0.40830E+01
    0.15800E-02    0.41609E+01
    0.16119E-02    0.42402E+01
    0.16445E-02    0.43208E+01
    0.16777E-02    0.44029E+01
    0.17116E-02    0.44865E+01
    0.17462E-02    0.45714E+01
    0.17814E-02    0.46579E+01
    0.18174E-02    0.47458E+01
    0.18541E-02    0.48352E+01
    0.18916E-02    0.49261E+01
    0.19298E-02    0.50185E+01
    0.19688E-02    0.51125E+01
    0.20086E-02    0.52080E+01
    0.20491E-02    0.53051E+01
    0.20905E-02    0.54038E+01
    0.21328E-02    0.55041E+01
    0.21758E-02    0.56060E+01
    0.22198E-02    0.57095E+01
    0.22646E-02    0.58147E+01
    0.23104E-02    0.59215E+01
    0.23571E-02    0.60299E+01
    0.24047E-02    0.61400E+01
    0.24533E-02    0.62518E+01
    0.25028E-02    0.63652E+01
    0.25534E-02    0.64803E+01
    0.26050E-02    0.65971E+01
    0.26576E-02    0.67156E+01
    0.27113E-02    0.68358E+01
    0.27660E-02    0.69577E+01
    0.28219E-02    0.70812E+01
    0.28789E-02    0.72064E+01
    0.29371E-02    0.73334E+01
    0.29964E-02    0.74620E+01
    0.30569E-02    0.75922E+01
    0.31187E-02    0.77242E+01
    0.31817E-02    0.78577E+01
    0.32460E-02    0.79930E+01
    0.33115E-02    0.81298E+01
    0.33784E-02    0.82683E+01
    0.34467E-02    0.84083E+01
    0.35163E-02    0.85499E+01
    0.35874E-02    0.86931E+01
    0.36598E-02    0.88378E+01
    0.37338E-02    0.89840E+01
    0.38092E-02    0.91317E+01
    0.38861E-02    0.92809E+01
    0.39646E-02    0.94314E+01
    0.40447E-02    0.95834E+01
    0.41264E-02    0.97366E+01
    0.42098E-02    0.98912E+01
    0.42948E-02    0.10047E+02
    0.43816E-02    0.10204E+02
    0.44701E-02    0.10362E+02
    0.45604E-02    0.10522E+02
    0.46525E-02    0.10682E+02
    0.47465E-02    0.10844E+02
    0.48424E-02    0.11006E+02
    0.49402E-02    0.11170E+02
    0.50400E-02    0.11334E+02
    0.51419E-02    0.11499E+02
    0.52457E-02    0.11665E+02
    0.53517E-02    0.11832E+02
    0.54598E-02    0.11999E+02
    0.55701E-02    0.12167E+02
    0.56826E-02    0.12335E+02
    0.57974E-02    0.12503E+02
    0.59145E-02    0.12672E+02
    0.60340E-02    0.12842E+02
    0.61559E-02    0.13011E+02
    0.62803E-02    0.13180E+02
    0.64072E-02    0.13350E+02
    0.65366E-02    0.13519E+02
    0.66686E-02    0.13688E+02
    0.68033E-02    0.13857E+02
    0.69408E-02    0.14025E+02
    0.70810E-02    0.14193E+02
    0.72240E-02    0.14360E+02
    0.73700E-02    0.14527E+02
    0.75189E-02    0.14693E+02
    0.76708E-02    0.14858E+02
    0.78257E-02    0.15021E+02
    0.79838E-02    0.15184E+02
    0.81451E-02    0.15345E+02
    0.83096E-02    0.15505E+02
    0.84775E-02    0.15663E+02
    0.86488E-02    0.15819E+02
    0.88235E-02    0.15973E+02
    0.90017E-02    0.16126E+02
    0.91836E-02    0.16276E+02
    0.93691E-02    0.16424E+02
    0.95583E-02    0.16569E+02
    0.97514E-02    0.16711E+02
    0.99484E-02    0.16850E+02
    0.10149E-01    0.16987E+02
    0.10354E-01    0.17120E+02
    0.10564E-01    0.17249E+02
    0.10777E-01    0.17375E+02
    0.10995E-01    0.17497E+02
    0.11217E-01    0.17615E+02
    0.11443E-01    0.17729E+02
    0.11675E-01    0.17838E+02
    0.11910E-01    0.17943E+02
    0.12151E-01    0.18042E+02
    0.12397E-01    0.18137E+02
    0.12647E-01    0.18226E+02
    0.12902E-01    0.18310E+02
    0.13163E-01    0.18388E+02
    0.13429E-01    0.18460E+02
    0.13700E-01    0.18526E+02
    0.13977E-01    0.18586E+02
    0.14259E-01    0.18639E+02
    0.14547E-01    0.18685E+02
    0.14841E-01    0.18724E+02
    0.15141E-01    0.18756E+02
    0.15447E-01    0.18780E+02
    0.15759E-01    0.18797E+02
    0.16077E-01    0.18806E+02
    0.16402E-01    0.18807E+02
    0.16734E-01    0.18800E+02
    0.17072E-01    0.18785E+02
    0.17416E-01    0.18761E+02
    0.17768E-01    0.18728E+02
    0.18127E-01    0.18687E+02
    0.18493E-01    0.18636E+02
    0.18867E-01    0.18577E+02
    0.19248E-01    0.18509E+02
    0.19637E-01    0.18431E+02
    0.20034E-01    0.18345E+02
    0.20438E-01    0.18249E+02
    0.20851E-01    0.18144E+02
    0.21272E-01    0.18030E+02
    0.21702E-01    0.17907E+02
    0.22141E-01    0.17775E+02
    0.22588E-01    0.17634E+02
    0.23044E-01    0.17484E+02
    0.23510E-01    0.17326E+02
    0.23985E-01    0.17159E+02
    0.24469E-01    0.16985E+02
    0.24964E-01    0.16802E+02
    0.25468E-01    0.16613E+02
    0.25982E-01    0.16416E+02
    0.26507E-01    0.16212E+02
    0.27043E-01    0.16002E+02
    0.27589E-01    0.15786E+02
    0.28146E-01    0.15565E+02
    0.28715E-01    0.15339E+02
    0.29295E-01    0.15109E+02
    0.29887E-01    0.14875E+02
    0.30490E-01    0.14638E+02
    0.31106E-01    0.14399E+02
    0.31735E-01    0.14158E+02
    0.32376E-01    0.13916E+02
    0.33030E-01    0.13673E+02
    0.33697E-01    0.13431E+02
    0.34378E-01    0.13190E+02
    0.35072E-01    0.12950E+02
    0.35781E-01    0.12713E+02
    0.36504E-01    0.12479E+02
    0.37241E-01    0.12249E+02
    0.37993E-01    0.12023E+02
    0.38761E-01    0.11801E+02
    0.39544E-01    0.11585E+02
    0.40343E-01    0.11375E+02
    0.41158E-01    0.11172E+02
    0.41989E-01    0.10975E+02
    0.42838E-01    0.10785E+02
    0.43703E-01    0.10603E+02
    0.44586E-01    0.10428E+02
    0.45486E-01    0.10260E+02
    0.46405E-01    0.10100E+02
    0.47343E-01    0.99470E+01
    0.48299E-01    0.98012E+01
    0.49275E-01    0.96621E+01
    0.50270E-01    0.95292E+01
    0.51286E-01    0.94019E+01
    0.52322E-01    0.92796E+01
    0.53379E-01    0.91614E+01
    0.54457E-01    0.90464E+01
    0.55557E-01    0.89337E+01
    0.56680E-01    0.88220E+01
    0.57825E-01    0.87103E+01
    0.58993E-01    0.85974E+01
    0.60184E-01    0.84819E+01
    0.61400E-01    0.83628E+01
    0.62641E-01    0.82388E+01
    0.63906E-01    0.81088E+01
    0.65197E-01    0.79718E+01
    0.66514E-01    0.78270E+01
    0.67858E-01    0.76738E+01
    0.69229E-01    0.75119E+01
    0.70627E-01    0.73410E+01
    0.72054E-01    0.71614E+01
    0.73510E-01    0.69732E+01
    0.74994E-01    0.67775E+01
    0.76509E-01    0.65760E+01
    0.78055E-01    0.63695E+01
    0.79632E-01    0.61601E+01
    0.81241E-01    0.59495E+01
    0.82882E-01    0.57400E+01
    0.84556E-01    0.55335E+01
    0.86264E-01    0.53324E+01
    0.88007E-01    0.51386E+01
    0.89785E-01    0.49541E+01
    0.91598E-01    0.47807E+01
    0.93449E-01    0.46195E+01
    0.95337E-01    0.44716E+01
    0.97263E-01    0.43376E+01
    0.99227E-01    0.42174E+01
    0.10123E+00    0.41107E+01
    0.10328E+00    0.40166E+01
    0.10536E+00    0.39335E+01
    0.10749E+00    0.38597E+01
    0.10966E+00    0.37927E+01
    0.11188E+00    0.37301E+01
    0.11414E+00    0.36689E+01
    0.11644E+00    0.36063E+01
    0.11880E+00    0.35395E+01
    0.12120E+00    0.34662E+01
    0.12365E+00    0.33848E+01
    0.12614E+00    0.32940E+01
    0.12869E+00    0.31939E+01
    0.13129E+00    0.30849E+01
    0.13394E+00    0.29688E+01
    0.13665E+00    0.28480E+01
    0.13941E+00    0.27256E+01
    0.14223E+00    0.26048E+01
    0.14510E+00    0.24889E+01
    0.14803E+00    0.23807E+01
    0.15102E+00    0.22826E+01
    0.15407E+00    0.21960E+01
    0.15718E+00    0.21215E+01
    0.16036E+00    0.20585E+01
    0.16360E+00    0.20055E+01
    0.16690E+00    0.19603E+01
    0.17028E+00    0.19198E+01
    0.17371E+00    0.18808E+01
    0.17722E+00    0.18398E+01
    0.18080E+00    0.17943E+01
    0.18446E+00    0.17425E+01
    0.18818E+00    0.16837E+01
    0.19198E+00    0.16188E+01
    0.19586E+00    0.15497E+01
    0.19982E+00    0.14793E+01
    0.20386E+00    0.14107E+01
    0.20797E+00    0.13467E+01
    0.21218E+00    0.12896E+01
    0.21646E+00    0.12404E+01
    0.22083E+00    0.11991E+01
    0.22530E+00    0.11641E+01
    0.22985E+00    0.11334E+01
    0.23449E+00    0.11041E+01
    0.23923E+00    0.10736E+01
    0.24406E+00    0.10400E+01
    0.24899E+00    0.10027E+01
    0.25402E+00    0.96206E+00
    0.25915E+00    0.91987E+00
    0.26439E+00    0.87829E+00
    0.26973E+00    0.83943E+00
    0.27518E+00    0.80481E+00
    0.28074E+00    0.77483E+00
    0.28641E+00    0.74882E+00
    0.29219E+00    0.72529E+00
    0.29810E+00    0.70239E+00
    0.30412E+00    0.67860E+00
    0.31026E+00    0.65318E+00
    0.31653E+00    0.62640E+00
    0.32292E+00    0.59934E+00
    0.32945E+00    0.57332E+00
    0.33610E+00    0.54946E+00
    0.34289E+00    0.52813E+00
    0.34982E+00    0.50894E+00
    0.35689E+00    0.49094E+00
    0.36409E+00    0.47311E+00
    0.37145E+00    0.45484E+00
    0.37895E+00    0.43616E+00
    0.38661E+00    0.41766E+00
    0.39442E+00    0.40005E+00
    0.40239E+00    0.38378E+00
    0.41052E+00    0.36881E+00
    0.41881E+00    0.35469E+00
    0.42727E+00    0.34092E+00
    0.43590E+00    0.32717E+00
    0.44471E+00    0.31356E+00
    0.45369E+00    0.30037E+00
    0.46286E+00    0.28791E+00
    0.47221E+00    0.27623E+00
    0.48174E+00    0.26513E+00
    0.49148E+00    0.25439E+00
    0.50141E+00    0.24386E+00
    0.51153E+00    0.23362E+00
    0.52187E+00    0.22380E+00
    0.53241E+00    0.21447E+00
    0.54317E+00    0.20560E+00
    0.55414E+00    0.19706E+00
    0.56533E+00    0.18878E+00
    0.57675E+00    0.18078E+00
    0.58840E+00    0.17312E+00
    0.60029E+00    0.16577E+00
    0.61242E+00    0.15873E+00
    0.62479E+00    0.15199E+00
    0.63741E+00    0.14552E+00
    0.65029E+00    0.13931E+00
    0.66342E+00    0.13336E+00
    0.67683E+00    0.12765E+00
    0.69050E+00    0.12217E+00
    0.70445E+00    0.11691E+00
    0.71868E+00    0.11186E+00
    0.73320E+00    0.10702E+00
    0.74801E+00    0.10237E+00
    0.76312E+00    0.97916E-01
    0.77854E+00    0.93645E-01
    0.79426E+00    0.89551E-01
    0.81031E+00    0.85628E-01
    0.82668E+00    0.81868E-01
    0.84338E+00    0.78267E-01
    0.86041E+00    0.74818E-01
    0.87780E+00    0.71515E-01
    0.89553E+00    0.68351E-01
    0.91362E+00    0.65322E-01
    0.93208E+00    0.62422E-01
    0.95091E+00    0.59645E-01
    0.97011E+00    0.56988E-01
    0.98971E+00    0.54443E-01
    0.10097E+01    0.52008E-01
    0.10301E+01    0.49678E-01
    0.10509E+01    0.47447E-01
    0.10721E+01    0.45313E-01
    0.10938E+01    0.43272E-01
    0.11159E+01    0.41318E-01
    0.11384E+01    0.39450E-01
    0.11614E+01    0.37663E-01
    0.11849E+01    0.35954E-01
    0.12088E+01    0.34320E-01
    0.12333E+01    0.32758E-01
    0.12582E+01    0.31264E-01
    0.12836E+01    0.29836E-01
    0.13095E+01    0.28471E-01
    0.13360E+01    0.27167E-01
    0.13630E+01    0.25920E-01
    0.13905E+01    0.24729E-01
    0.14186E+01    0.23591E-01
    0.14472E+01    0.22503E-01
    0.14765E+01    0.21464E-01
    0.15063E+01    0.20472E-01
    0.15367E+01    0.19524E-01
    0.15678E+01    0.18618E-01
    0.15994E+01    0.17754E-01
    0.16318E+01    0.16928E-01
    0.16647E+01    0.16140E-01
    0.16984E+01    0.15387E-01
    0.17327E+01    0.14668E-01
    0.17677E+01    0.13982E-01
    0.18034E+01    0.13328E-01
    0.18398E+01    0.12703E-01
    0.18770E+01    0.12106E-01
    0.19149E+01    0.11537E-01
    0.19536E+01    0.10994E-01
    0.19930E+01    0.10476E-01
    0.20333E+01    0.99812E-02
    0.20744E+01    0.95095E-02
    0.21163E+01    0.90596E-02
    0.21590E+01    0.86304E-02
    0.22026E+01    0.82210E-02
    0.22471E+01    0.78306E-02
    0.22925E+01    0.74583E-02
    0.23388E+01    0.71032E-02
    0.23861E+01    0.67647E-02
    0.24343E+01    0.64419E-02
    0.24835E+01    0.61342E-02
    0.25336E+01    0.58408E-02
    0.25848E+01    0.55612E-02
    0.26370E+01    0.52946E-02
    0.26903E+01    0.50405E-02
    0.27447E+01    0.47984E-02
    0.28001E+01    0.45677E-02
    0.28567E+01    0.43478E-02
    0.29144E+01    0.41382E-02
    0.29733E+01    0.39386E-02
    0.30333E+01    0.37484E-02
    0.30946E+01    0.35671E-02
    0.31571E+01    0.33945E-02
    0.32209E+01    0.32301E-02
    0.32860E+01    0.30734E-02
    0.33523E+01    0.29242E-02
    0.34201E+01    0.27822E-02
    0.34892E+01    0.26468E-02
    0.35596E+01    0.25180E-02
    0.36316E+01    0.23953E-02
    0.37049E+01    0.22784E-02
    0.37798E+01    0.21672E-02
    0.38561E+01    0.20613E-02
    0.39340E+01    0.19605E-02
    0.40135E+01    0.18645E-02
    0.40946E+01    0.17731E-02
    0.41773E+01    0.16861E-02
    0.42617E+01    0.16034E-02
    0.43478E+01    0.15246E-02
    0.44356E+01    0.14496E-02
    0.45252E+01    0.13782E-02
    0.46166E+01    0.13103E-02
    0.47099E+01    0.12457E-02
    0.48050E+01    0.11843E-02
    0.49021E+01    0.11258E-02
    0.50011E+01    0.10701E-02
    0.51021E+01    0.10172E-02
    0.52052E+01    0.96681E-03
    0.53104E+01    0.91890E-03
    0.54176E+01    0.87333E-03
    0.55271E+01    0.82998E-03
    0.56387E+01    0.78876E-03
    0.57526E+01    0.74954E-03
    0.58689E+01    0.71225E-03
    0.59874E+01    0.67679E-03
    0.61084E+01    0.64307E-03
    0.62318E+01    0.61100E-03
    0.63577E+01    0.58051E-03
    0.64861E+01    0.55152E-03
    0.66171E+01    0.52396E-03
    0.67508E+01    0.49775E-03
    0.68872E+01    0.47284E-03
    0.70263E+01    0.44916E-03
    0.71682E+01    0.42664E-03
    0.73130E+01    0.40524E-03
    0.74608E+01    0.38490E-03
    0.76115E+01    0.36557E-03
    0.77653E+01    0.34719E-03
    0.79221E+01    0.32973E-03
    0.80822E+01    0.31313E-03
    0.82454E+01    0.29736E-03
    0.84120E+01    0.28238E-03
    0.85819E+01    0.26813E-03
    0.87553E+01    0.25460E-03
    0.89322E+01    0.24174E-03
    0.91126E+01    0.22953E-03
    0.92967E+01    0.21792E-03
    0.94845E+01    0.20689E-03
    0.96761E+01    0.19642E-03
    0.98716E+01    0.18647E-03
    0.10071E+02    0.17702E-03
    0.10274E+02    0.16804E-03
    0.10482E+02    0.15951E-03
    0.10694E+02    0.15141E-03
    0.10910E+02    0.14371E-03
    0.11130E+02    0.13640E-03
    0.11355E+02    0.12946E-03
    0.11584E+02    0.12287E-03
    0.11818E+02    0.11661E-03
    0.12057E+02    0.11067E-03
    0.12301E+02    0.10502E-03
    0.12549E+02    0.99665E-04
    0.12803E+02    0.94576E-04
    0.13061E+02    0.89744E-04
    0.13325E+02    0.85157E-04
    0.13594E+02    0.80801E-04
    0.13869E+02    0.76666E-04
    0.14149E+02    0.72741E-04
    0.14435E+02    0.69014E-04
    0.14727E+02    0.65477E-04
    0.15024E+02    0.62118E-04
    0.15328E+02    0.58931E-04
    0.15637E+02    0.55905E-04
    0.15953E+02    0.53033E-04
    0.16275E+02    0.50308E-04
    0.16604E+02    0.47721E-04
    0.16940E+02    0.45266E-04
    0.17282E+02    0.42935E-04
    0.17631E+02    0.40724E-04
    0.17987E+02    0.38626E-04
    0.18351E+02    0.36634E-04
    0.18721E+02    0.34745E-04
    0.19099E+02    0.32952E-04
    0.19485E+02    0.31250E-04
    0.19879E+02    0.29636E-04
    0.20280E+02    0.28104E-04
    0.20690E+02    0.26651E-04
    0.21108E+02    0.25272E-04
    0.21535E+02    0.23964E-04
    0.21970E+02    0.22723E-04
    0.22413E+02    0.21546E-04
    0.22866E+02    0.20429E-04
    0.23328E+02    0.19370E-04
    0.23799E+02    0.18365E-04
    0.24280E+02    0.17412E-04
    0.24771E+02    0.16507E-04
    0.25271E+02    0.15650E-04
    0.25782E+02    0.14836E-04
    0.26302E+02    0.14065E-04
    0.26834E+02    0.13333E-04
    0.27376E+02    0.12639E-04
    0.27929E+02    0.11981E-04
    0.28493E+02    0.11357E-04
    0.29069E+02    0.10765E-04
    0.29656E+02    0.10204E-04
    0.30255E+02    0.96714E-05
    0.30866E+02    0.91666E-05
    0.31490E+02    0.86880E-05
    0.32126E+02    0.82342E-05
    0.32775E+02    0.78040E-05
    0.33437E+02    0.73960E-05
    0.34112E+02    0.70092E-05
    0.34801E+02    0.66424E-05
    0.35504E+02    0.62947E-05
    0.36222E+02    0.59651E-05
    0.36953E+02    0.56526E-05
    0.37700E+02    0.53563E-05
    0.38462E+02    0.50754E-05
    0.39239E+02    0.48092E-05
    0.40031E+02    0.45568E-05
    0.40840E+02    0.43176E-05
    0.41665E+02    0.40908E-05
    0.42507E+02    0.38759E-05
    0.43365E+02    0.36721E-05
    0.44241E+02    0.34790E-05
    0.45135E+02    0.32960E-05
    0.46047E+02    0.31225E-05
    0.46977E+02    0.29581E-05
    0.47926E+02    0.28023E-05
    0.48894E+02    0.26546E-05
    0.49882E+02    0.25146E-05
    0.50890E+02    0.23820E-05
    0.51918E+02    0.22563E-05
    0.52966E+02    0.21372E-05
    0.54036E+02    0.20244E-05
    0.55128E+02    0.19174E-05
    0.56242E+02    0.18161E-05
    0.57378E+02    0.17200E-05
    0.58537E+02    0.16291E-05
    0.59720E+02    0.15428E-05
    0.60926E+02    0.14612E-05
    0.62157E+02    0.13838E-05
    0.63412E+02    0.13105E-05
    0.64693E+02    0.12410E-05
    0.66000E+02    0.11752E-05
    0.67334E+02    0.11128E-05
    0.68694E+02    0.10538E-05
    0.70082E+02    0.99780E-06
    0.71497E+02    0.94479E-06
    0.72942E+02    0.89458E-06
    0.74415E+02    0.84701E-06
    0.75918E+02    0.80195E-06
    0.77452E+02    0.75927E-06
    0.79017E+02    0.71885E-06
    0.80613E+02    0.68055E-06
    0.82241E+02    0.64428E-06
    0.83903E+02    0.60993E-06
    0.85598E+02    0.57739E-06
    0.87327E+02    0.54658E-06
    0.89091E+02    0.51739E-06
    0.90891E+02    0.48975E-06
    0.92727E+02    0.46358E-06
    0.94600E+02    0.43879E-06
    0.96511E+02    0.41531E-06
    0.98461E+02    0.39308E-06
    0.10045E+03    0.37202E-06
    0.10248E+03    0.35209E-06
    0.10455E+03    0.33321E-06
    0.10666E+03    0.31534E-06
    0.10882E+03    0.29841E-06
    0.11101E+03    0.28239E-06
    0.11326E+03    0.26721E-06
    0.11554E+03    0.25285E-06
    0.11788E+03    0.23924E-06
    0.12026E+03    0.22636E-06
    0.12269E+03    0.21417E-06
    0.12517E+03    0.20263E-06
    0.12770E+03    0.19170E-06
    0.13028E+03    0.18135E-06
    0.13291E+03    0.17156E-06
    0.13559E+03    0.16229E-06
    0.13833E+03    0.15351E-06
    0.14113E+03    0.14520E-06
    0.14398E+03    0.13734E-06
    0.14689E+03    0.12990E-06
    0.14985E+03    0.12285E-06
    0.15288E+03    0.11619E-06
    0.15597E+03    0.10988E-06
    0.15912E+03    0.10391E-06
    0.16233E+03    0.98258E-07
    0.16561E+03    0.92909E-07
    0.16896E+03    0.87848E-07
    0.17237E+03    0.83057E-07
    0.17585E+03    0.78522E-07
    0.17941E+03    0.74231E-07
    0.18303E+03    0.70169E-07
    0.18673E+03    0.66324E-07
    0.19050E+03    0.62686E-07
    0.19435E+03    0.59243E-07
    0.19828E+03    0.55987E-07
    0.20228E+03    0.52906E-07
    0.20637E+03    0.49993E-07
    0.21054E+03    0.47238E-07
    0.21479E+03    0.44634E-07
    0.21913E+03    0.42172E-07
    0.22356E+03    0.39846E-07
