1.000000000000000048e-04 1.056880990694745615e+00
1.020200000000000024e-04 1.056841960824671744e+00
1.040800000000000064e-04 1.056781485468245352e+00
1.061800000000000032e-04 1.056770575622629105e+00
1.083300000000000013e-04 1.056736212194727464e+00
1.105200000000000057e-04 1.056715092304764347e+00
1.127500000000000030e-04 1.056673613487200347e+00
1.150300000000000015e-04 1.056611255147171136e+00
1.173500000000000064e-04 1.056590793527353078e+00
1.197199999999999989e-04 1.056549539508417901e+00
1.221399999999999927e-04 1.056488725264611128e+00
1.246099999999999877e-04 1.056465942744323927e+00
1.271199999999999891e-04 1.056422170594092380e+00
1.296899999999999865e-04 1.056358655854194417e+00
1.323100000000000122e-04 1.056303191489361692e+00
1.349900000000000069e-04 1.056255379078319567e+00
1.377100000000000080e-04 1.056213396076826738e+00
1.404900000000000051e-04 1.056151878417013634e+00
1.433299999999999982e-04 1.056096601249323585e+00
1.462299999999999874e-04 1.056021800993585114e+00
1.491800000000000049e-04 1.055977296913799046e+00
1.522000000000000132e-04 1.055889241900697995e+00
1.552699999999999957e-04 1.055829713687944871e+00
1.584099999999999961e-04 1.055750061325067435e+00
1.616099999999999926e-04 1.055675829342430427e+00
1.648700000000000122e-04 1.055604400317371683e+00
1.681999999999999956e-04 1.055536863355343469e+00
1.715999999999999969e-04 1.055450158782529790e+00
1.750699999999999891e-04 1.055345479546235810e+00
1.786000000000000044e-04 1.055264723378941172e+00
1.822100000000000054e-04 1.055165574503665438e+00
1.858899999999999973e-04 1.055069313349732196e+00
1.896500000000000020e-04 1.054955123410620699e+00
1.934799999999999975e-04 1.054862842892768215e+00
1.973900000000000058e-04 1.054752400474700647e+00
2.013799999999999998e-04 1.054625923509600938e+00
2.054400000000000117e-04 1.054500812670747356e+00
2.095900000000000042e-04 1.054377130067653434e+00
2.138300000000000042e-04 1.054254929999002499e+00
2.181499999999999900e-04 1.054117071579977249e+00
2.225499999999999885e-04 1.053963736369160076e+00
2.270499999999999895e-04 1.053811659192825045e+00
2.316399999999999980e-04 1.053660936683169957e+00
2.363199999999999871e-04 1.053510848423623747e+00
2.410900000000000109e-04 1.053346739017934963e+00
2.459599999999999829e-04 1.053168814974843714e+00
2.509300000000000115e-04 1.052977307626685066e+00
2.559999999999999884e-04 1.052801829310801462e+00
2.611700000000000219e-04 1.052599196040362006e+00
2.664499999999999985e-04 1.052412110160628522e+00
2.718299999999999775e-04 1.052199066465058230e+00
2.773200000000000079e-04 1.051961112973516688e+00
2.829199999999999814e-04 1.051751823894599758e+00
2.886400000000000012e-04 1.051505870974941415e+00
2.944700000000000182e-04 1.051249939205291639e+00
3.004199999999999731e-04 1.050996804502313031e+00
3.064899999999999743e-04 1.050734296805575063e+00
3.126800000000000217e-04 1.050451194202699279e+00
3.189900000000000070e-04 1.050160793397350689e+00
3.254399999999999741e-04 1.049862167824456849e+00
3.320099999999999874e-04 1.049545847750865235e+00
3.387199999999999825e-04 1.049212139206413097e+00
3.455600000000000186e-04 1.048904509863050727e+00
3.525399999999999823e-04 1.048488247590883660e+00
3.596599999999999819e-04 1.048200000000000021e+00
3.669300000000000122e-04 1.047857212905756619e+00
3.743400000000000243e-04 1.047312241561688451e+00
3.819000000000000129e-04 1.046963410033949549e+00
3.896200000000000271e-04 1.046518080088782110e+00
3.974900000000000178e-04 1.046072918556139930e+00
4.055199999999999799e-04 1.045624332977588056e+00
4.137100000000000217e-04 1.045089830804116326e+00
4.220699999999999756e-04 1.044560383167978168e+00
4.306000000000000040e-04 1.044120114074819750e+00
4.392900000000000038e-04 1.043596281977461571e+00
4.481700000000000137e-04 1.042994272807937328e+00
4.572199999999999897e-04 1.042401708725575471e+00
4.664599999999999758e-04 1.041734543479947206e+00
4.758799999999999771e-04 1.041080258653480417e+00
4.854999999999999832e-04 1.040435690838555693e+00
4.952999999999999504e-04 1.039727831431079830e+00
5.053100000000000256e-04 1.039032790414005980e+00
5.155199999999999973e-04 1.038350573499401852e+00
5.259299999999999739e-04 1.037540542405630983e+00
5.365600000000000534e-04 1.036678622183122345e+00
5.473900000000000293e-04 1.035906285259175608e+00
5.584500000000000488e-04 1.035016922676386342e+00
5.697299999999999543e-04 1.034086556874760809e+00
5.812400000000000119e-04 1.033114241001565015e+00
5.929900000000000535e-04 1.032168948370065786e+00
6.049599999999999813e-04 1.031127701848395306e+00
6.171899999999999912e-04 1.030054322153991508e+00
6.296500000000000447e-04 1.028953616306676588e+00
6.423699999999999636e-04 1.027828259881871986e+00
6.553499999999999647e-04 1.026623593628160691e+00
6.685900000000000480e-04 1.025345496258261768e+00
6.821000000000000457e-04 1.024108003857280513e+00
6.958799999999999578e-04 1.022749960594756535e+00
7.099300000000000012e-04 1.021385138616922594e+00
7.242699999999999486e-04 1.019912063476019704e+00
7.389099999999999575e-04 1.018438661710037163e+00
7.538300000000000382e-04 1.016819794856837156e+00
7.690600000000000127e-04 1.015209306760751495e+00
7.845999999999999893e-04 1.013514145429039059e+00
8.004499999999999680e-04 1.011786828104934921e+00
8.166199999999999978e-04 1.009941073276055867e+00
8.331099999999999704e-04 1.008073766875496435e+00
8.499399999999999837e-04 1.006144792072352745e+00
8.671100000000000379e-04 1.004074529943550731e+00
8.846299999999999650e-04 1.001956539838481319e+00
9.024999999999999819e-04 9.997550120452410871e-01
9.207300000000000293e-04 9.974769723668401866e-01
9.393300000000000477e-04 9.951290411281769055e-01
9.583099999999999778e-04 9.926408260769051806e-01
9.776699999999999280e-04 9.900982615268330012e-01
9.974199999999999473e-04 9.874698795180723021e-01
1.017600000000000015e-03 9.847278280789788507e-01
1.038099999999999917e-03 9.818804394350122422e-01
1.059100000000000102e-03 9.789370560862110660e-01
1.080500000000000080e-03 9.758726018464495278e-01
1.102300000000000068e-03 9.726963606369727344e-01
1.124599999999999905e-03 9.693857331571994473e-01
1.147299999999999969e-03 9.659830887355428386e-01
1.170500000000000099e-03 9.624662323216272020e-01
1.194100000000000023e-03 9.587840997661729592e-01
1.218200000000000012e-03 9.550084110720293840e-01
1.242899999999999908e-03 9.510907072343746105e-01
1.268000000000000030e-03 9.470136292720261473e-01
1.293600000000000002e-03 9.427903081410460295e-01
1.319700000000000040e-03 9.384314614382048836e-01
1.346399999999999984e-03 9.338967031745148972e-01
1.373599999999999995e-03 9.292259859270168842e-01
1.401300000000000072e-03 9.244066254582430364e-01
1.429600000000000055e-03 9.193730473365012701e-01
1.458499999999999944e-03 9.142172647414926745e-01
1.487999999999999956e-03 9.089024821798695752e-01
1.518000000000000035e-03 9.033706193109948268e-01
1.548700000000000077e-03 8.976611745235950623e-01
1.580000000000000024e-03 8.917679650371362898e-01
1.611900000000000095e-03 8.856834852710271377e-01
1.644499999999999912e-03 8.794213697622004222e-01
1.677700000000000068e-03 8.729349101742349681e-01
1.711599999999999970e-03 8.662620714095862207e-01
1.746200000000000052e-03 8.593569984566223896e-01
1.781400000000000041e-03 8.522785458269329650e-01
1.817400000000000048e-03 8.449618896054945649e-01
1.854100000000000019e-03 8.374267803925597997e-01
1.891600000000000009e-03 8.296919445621255829e-01
1.929799999999999962e-03 8.216994395928631789e-01
1.968800000000000151e-03 8.135059482155352351e-01
2.008600000000000142e-03 8.050567693922334733e-01
2.049099999999999880e-03 7.964069612783574170e-01
2.090499999999999910e-03 7.875232192448458068e-01
2.132799999999999800e-03 7.783756455165939947e-01
2.175799999999999870e-03 7.690316632982305833e-01
2.219800000000000072e-03 7.594304315281912299e-01
2.264599999999999860e-03 7.495897716395459875e-01
2.310400000000000214e-03 7.395179428648158693e-01
2.357099999999999994e-03 7.292147425331312327e-01
2.404700000000000067e-03 7.186887899635775456e-01
2.453299999999999838e-03 7.079239403478648773e-01
2.502799999999999903e-03 6.969455635716292896e-01
2.553399999999999941e-03 6.857274330853593280e-01
2.605000000000000111e-03 6.743057752866549182e-01
2.657599999999999980e-03 6.626554174067494918e-01
2.711299999999999821e-03 6.508114239181014282e-01
2.765999999999999796e-03 6.387587152817464364e-01
2.821900000000000016e-03 6.265266586180756603e-01
2.878900000000000209e-03 6.141091430778569116e-01
2.937100000000000214e-03 6.015155828486993261e-01
2.996400000000000192e-03 5.887635060419137423e-01
3.056899999999999982e-03 5.758563796354494446e-01
3.118699999999999858e-03 5.628177570694914422e-01
3.181699999999999980e-03 5.496425634212690481e-01
3.246000000000000187e-03 5.363651064147375580e-01
3.311500000000000207e-03 5.229982755879510892e-01
3.378400000000000153e-03 5.095480891796340117e-01
3.446700000000000024e-03 4.960503287450924170e-01
3.516299999999999981e-03 4.824799097538000070e-01
3.587400000000000137e-03 4.688987005856515844e-01
3.659799999999999946e-03 4.553709058586585812e-01
3.733799999999999793e-03 4.417842714040622343e-01
3.809199999999999999e-03 4.280611578167878850e-01
3.886099999999999971e-03 4.149477631931422494e-01
3.964600000000000415e-03 4.026276664171156705e-01
4.044700000000000031e-03 3.899006880234114902e-01
4.126399999999999686e-03 3.766662240426553176e-01
4.209799999999999653e-03 3.636793259127427125e-01
4.294799999999999660e-03 3.509305088101365988e-01
4.381600000000000251e-03 3.383663125060921706e-01
4.470100000000000288e-03 3.259742752927625165e-01
4.560400000000000044e-03 3.138305917942900702e-01
4.652500000000000385e-03 3.019368656299469267e-01
4.746499999999999851e-03 2.902944683973947004e-01
4.842400000000000176e-03 2.789497469269703323e-01
4.940199999999999626e-03 2.679462059137869834e-01
5.040000000000000209e-03 2.571930132537523228e-01
5.141899999999999596e-03 2.465265161346137379e-01
5.245699999999999842e-03 2.362558635394456097e-01
5.351700000000000033e-03 2.265029849491297376e-01
5.459799999999999896e-03 2.171475953565505657e-01
5.570099999999999704e-03 2.081036879548614216e-01
5.682600000000000325e-03 1.994434137291280218e-01
5.797400000000000296e-03 1.911355136468528837e-01
5.914499999999999619e-03 1.832129396984924774e-01
6.034000000000000301e-03 1.756314892298155850e-01
6.155899999999999740e-03 1.684307127561945339e-01
6.280299999999999945e-03 1.616487996376264336e-01
6.407200000000000048e-03 1.552027429934406400e-01
6.536600000000000049e-03 1.490357721183571127e-01
6.668600000000000222e-03 1.431956964233788987e-01
6.803299999999999972e-03 1.376804308797127396e-01
6.940799999999999574e-03 1.324535263232581306e-01
7.080999999999999621e-03 1.275047325247143093e-01
7.224000000000000386e-03 1.228258609936941359e-01
7.369999999999999815e-03 1.183711213096787368e-01
7.518900000000000236e-03 1.141415509651202143e-01
7.670800000000000188e-03 1.101332797535329311e-01
7.825699999999999670e-03 1.063195548489666159e-01
7.983799999999999231e-03 1.026803853463529731e-01
8.145100000000000603e-03 9.918293236495688558e-02
8.309600000000000319e-03 9.582210242587600735e-02
8.477500000000000660e-03 9.259259259259260133e-02
8.648799999999999891e-03 8.945779343313624288e-02
8.823499999999999746e-03 8.640214276815748329e-02
9.001699999999999632e-03 8.342074412290985397e-02
9.183600000000000096e-03 8.051106492236213830e-02
9.369099999999999998e-03 7.765190525231718821e-02
9.558300000000000476e-03 7.483487450462350532e-02
9.751400000000000345e-03 7.207239387985948931e-02
9.948399999999999604e-03 6.935293423072382002e-02
1.014900000000000004e-02 6.667642752562226438e-02
1.035400000000000036e-02 6.405369283514440737e-02
1.056400000000000047e-02 6.147635524798154838e-02
1.077700000000000012e-02 5.895689013568444076e-02
1.099499999999999957e-02 5.649593542152236969e-02
1.121699999999999954e-02 5.410502540937323773e-02
1.144300000000000005e-02 5.178681626928471893e-02
1.167499999999999961e-02 4.954836911067745514e-02
1.191000000000000045e-02 4.738983426639321872e-02
1.215100000000000034e-02 4.531804652188292648e-02
1.239700000000000003e-02 4.333260225901962998e-02
1.264700000000000026e-02 4.143605412483631484e-02
1.290200000000000027e-02 3.962309238038342479e-02
1.316299999999999935e-02 3.789368375513735288e-02
1.342899999999999996e-02 3.623990089410751569e-02
1.370000000000000037e-02 3.466054848923952325e-02
1.397699999999999984e-02 3.314930722730433793e-02
1.425900000000000084e-02 3.169733824078519585e-02
1.454699999999999917e-02 3.030169202937107661e-02
1.484100000000000003e-02 2.895354393416511851e-02
1.514099999999999994e-02 2.765357502517623231e-02
1.544700000000000066e-02 2.639390250357274981e-02
1.575899999999999870e-02 2.517556848228450633e-02
1.607700000000000101e-02 2.399418604651162509e-02
1.640199999999999991e-02 2.285065003699397398e-02
1.673399999999999888e-02 2.174561218016493949e-02
1.707200000000000037e-02 2.068038728109623803e-02
1.741600000000000092e-02 1.965619537002701728e-02
1.776799999999999907e-02 1.867338816662244758e-02
1.812700000000000075e-02 1.773292916400765959e-02
1.849299999999999902e-02 1.683640823291030972e-02
1.886699999999999836e-02 1.598256311510483363e-02
1.924800000000000122e-02 1.517420948086111755e-02
1.963700000000000168e-02 1.440808625336927225e-02
2.003399999999999972e-02 1.368446707105719362e-02
2.043800000000000130e-02 1.300195993031359049e-02
2.085100000000000148e-02 1.235722499041778250e-02
2.127199999999999924e-02 1.174775469722849804e-02
2.170199999999999907e-02 1.116886719183401815e-02
2.214100000000000096e-02 1.061640773443612434e-02
2.258800000000000044e-02 1.008562415502478604e-02
2.304399999999999851e-02 9.570503351891830948e-03
2.350999999999999965e-02 9.067301077734464532e-03
2.398499999999999938e-02 8.574984082884760592e-03
2.446900000000000117e-02 8.094263493362960707e-03
2.496400000000000008e-02 7.627379122827756749e-03
2.546800000000000105e-02 7.180176948828310979e-03
2.598200000000000162e-02 6.758620689655172285e-03
2.650699999999999931e-02 6.368981991914737101e-03
2.704300000000000107e-02 6.013713931120074664e-03
2.758899999999999894e-02 5.692539942131085752e-03
2.814600000000000088e-02 5.400421025771880157e-03
2.871500000000000094e-02 5.128681468056184474e-03
2.929500000000000159e-02 4.867262452359048461e-03
2.988700000000000037e-02 4.607088033104184827e-03
3.048999999999999974e-02 4.343777551712444882e-03
3.110600000000000170e-02 4.078323221180363972e-03
3.173499999999999932e-02 3.817416912074042719e-03
3.237600000000000200e-02 3.570766157797117778e-03
3.302999999999999686e-02 3.346885436329316392e-03
3.369699999999999779e-02 3.149065109747986244e-03
3.437799999999999884e-02 2.975767609873570304e-03
3.507199999999999901e-02 2.816816126312562171e-03
3.578100000000000031e-02 2.664376610195955813e-03
3.650400000000000172e-02 2.512924520798536388e-03
3.724100000000000327e-02 2.351754314885341497e-03
3.799299999999999899e-02 2.179461779758956348e-03
3.876099999999999685e-02 2.015894373896224157e-03
3.954400000000000276e-02 1.870824053452115662e-03
4.034299999999999692e-02 1.742650266073453953e-03
4.115800000000000014e-02 1.626576656599751369e-03
4.198899999999999855e-02 1.517359855334538682e-03
4.283800000000000108e-02 1.411813414297543364e-03
4.370299999999999879e-02 1.311529103499906425e-03
4.458600000000000063e-02 1.220382529260633691e-03
4.548599999999999866e-02 1.140121845082680717e-03
4.640500000000000180e-02 1.068664047151277009e-03
4.734300000000000314e-02 1.001097147416716692e-03
4.829900000000000165e-02 9.329905255486273729e-04
4.927499999999999936e-02 8.645884672252340981e-04
5.027000000000000218e-02 7.993233043568788963e-04
5.128599999999999826e-02 7.412503297283039522e-04
5.232200000000000045e-02 6.916745061147695382e-04
5.337900000000000283e-02 6.489524118889069366e-04
5.445699999999999846e-02 6.101077886333980925e-04
5.555700000000000222e-02 5.724278830139237261e-04
5.668000000000000121e-02 5.345409161438305183e-04
5.782500000000000140e-02 4.971416858359714456e-04
5.899299999999999683e-02 4.624809635885366297e-04
6.018400000000000138e-02 4.320228266716561556e-04
6.140000000000000319e-02 4.044334800090140314e-04
6.264100000000000223e-02 3.767697197341808883e-04
6.390600000000000447e-02 3.484355505541013526e-04
6.519700000000000495e-02 3.224092667935749262e-04
6.651400000000000368e-02 3.009351952758699145e-04
6.785800000000000165e-02 2.820602300633320392e-04
6.922899999999999887e-02 2.627117525119822511e-04
7.062699999999999534e-02 2.436295835922933680e-04
7.205400000000000693e-02 2.273004265691651587e-04
7.351000000000000589e-02 2.127841151537564451e-04
7.499400000000000510e-02 1.974858781865542758e-04
7.650899999999999368e-02 1.824406871691226241e-04
7.805499999999999938e-02 1.702584864528184380e-04
7.963199999999999446e-02 1.597320839169846568e-04
8.124099999999999377e-02 1.482079151802087147e-04
8.288199999999999734e-02 1.367228807409199296e-04
8.455600000000000616e-02 1.273493090531070161e-04
8.626399999999999346e-02 1.192281223844508445e-04
8.800700000000000189e-02 1.109837299519425503e-04
8.978500000000000369e-02 1.028346078392120672e-04
9.159799999999999887e-02 9.548387096774193237e-05
9.344900000000000428e-02 8.901292344682495592e-05
9.533700000000000507e-02 8.271090215559301351e-05
9.726300000000000223e-02 7.666948629432339347e-05
9.922699999999999576e-02 7.151254379158731005e-05
1.012300000000000005e-01 6.627026244693168722e-05
1.032799999999999968e-01 6.136318751851486432e-05
1.053599999999999953e-01 5.755841798795089900e-05
1.074900000000000022e-01 5.305828859146607870e-05
1.096599999999999936e-01 4.903011607236222846e-05
1.118799999999999933e-01 4.608596262725604768e-05
1.141400000000000053e-01 4.244946492271106078e-05
1.164400000000000018e-01 3.940668646211371016e-05
1.188000000000000028e-01 3.673315031654434304e-05
1.212000000000000022e-01 3.396075290348418024e-05
1.236499999999999960e-01 3.157077572064682675e-05
1.261400000000000021e-01 2.926640577965081074e-05
1.286899999999999988e-01 2.716290477816759455e-05
1.312899999999999900e-01 2.527836708453873129e-05
1.339400000000000035e-01 2.329313915425212207e-05
1.366499999999999937e-01 2.176601671309192384e-05
1.394100000000000061e-01 2.010259768609474053e-05
1.422299999999999953e-01 1.862380082229328612e-05
1.451000000000000068e-01 1.736164787441730746e-05
1.480299999999999949e-01 1.601149568911658039e-05
1.510199999999999876e-01 1.488488271068635816e-05
1.540700000000000125e-01 1.380503002664017674e-05
1.571799999999999864e-01 1.276300415946160667e-05
1.603600000000000025e-01 1.183700992197283535e-05
1.635999999999999954e-01 1.097187206485738308e-05
1.668999999999999928e-01 1.015071056491174950e-05
1.702799999999999869e-01 9.443325587399947394e-06
1.737100000000000033e-01 8.717516208950503421e-06
1.772199999999999886e-01 8.074581020639111690e-06
1.807999999999999885e-01 7.505801746049287548e-06
1.844600000000000128e-01 6.880050073972913944e-06
1.881799999999999862e-01 6.452505741711324739e-06
1.919800000000000118e-01 5.918718608354771626e-06
1.958600000000000063e-01 5.519674963209418503e-06
1.998199999999999976e-01 5.096521214558616867e-06
2.038600000000000134e-01 4.714205384128769075e-06
2.079699999999999882e-01 4.367987041672801915e-06
2.121800000000000075e-01 4.054051976011072557e-06
2.164600000000000135e-01 3.725361681720086172e-06
2.208299999999999985e-01 3.469119470855725267e-06
2.253000000000000003e-01 3.227899846704139458e-06
2.298499999999999988e-01 2.951364590622813062e-06
2.344900000000000040e-01 2.740481321839080751e-06
2.392299999999999982e-01 2.533524196527521180e-06
2.440599999999999992e-01 2.356053384175405354e-06
2.489899999999999891e-01 2.153070305547315358e-06
2.540200000000000236e-01 2.014449288357088974e-06
2.591499999999999915e-01 1.850430620978086103e-06
2.643900000000000139e-01 1.728494016708060408e-06
2.697300000000000253e-01 1.603869413209864817e-06
2.751799999999999802e-01 1.466109838125508192e-06
2.807399999999999896e-01 1.354667826799058161e-06
2.864099999999999979e-01 1.247504302925989820e-06
2.921900000000000053e-01 1.164288252822657632e-06
2.980999999999999761e-01 1.080991432241308834e-06
3.041200000000000014e-01 9.898460099932794998e-07
3.102599999999999802e-01 9.155282331511839352e-07
3.165299999999999780e-01 8.529076577289562928e-07
3.229199999999999848e-01 7.833970254934074865e-07
3.294500000000000206e-01 7.195503674881105864e-07
3.361000000000000099e-01 6.724828581739443451e-07
3.428899999999999726e-01 6.276515862586822422e-07
3.498200000000000198e-01 5.749990259866754977e-07
3.568899999999999850e-01 5.280812650200941468e-07
3.640900000000000247e-01 4.889349930843707067e-07
3.714500000000000024e-01 4.546702997275204699e-07
3.789500000000000091e-01 4.211902164029823478e-07
3.866100000000000092e-01 3.881450885438921514e-07
3.944199999999999928e-01 3.572738537794299471e-07
4.023900000000000254e-01 3.310599602159704407e-07
4.105199999999999960e-01 3.050888464743676039e-07
4.188100000000000156e-01 2.802236198462613559e-07
4.272699999999999831e-01 2.578449905482041510e-07
4.359000000000000097e-01 2.380454545454545600e-07
4.447099999999999942e-01 2.218199639548486826e-07
4.536899999999999822e-01 2.061392217051192984e-07
4.628599999999999937e-01 1.882881641929818566e-07
4.722100000000000186e-01 1.743584221671870992e-07
4.817400000000000015e-01 1.621456884301847220e-07
4.914799999999999724e-01 1.503975368306181424e-07
5.014100000000000223e-01 1.379111273732569075e-07
5.115300000000000402e-01 1.294105164877138000e-07
5.218699999999999450e-01 1.187657821290922775e-07
5.324100000000000499e-01 1.082050570887070773e-07
5.431700000000000417e-01 9.970583980325022901e-08
5.541399999999999659e-01 9.397263030790903456e-08
5.653299999999999992e-01 8.552071844966125535e-08
5.767499999999999849e-01 8.185258308654162875e-08
5.884000000000000341e-01 7.841475287784205488e-08
6.002899999999999903e-01 7.390706297470247914e-08
6.124199999999999644e-01 6.872774967210042847e-08
6.247899999999999565e-01 6.322222946970190342e-08
6.374100000000000321e-01 5.769178362174683825e-08
6.502900000000000347e-01 5.236194136066040227e-08
6.634200000000000097e-01 4.739518287243532671e-08
6.768300000000000427e-01 4.290152221186703666e-08
6.905000000000000027e-01 3.894181611620546231e-08
7.044500000000000206e-01 3.551136363636363686e-08
7.186799999999999855e-01 3.251971993264202704e-08
7.331999999999999629e-01 2.989253288864183749e-08
7.480099999999999527e-01 2.755858996707340452e-08
7.631200000000000205e-01 2.547133512889572781e-08
7.785400000000000098e-01 2.358396679865331419e-08
7.942599999999999660e-01 2.186216440631054132e-08
8.103099999999999747e-01 2.027857862377991445e-08
8.266799999999999704e-01 1.880812826971517236e-08
8.433800000000000185e-01 1.743261045804621121e-08
8.604100000000000081e-01 1.613993241900218417e-08
8.778000000000000247e-01 1.492936658672175132e-08
8.955300000000000482e-01 1.379841025789794179e-08
9.136199999999999877e-01 1.274500280783766059e-08
9.320800000000000196e-01 1.176693878847558812e-08
9.509100000000000330e-01 1.086118914246771189e-08
9.701100000000000279e-01 1.002418232428670720e-08
9.897099999999999786e-01 9.252649597552537352e-09
1.009700000000000042e+00 8.542643638720499517e-09
1.030100000000000016e+00 7.890913445227214873e-09
1.050899999999999945e+00 7.292768038113547809e-09
1.072100000000000053e+00 6.742588338256207343e-09
1.093800000000000106e+00 6.235393850524675595e-09
1.115899999999999892e+00 5.766868221518380479e-09
1.138400000000000079e+00 5.332864215526124079e-09
1.161399999999999988e+00 4.930374582115875002e-09
1.184900000000000064e+00 4.556183648145595280e-09
1.208800000000000097e+00 4.208048068867897087e-09
1.233300000000000063e+00 3.883357041251777969e-09
1.258199999999999985e+00 3.580262573729942539e-09
1.283600000000000074e+00 3.297766996743536910e-09
1.309500000000000108e+00 3.035170804749799519e-09
1.336000000000000076e+00 2.791876505364571710e-09
1.362999999999999989e+00 2.567548959608322752e-09
1.390500000000000069e+00 2.361143406967886817e-09
1.418600000000000083e+00 2.171884849758352880e-09
1.447200000000000042e+00 1.998810467882632980e-09
1.476499999999999924e+00 1.840923787528868661e-09
1.506299999999999972e+00 1.697273475713109453e-09
1.536699999999999955e+00 1.566749606459147832e-09
1.567800000000000082e+00 1.448373182810586359e-09
1.599399999999999933e+00 1.340369687831574209e-09
1.631799999999999917e+00 1.241478271055405828e-09
1.664700000000000069e+00 1.150439216168069320e-09
1.698399999999999910e+00 1.066301546391752562e-09
1.732699999999999907e+00 9.882392700236564830e-10
1.767700000000000049e+00 9.155498830036162508e-10
1.803399999999999892e+00 8.475042773190508271e-10
1.839800000000000102e+00 7.837964408367155077e-10
1.877000000000000002e+00 7.238227827368766374e-10
1.914900000000000047e+00 6.674830282718913932e-10
1.953600000000000003e+00 6.147804130219135862e-10
1.993000000000000105e+00 5.657013060760930552e-10
2.033300000000000107e+00 5.202145624317075677e-10
2.074399999999999800e+00 4.781738377972622394e-10
2.116299999999999848e+00 4.395320587881242124e-10
2.158999999999999808e+00 4.041125789775991058e-10
2.202599999999999891e+00 3.717514260561256698e-10
2.247100000000000097e+00 3.422635250623551511e-10
2.292499999999999982e+00 3.154851316681510310e-10
2.338799999999999990e+00 2.911956005917985947e-10
2.386099999999999888e+00 2.690819556806190332e-10
2.434299999999999908e+00 2.489072888451120349e-10
2.483499999999999819e+00 2.304434962503232418e-10
2.533599999999999852e+00 2.134842903943102292e-10
2.584799999999999986e+00 1.978891820580474842e-10
2.637000000000000011e+00 1.834787656355328947e-10
2.690300000000000136e+00 1.701520426427489379e-10
2.744699999999999918e+00 1.577904502159135205e-10
2.800100000000000033e+00 1.463002756614790025e-10
2.856700000000000017e+00 1.356007570747725453e-10
2.914400000000000102e+00 1.256252994729276589e-10
2.973300000000000054e+00 1.163192871167497458e-10
3.033300000000000107e+00 1.076253702920016938e-10
3.094599999999999795e+00 9.950806003335186291e-11
3.157099999999999795e+00 9.191565174216536189e-11
3.220899999999999874e+00 8.482197667280539504e-11
3.286000000000000032e+00 7.818387096774193391e-11
3.352300000000000058e+00 7.197830140701813794e-11
3.420100000000000140e+00 6.617846197705081928e-11
3.489199999999999857e+00 6.076338165336928523e-11
3.559600000000000097e+00 5.573099184943102905e-11
3.631600000000000161e+00 5.107201986754966323e-11
3.704899999999999860e+00 4.678647578434359265e-11
3.779799999999999827e+00 4.285511688549338129e-11
3.856100000000000083e+00 3.925881390986484515e-11
3.934000000000000163e+00 3.598159198948114109e-11
4.013499999999999623e+00 3.300382856535148738e-11
4.094599999999999795e+00 3.030697830462983369e-11
4.177299999999999791e+00 2.786852472511318842e-11
4.261700000000000266e+00 2.566720257234726590e-11
4.347800000000000331e+00 2.367212901547665453e-11
4.435599999999999987e+00 2.185965392244032423e-11
4.525199999999999889e+00 2.020356783196662424e-11
4.616600000000000037e+00 1.868729666338805780e-11
4.709900000000000198e+00 1.729407083167528869e-11
4.804999999999999716e+00 1.600920887400585932e-11
4.902099999999999902e+00 1.482078379568471866e-11
5.001100000000000101e+00 1.371780618862330755e-11
5.102100000000000080e+00 1.269298245614035203e-11
5.205199999999999605e+00 1.173846611360070511e-11
5.310399999999999565e+00 1.084869017306115407e-11
5.417600000000000193e+00 1.002190990827354490e-11
5.527099999999999902e+00 9.253069903005399414e-12
5.638700000000000045e+00 8.539286297874478983e-12
5.752600000000000158e+00 7.876643475040342661e-12
5.868900000000000006e+00 7.262148355395944267e-12
5.987400000000000055e+00 6.692839564045470384e-12
6.108399999999999608e+00 6.165456423538843428e-12
6.231799999999999784e+00 5.677614071525929484e-12
6.357700000000000351e+00 5.226376103700920324e-12
6.486100000000000421e+00 4.810620359884233326e-12
6.617099999999999760e+00 4.428171359370269338e-12
6.750799999999999912e+00 4.077083955781297466e-12
6.887199999999999989e+00 3.755556487461209143e-12
7.026299999999999990e+00 3.461725233974925098e-12
7.168199999999999683e+00 3.193827992470894618e-12
7.312999999999999723e+00 2.949796936928120587e-12
7.460799999999999876e+00 2.727764469515493493e-12
7.611500000000000377e+00 2.526292951482114412e-12
7.765299999999999869e+00 2.343270795853679256e-12
7.922100000000000364e+00 2.175777256599915651e-12
8.082200000000000273e+00 2.021529888551164912e-12
8.245400000000000063e+00 1.878404961157603188e-12
8.412000000000000810e+00 1.744715960957798037e-12
8.581899999999999196e+00 1.619227213902754900e-12
8.755300000000000082e+00 1.500700934579439315e-12
8.932199999999999918e+00 1.388303326087848076e-12
9.112600000000000477e+00 1.281326940520927820e-12
9.296699999999999520e+00 1.179299363057324720e-12
9.484500000000000597e+00 1.082135326816177825e-12
9.676099999999999923e+00 9.906117504542701412e-13
9.871600000000000819e+00 9.054657592513823949e-13
1.007099999999999973e+01 8.268735297412343852e-13
1.027399999999999913e+01 7.549707947371525335e-13
1.048199999999999932e+01 6.897687717553455740e-13
1.069400000000000084e+01 6.310457730338550015e-13
1.091000000000000014e+01 5.785305277681959271e-13
1.113000000000000078e+01 5.318941706643407511e-13
1.135500000000000043e+01 4.907719405728288014e-13
1.158399999999999963e+01 4.546276123618172548e-13
1.181799999999999962e+01 4.225811936745451492e-13
1.205700000000000038e+01 3.939079018097114736e-13
1.230100000000000016e+01 3.679410931747380615e-13
1.254899999999999949e+01 3.441659206207102067e-13
1.280300000000000082e+01 3.222249011982011223e-13
1.306099999999999994e+01 3.017123287671233002e-13
1.332499999999999929e+01 2.823512975446194625e-13
1.359399999999999942e+01 2.639263803680981370e-13
1.386899999999999977e+01 2.462594886782448794e-13
1.414899999999999913e+01 2.292521364609031559e-13
1.443500000000000050e+01 2.129404835442674195e-13
1.472700000000000031e+01 1.973743981102934572e-13
1.502399999999999913e+01 1.825712233660521968e-13
1.532799999999999940e+01 1.685901749663526127e-13
1.563700000000000045e+01 1.553983116975242739e-13
1.595299999999999940e+01 1.430139086218500060e-13
1.627499999999999858e+01 1.314276142051949033e-13
1.660399999999999920e+01 1.206178713148982846e-13
1.694000000000000128e+01 1.105635499485292392e-13
1.728200000000000003e+01 1.012492495266244818e-13
1.763100000000000023e+01 9.265020936800078047e-14
1.798699999999999832e+01 8.475320208424241460e-14
1.835099999999999909e+01 7.752699520987253450e-14
1.872100000000000009e+01 7.093736624340134684e-14
1.909900000000000020e+01 6.495366470092670644e-14
1.948499999999999943e+01 5.953045685279186509e-14
1.987900000000000134e+01 5.463334671484008604e-14
2.028000000000000114e+01 5.022048188520831330e-14
2.069000000000000128e+01 4.625571965328671228e-14
2.110800000000000054e+01 4.270134557294731644e-14
2.153500000000000014e+01 3.950767448595424252e-14
2.196999999999999886e+01 3.663045375218149659e-14
2.241300000000000026e+01 3.403690410454628566e-14
2.286599999999999966e+01 3.169125497427933836e-14
2.332799999999999940e+01 2.956799918104110489e-14
2.379899999999999949e+01 2.764185067213734523e-14
2.428000000000000114e+01 2.588942033936909200e-14
2.477100000000000080e+01 2.429489489489489192e-14
2.527100000000000080e+01 2.284003801076972140e-14
2.578200000000000003e+01 2.150417641162713029e-14
2.630199999999999960e+01 2.026011560693641761e-14
2.683399999999999963e+01 1.907792980368828090e-14
2.737600000000000122e+01 1.793771572011295690e-14
2.792899999999999849e+01 1.682307183051969713e-14
2.849299999999999855e+01 1.572064600611086870e-14
2.906899999999999906e+01 1.462239823171854989e-14
2.965599999999999881e+01 1.352506801399144829e-14
3.025499999999999901e+01 1.242555023629150501e-14
3.086599999999999966e+01 1.132838694326072423e-14
3.148999999999999844e+01 1.024306466889571265e-14
3.212599999999999767e+01 9.196065210585883477e-15
3.277499999999999858e+01 8.207815636354396984e-15
3.343699999999999761e+01 7.292054853282215687e-15
3.411200000000000188e+01 6.457133966080596798e-15
3.480100000000000193e+01 5.705991223618616232e-15
3.550399999999999778e+01 5.038194389756028128e-15
3.622200000000000131e+01 4.450852641026493866e-15
3.695300000000000296e+01 3.938857122811941237e-15
3.770000000000000284e+01 3.496279569096361179e-15
3.846200000000000330e+01 3.116441701013810411e-15
3.923899999999999721e+01 2.791968169542540173e-15
4.003099999999999881e+01 2.515991471215352063e-15
4.084000000000000341e+01 2.282578245195067973e-15
4.166499999999999915e+01 2.086449674026320296e-15
4.250699999999999790e+01 1.923106438492824891e-15
4.336500000000000199e+01 1.788892488795291177e-15
4.424099999999999966e+01 1.680715853067738245e-15
4.513499999999999801e+01 1.596318132595355746e-15
4.604699999999999704e+01 1.533830766788379205e-15
4.697699999999999676e+01 1.490514814318273068e-15
4.792600000000000193e+01 1.459932779055368779e-15
4.889399999999999835e+01 1.435929038281979297e-15
4.988199999999999790e+01 1.412829206749723927e-15
5.089000000000000057e+01 1.385415799550486846e-15
5.191799999999999926e+01 1.348844362422005566e-15
5.296600000000000108e+01 1.298882033678155622e-15
5.403600000000000136e+01 1.232539915760603437e-15
5.512800000000000011e+01 1.148086866597724816e-15
5.624199999999999733e+01 1.045913632145001949e-15
5.737800000000000011e+01 9.304859069687013980e-16
5.853699999999999903e+01 8.120017040959162659e-16
5.971999999999999886e+01 6.987533736023647295e-16
6.092600000000000193e+01 5.960849504681775195e-16
6.215699999999999648e+01 5.067851257433545640e-16
6.341199999999999903e+01 4.316462399757906078e-16
6.469299999999999784e+01 3.703123751697691408e-16
6.600000000000000000e+01 3.216654011642622565e-16
6.733400000000000318e+01 2.844084105488239533e-16
6.869400000000000261e+01 2.573054849938846601e-16
7.008199999999999363e+01 2.388811605723370625e-16
7.149699999999999989e+01 2.266645679206673600e-16
7.294199999999999307e+01 2.188074919649783699e-16
7.441500000000000625e+01 2.186300215375971510e-16
7.591800000000000637e+01 2.308158294905237819e-16
7.745199999999999818e+01 2.436865059674597141e-16
7.901699999999999591e+01 2.572788083580442821e-16
8.061299999999999955e+01 2.716558375338713410e-16
8.224099999999999966e+01 2.868244490951619300e-16
8.390300000000000580e+01 3.028495261626489558e-16
8.559799999999999898e+01 3.197795216099729876e-16
8.732699999999999818e+01 3.376625732373161702e-16
8.909099999999999397e+01 3.565583980070901065e-16
9.089100000000000534e+01 3.765410854910217401e-16
9.272700000000000387e+01 3.976303013452531394e-16
9.459999999999999432e+01 4.199109745351018113e-16
9.651099999999999568e+01 4.434577096612475767e-16
9.846099999999999852e+01 4.683448519396660324e-16
1.004500000000000028e+02 4.946566106121578910e-16
1.024800000000000040e+02 5.224431178193286225e-16
1.045499999999999972e+02 5.518031421090217400e-16
1.066599999999999966e+02 5.828328879107057566e-16
1.088199999999999932e+02 6.156223004850821203e-16
1.110100000000000051e+02 6.503054560775227022e-16
1.132600000000000051e+02 6.869503914511521142e-16
1.155400000000000063e+02 7.256685750137243815e-16
1.178799999999999955e+02 7.665975963530873684e-16
1.202600000000000051e+02 8.099075817966798401e-16
1.226899999999999977e+02 8.556548307948705740e-16
1.251700000000000017e+02 9.039976513186868346e-16
1.277000000000000028e+02 9.551073183346264171e-16
1.302800000000000011e+02 1.009184845005740617e-15
1.329099999999999966e+02 1.066404669710454798e-15
1.355900000000000034e+02 1.126832844574780002e-15
1.383300000000000125e+02 1.190725311632112764e-15
1.411299999999999955e+02 1.258381700238989590e-15
1.439799999999999898e+02 1.329844065838867969e-15
1.468899999999999864e+02 1.405465231661705135e-15
1.498499999999999943e+02 1.485352271810184873e-15
1.528799999999999955e+02 1.569929174844269789e-15
1.559699999999999989e+02 1.659447753113156522e-15
1.591200000000000045e+02 1.754007633587786443e-15
1.623300000000000125e+02 1.854068071966983373e-15
1.656100000000000136e+02 1.960045674282604330e-15
1.689600000000000080e+02 2.072098509046173447e-15
1.723700000000000045e+02 2.190667191920638730e-15
1.758499999999999943e+02 2.316307847717658909e-15
1.794099999999999966e+02 2.449143147181000842e-15
1.830300000000000011e+02 2.589797936978945513e-15
1.867299999999999898e+02 2.738743048496083079e-15
1.905000000000000000e+02 2.896618265793553087e-15
1.943499999999999943e+02 3.063598326359832345e-15
1.982800000000000011e+02 3.240414416009917604e-15
2.022800000000000011e+02 3.427789647288129411e-15
2.063700000000000045e+02 3.625942086473621681e-15
2.105399999999999920e+02 3.835771709242038870e-15
2.147899999999999920e+02 4.057980673108963542e-15
2.191299999999999955e+02 4.293002915451894642e-15
2.235600000000000023e+02 4.541631413925247368e-15
