1.000000000000000048e-04 1.088860203049227149e+00
1.020200000000000024e-04 1.088778652069791297e+00
1.040800000000000064e-04 1.088771094038313070e+00
1.061800000000000032e-04 1.088725861104714365e+00
1.083300000000000013e-04 1.088683140847796604e+00
1.105200000000000057e-04 1.088642834546029725e+00
1.127500000000000030e-04 1.088599348534201816e+00
1.150300000000000015e-04 1.088522495665135370e+00
1.173500000000000064e-04 1.088476568326223859e+00
1.197199999999999989e-04 1.088430598215591738e+00
1.221399999999999927e-04 1.088379564556381185e+00
1.246099999999999877e-04 1.088326300984528983e+00
1.271199999999999891e-04 1.088240973160841785e+00
1.296899999999999865e-04 1.088179605085204171e+00
1.323100000000000122e-04 1.088143236074270437e+00
1.349900000000000069e-04 1.088045570410445695e+00
1.377100000000000080e-04 1.087971228893536590e+00
1.404900000000000051e-04 1.087891748580575690e+00
1.433299999999999982e-04 1.087832037477618918e+00
1.462299999999999874e-04 1.087740818240854335e+00
1.491800000000000049e-04 1.087667161961367146e+00
1.522000000000000132e-04 1.087563892036912838e+00
1.552699999999999957e-04 1.087500850513710260e+00
1.584099999999999961e-04 1.087382959322109377e+00
1.616099999999999926e-04 1.087304529890296800e+00
1.648700000000000122e-04 1.087193635313743023e+00
1.681999999999999956e-04 1.087076884358877615e+00
1.715999999999999969e-04 1.086973511023363148e+00
1.750699999999999891e-04 1.086860945850559590e+00
1.786000000000000044e-04 1.086739839810145325e+00
1.822100000000000054e-04 1.086609134102588747e+00
1.858899999999999973e-04 1.086471169937623715e+00
1.896500000000000020e-04 1.086343546612461131e+00
1.934799999999999975e-04 1.086205950661082831e+00
1.973900000000000058e-04 1.086060649534637879e+00
2.013799999999999998e-04 1.085905214103578764e+00
2.054400000000000117e-04 1.085740399041197346e+00
2.095900000000000042e-04 1.085583833601082127e+00
2.138300000000000042e-04 1.085418635888761862e+00
2.181499999999999900e-04 1.085226441174079071e+00
2.225499999999999885e-04 1.085042258013076077e+00
2.270499999999999895e-04 1.084848863938450814e+00
2.316399999999999980e-04 1.084662332086119063e+00
2.363199999999999871e-04 1.084451127819548777e+00
2.410900000000000109e-04 1.084230394903707317e+00
2.459599999999999829e-04 1.084000925470688603e+00
2.509300000000000115e-04 1.083763471355643659e+00
2.559999999999999884e-04 1.083517583747027668e+00
2.611700000000000219e-04 1.083262879428368741e+00
2.664499999999999985e-04 1.083001256986975358e+00
2.718299999999999775e-04 1.082718105403952302e+00
2.773200000000000079e-04 1.082440686684241093e+00
2.829199999999999814e-04 1.082130111852309673e+00
2.886400000000000012e-04 1.081825713826406243e+00
2.944700000000000182e-04 1.081490104772991678e+00
3.004199999999999731e-04 1.081161109261285391e+00
3.064899999999999743e-04 1.080801837836577128e+00
3.126800000000000217e-04 1.080438213297349126e+00
3.189900000000000070e-04 1.080069977122863678e+00
3.254399999999999741e-04 1.079663048618213494e+00
3.320099999999999874e-04 1.079285652661547745e+00
3.387199999999999825e-04 1.078808773451215064e+00
3.455600000000000186e-04 1.078351050038890424e+00
3.525399999999999823e-04 1.077922870392970411e+00
3.596599999999999819e-04 1.077391044180712187e+00
3.669300000000000122e-04 1.076870415647921853e+00
3.743400000000000243e-04 1.076443506618070201e+00
3.819000000000000129e-04 1.075902934537245947e+00
3.896200000000000271e-04 1.075262866629772995e+00
3.974900000000000178e-04 1.074710564399421031e+00
4.055199999999999799e-04 1.074064218555969674e+00
4.137100000000000217e-04 1.073503827418232470e+00
4.220699999999999756e-04 1.072762944638744553e+00
4.306000000000000040e-04 1.072109754057219311e+00
4.392900000000000038e-04 1.071369975389663720e+00
4.481700000000000137e-04 1.070635559131134285e+00
4.572199999999999897e-04 1.069901380670611468e+00
4.664599999999999758e-04 1.069090909090909092e+00
4.758799999999999771e-04 1.068209408194233490e+00
4.854999999999999832e-04 1.067415730337078594e+00
4.952999999999999504e-04 1.066476941039112614e+00
5.053100000000000256e-04 1.065550307714326683e+00
5.155199999999999973e-04 1.064565934451540352e+00
5.259299999999999739e-04 1.063523743977976554e+00
5.365600000000000534e-04 1.062500000000000000e+00
5.473900000000000293e-04 1.061358220810166841e+00
5.584500000000000488e-04 1.060240181759169120e+00
5.697299999999999543e-04 1.059078176725235521e+00
5.812400000000000119e-04 1.057813573078604019e+00
5.929900000000000535e-04 1.056576047024246900e+00
6.049599999999999813e-04 1.055245301146940484e+00
6.171899999999999912e-04 1.053824863082268415e+00
6.296500000000000447e-04 1.052382327461738321e+00
6.423699999999999636e-04 1.050863777966581702e+00
6.553499999999999647e-04 1.049327852460837596e+00
6.685900000000000480e-04 1.047725415418142347e+00
6.821000000000000457e-04 1.046003419534088597e+00
6.958799999999999578e-04 1.044280249436671193e+00
7.099300000000000012e-04 1.042450406002672469e+00
7.242699999999999486e-04 1.040574596774193505e+00
7.389099999999999575e-04 1.038607939097335509e+00
7.538300000000000382e-04 1.036606060606060531e+00
7.690600000000000127e-04 1.034474560152163436e+00
7.845999999999999893e-04 1.032273108851786247e+00
8.004499999999999680e-04 1.030006403805690196e+00
8.166199999999999978e-04 1.027680574248541978e+00
8.331099999999999704e-04 1.025213411951069187e+00
8.499399999999999837e-04 1.022657632385309379e+00
8.671100000000000379e-04 1.020022011513714855e+00
8.846299999999999650e-04 1.017271443992360913e+00
9.024999999999999819e-04 1.014456751913992427e+00
9.207300000000000293e-04 1.011503435053522804e+00
9.393300000000000477e-04 1.008462623413258097e+00
9.583099999999999778e-04 1.005264775958804035e+00
9.776699999999999280e-04 1.001960045231812924e+00
9.974199999999999473e-04 9.985580655895294200e-01
1.017600000000000015e-03 9.950313712689949908e-01
1.038099999999999917e-03 9.913553895410887051e-01
1.059100000000000102e-03 9.875423107792162813e-01
1.080500000000000080e-03 9.836037516259327207e-01
1.102300000000000068e-03 9.795507202578824790e-01
1.124599999999999905e-03 9.753285681346552938e-01
1.147299999999999969e-03 9.709512731032700072e-01
1.170500000000000099e-03 9.664004057309496520e-01
1.194100000000000023e-03 9.617214465623931119e-01
1.218200000000000012e-03 9.568652573136877670e-01
1.242899999999999908e-03 9.518479724674547837e-01
1.268000000000000030e-03 9.466529653552553381e-01
1.293600000000000002e-03 9.412967710343635996e-01
1.319700000000000040e-03 9.357372972361950314e-01
1.346399999999999984e-03 9.299656204946213922e-01
1.373599999999999995e-03 9.240248082258853968e-01
1.401300000000000072e-03 9.179032774634354741e-01
1.429600000000000055e-03 9.115929504805300176e-01
1.458499999999999944e-03 9.050335311801432914e-01
1.487999999999999956e-03 8.982730366822135881e-01
1.518000000000000035e-03 8.913242460975188131e-01
1.548700000000000077e-03 8.841364243233400533e-01
1.580000000000000024e-03 8.767299492627617097e-01
1.611900000000000095e-03 8.690977092099112511e-01
1.644499999999999912e-03 8.612194338670459137e-01
1.677700000000000068e-03 8.531133222277250683e-01
1.711599999999999970e-03 8.447773064687168487e-01
1.746200000000000052e-03 8.362098872506503744e-01
1.781400000000000041e-03 8.273748723186924448e-01
1.817400000000000048e-03 8.183090354651405551e-01
1.854100000000000019e-03 8.089956743680681850e-01
1.891600000000000009e-03 7.994365630345104945e-01
1.929799999999999962e-03 7.895984356173583185e-01
1.968800000000000151e-03 7.795400783340443729e-01
2.008600000000000142e-03 7.692102708567294389e-01
2.049099999999999880e-03 7.586284219377744664e-01
2.090499999999999910e-03 7.477893964410200489e-01
2.132799999999999800e-03 7.367255043227666222e-01
2.175799999999999870e-03 7.253788883583567326e-01
2.219800000000000072e-03 7.138044799444347444e-01
2.264599999999999860e-03 7.019898037477194652e-01
2.310400000000000214e-03 6.899288405190455720e-01
2.357099999999999994e-03 6.776283337169916043e-01
2.404700000000000067e-03 6.651056889563518038e-01
2.453299999999999838e-03 6.523663008310600642e-01
2.502799999999999903e-03 6.394111690941661763e-01
2.553399999999999941e-03 6.262508798237292895e-01
2.605000000000000111e-03 6.128964376972795280e-01
2.657599999999999980e-03 5.993680138210061292e-01
2.711299999999999821e-03 5.856556366326722829e-01
2.765999999999999796e-03 5.717787913340934836e-01
2.821900000000000016e-03 5.577698728362556757e-01
2.878900000000000209e-03 5.436179728892864826e-01
2.937100000000000214e-03 5.293743745097508890e-01
2.996400000000000192e-03 5.150125603094222182e-01
3.056899999999999982e-03 5.005748027381512477e-01
3.118699999999999858e-03 4.860738362760834708e-01
3.181699999999999980e-03 4.715661646827150055e-01
3.246000000000000187e-03 4.570488955075701076e-01
3.311500000000000207e-03 4.423539172980953116e-01
3.378400000000000153e-03 4.278704259148169986e-01
3.446700000000000024e-03 4.141673942282734777e-01
3.516299999999999981e-03 4.004850144460044281e-01
3.587400000000000137e-03 3.862342079134474249e-01
3.659799999999999946e-03 3.720222726150115289e-01
3.733799999999999793e-03 3.580823642447735211e-01
3.809199999999999999e-03 3.442966729686854355e-01
3.886099999999999971e-03 3.306961179476762269e-01
3.964600000000000415e-03 3.173166959504245543e-01
4.044700000000000031e-03 3.041677452756924582e-01
4.126399999999999686e-03 2.913010243082096995e-01
4.209799999999999653e-03 2.787426381322176128e-01
4.294799999999999660e-03 2.663966811536941925e-01
4.381600000000000251e-03 2.542943293453943654e-01
4.470100000000000288e-03 2.425725505219806510e-01
4.560400000000000044e-03 2.313272332798792519e-01
4.652500000000000385e-03 2.204515889239918314e-01
4.746499999999999851e-03 2.099505675576711916e-01
4.842400000000000176e-03 1.998286435786436055e-01
4.940199999999999626e-03 1.901350870956274586e-01
5.040000000000000209e-03 1.808443549093457225e-01
5.141899999999999596e-03 1.719675386342053025e-01
5.245699999999999842e-03 1.635234042553191380e-01
5.351700000000000033e-03 1.555341109339598848e-01
5.459799999999999896e-03 1.479437318990484140e-01
5.570099999999999704e-03 1.407295576954463723e-01
5.682600000000000325e-03 1.339370522418095455e-01
5.797400000000000296e-03 1.275492376111816983e-01
5.914499999999999619e-03 1.215326751292900714e-01
6.034000000000000301e-03 1.158908134859263778e-01
6.155899999999999740e-03 1.106166997404976343e-01
6.280299999999999945e-03 1.056581029156935247e-01
6.407200000000000048e-03 1.010339953879342556e-01
6.536600000000000049e-03 9.672371997355469486e-02
6.668600000000000222e-03 9.269389828049046098e-02
6.803299999999999972e-03 8.892711244893571065e-02
6.940799999999999574e-03 8.540678326134673592e-02
7.080999999999999621e-03 8.210887209627763805e-02
7.224000000000000386e-03 7.901106500691562617e-02
7.369999999999999815e-03 7.609379272627836421e-02
7.518900000000000236e-03 7.332882730652247327e-02
7.670800000000000188e-03 7.071051400307466761e-02
7.825699999999999670e-03 6.820044955705407974e-02
7.983799999999999231e-03 6.578809679529104559e-02
8.145100000000000603e-03 6.345628680515109921e-02
8.309600000000000319e-03 6.119251953375175884e-02
8.477500000000000660e-03 5.898243834400557911e-02
8.648799999999999891e-03 5.681124850919590935e-02
8.823499999999999746e-03 5.467520358053086504e-02
9.001699999999999632e-03 5.256572871128625118e-02
9.183600000000000096e-03 5.048008296223997771e-02
9.369099999999999998e-03 4.841977995405633700e-02
9.558300000000000476e-03 4.638324644975732464e-02
9.751400000000000345e-03 4.437652230737242770e-02
9.948399999999999604e-03 4.240367621067514525e-02
1.014900000000000004e-02 4.047159887798036648e-02
1.035400000000000036e-02 3.858758044877370202e-02
1.056400000000000047e-02 3.676027160777995545e-02
1.077700000000000012e-02 3.499485890551810863e-02
1.099499999999999957e-02 3.330194565772306992e-02
1.121699999999999954e-02 3.168178488928954234e-02
1.144300000000000005e-02 3.013993842709208199e-02
1.167499999999999961e-02 2.868094575799721643e-02
1.191000000000000045e-02 2.729952438889503286e-02
1.215100000000000034e-02 2.599791013584117072e-02
1.239700000000000003e-02 2.477050166858143360e-02
1.264700000000000026e-02 2.361186717474142785e-02
1.290200000000000027e-02 2.251517121803207899e-02
1.316299999999999935e-02 2.147504720798489378e-02
1.342899999999999996e-02 2.048202482669675764e-02
1.370000000000000037e-02 1.952936767146758179e-02
1.397699999999999984e-02 1.861191162343900016e-02
1.425900000000000084e-02 1.772509578544061160e-02
1.454699999999999917e-02 1.686395243908912420e-02
1.484100000000000003e-02 1.602648305084745928e-02
1.514099999999999994e-02 1.521440279173055625e-02
1.544700000000000066e-02 1.442684407835682914e-02
1.575899999999999870e-02 1.366724692725642190e-02
1.607700000000000101e-02 1.293773395898138896e-02
1.640199999999999991e-02 1.224207918182297454e-02
1.673399999999999888e-02 1.158202816010124939e-02
1.707200000000000037e-02 1.095946801773274235e-02
1.741600000000000092e-02 1.037463672391017097e-02
1.776799999999999907e-02 9.826920023289048914e-03
1.812700000000000075e-02 9.314661574368767946e-03
1.849299999999999902e-02 8.834698436336560837e-03
1.886699999999999836e-02 8.382415706359369265e-03
1.924800000000000122e-02 7.955665024630541315e-03
1.963700000000000168e-02 7.549330609172536129e-03
2.003399999999999972e-02 7.160220397579948257e-03
2.043800000000000130e-02 6.785403996524760895e-03
2.085100000000000148e-02 6.422369067773468949e-03
2.127199999999999924e-02 6.070231356817058256e-03
2.170199999999999907e-02 5.728117738187450854e-03
2.214100000000000096e-02 5.397859651078535347e-03
2.258800000000000044e-02 5.079719101123595509e-03
2.304399999999999851e-02 4.776147308781870417e-03
2.350999999999999965e-02 4.489566062546452782e-03
2.398499999999999938e-02 4.222061879473562596e-03
2.446900000000000117e-02 3.975623979472825073e-03
2.496400000000000008e-02 3.750368405540819260e-03
2.546800000000000105e-02 3.545487063312268566e-03
2.598200000000000162e-02 3.357685810810810429e-03
2.650699999999999931e-02 3.182578950583349157e-03
2.704300000000000107e-02 3.014418316831682897e-03
2.758899999999999894e-02 2.848334692341466384e-03
2.814600000000000088e-02 2.681361323155216289e-03
2.871500000000000094e-02 2.513393145291422173e-03
2.929500000000000159e-02 2.348076797064412458e-03
2.988700000000000037e-02 2.191014975041597184e-03
3.048999999999999974e-02 2.047879894501927235e-03
3.110600000000000170e-02 1.922659150281864383e-03
3.173499999999999932e-02 1.814933929944766719e-03
3.237600000000000200e-02 1.719681342912013702e-03
3.302999999999999686e-02 1.628492833357463379e-03
3.369699999999999779e-02 1.534045689019896633e-03
3.437799999999999884e-02 1.432430404442109955e-03
3.507199999999999901e-02 1.325716469239587294e-03
3.578100000000000031e-02 1.219757122839794459e-03
3.650400000000000172e-02 1.122204599524187149e-03
3.724100000000000327e-02 1.036920342543221855e-03
3.799299999999999899e-02 9.640329218106994703e-04
3.876099999999999685e-02 8.983818227550935094e-04
3.954400000000000276e-02 8.353830386881885926e-04
4.034299999999999692e-02 7.725754544663824500e-04
4.115800000000000014e-02 7.123893021608218752e-04
4.198899999999999855e-02 6.584963490489497426e-04
4.283800000000000108e-02 6.128141625389837283e-04
4.370299999999999879e-02 5.732132860608322913e-04
4.458600000000000063e-02 5.351200075894127538e-04
4.548599999999999866e-02 4.953625144620130887e-04
4.640500000000000180e-02 4.552933111350504557e-04
4.734300000000000314e-02 4.192204434722084333e-04
4.829900000000000165e-02 3.903487527246306699e-04
4.927499999999999936e-02 3.671910986457576341e-04
5.027000000000000218e-02 3.456285287279973703e-04
5.128599999999999826e-02 3.221765244191060950e-04
5.232200000000000045e-02 2.978526136303084925e-04
5.337900000000000283e-02 2.758252196627879009e-04
5.445699999999999846e-02 2.576900373844034963e-04
5.555700000000000222e-02 2.419419109182679463e-04
5.668000000000000121e-02 2.258986516022731263e-04
5.782500000000000140e-02 2.088455993370341680e-04
5.899299999999999683e-02 1.922046257001230527e-04
6.018400000000000138e-02 1.775643192707179459e-04
6.140000000000000319e-02 1.653483725274595398e-04
6.264100000000000223e-02 1.547434743474347500e-04
6.390600000000000447e-02 1.444562314811427670e-04
6.519700000000000495e-02 1.338509432324159478e-04
6.651400000000000368e-02 1.237509947829162785e-04
6.785800000000000165e-02 1.152073079599041428e-04
6.922899999999999887e-02 1.076221438348952413e-04
7.062699999999999534e-02 9.978046546708329017e-05
7.205400000000000693e-02 9.225756571681025106e-05
7.351000000000000589e-02 8.609204854809436580e-05
7.499400000000000510e-02 8.021852981079229410e-05
7.650899999999999368e-02 7.377877343597300647e-05
7.805499999999999938e-02 6.844915635720162195e-05
7.963199999999999446e-02 6.456624668967177389e-05
8.124099999999999377e-02 5.983614730124966970e-05
8.288199999999999734e-02 5.463940610090084194e-05
8.455600000000000616e-02 5.118905108184888873e-05
8.626399999999999346e-02 4.808291308217146133e-05
8.800700000000000189e-02 4.403486157338822764e-05
8.978500000000000369e-02 4.074591423383153995e-05
9.159799999999999887e-02 3.823693624764780028e-05
9.344900000000000428e-02 3.530280333832655346e-05
9.533700000000000507e-02 3.267530285613228424e-05
9.726300000000000223e-02 3.042705437309147363e-05
9.922699999999999576e-02 2.812880847473516613e-05
1.012300000000000005e-01 2.613849483048809745e-05
1.032799999999999968e-01 2.431875784345086935e-05
1.053599999999999953e-01 2.243140703517588160e-05
1.074900000000000022e-01 2.078201418584999961e-05
1.096599999999999936e-01 1.947025562185684372e-05
1.118799999999999933e-01 1.782900140423389831e-05
1.141400000000000053e-01 1.656906583342312127e-05
1.164400000000000018e-01 1.553685941353795603e-05
1.188000000000000028e-01 1.413357904729993987e-05
1.212000000000000022e-01 1.330719662408759155e-05
1.236499999999999960e-01 1.220603264519519816e-05
1.261400000000000021e-01 1.139702352376380115e-05
1.286899999999999988e-01 1.048370624825921485e-05
1.312899999999999900e-01 9.741749439282280216e-06
1.339400000000000035e-01 9.008457081973762496e-06
1.366499999999999937e-01 8.349298903234763424e-06
1.394100000000000061e-01 7.766736781025604131e-06
1.422299999999999953e-01 7.153157255616271552e-06
1.451000000000000068e-01 6.693407466243050942e-06
1.480299999999999949e-01 6.129701901519554721e-06
1.510199999999999876e-01 5.736554949337489484e-06
1.540700000000000125e-01 5.241460011701696088e-06
1.571799999999999864e-01 4.903102580825492211e-06
1.603600000000000025e-01 4.508977436389821758e-06
1.635999999999999954e-01 4.193397388519339409e-06
1.668999999999999928e-01 3.886430083677790401e-06
1.702799999999999869e-01 3.571185917232859366e-06
1.737100000000000033e-01 3.324278884043503335e-06
1.772199999999999886e-01 3.055322805886776397e-06
1.807999999999999885e-01 2.834609241614803931e-06
1.844600000000000128e-01 2.641597186773297035e-06
1.881799999999999862e-01 2.413183845973233430e-06
1.919800000000000118e-01 2.263080774162036888e-06
1.958600000000000063e-01 2.071747448979591658e-06
1.998199999999999976e-01 1.918955034409033386e-06
2.038600000000000134e-01 1.781109865470851936e-06
2.079699999999999882e-01 1.646191105239982470e-06
2.121800000000000075e-01 1.516361407004368019e-06
2.164600000000000135e-01 1.410372848948374567e-06
2.208299999999999985e-01 1.303444865666721546e-06
2.253000000000000003e-01 1.218911807147101503e-06
2.298499999999999988e-01 1.098169136878814241e-06
2.344900000000000040e-01 1.025418419403920329e-06
2.392299999999999982e-01 9.553571428571428763e-07
2.440599999999999992e-01 8.781356898517673115e-07
2.489899999999999891e-01 8.241671594717130373e-07
2.540200000000000236e-01 7.481329292721762501e-07
2.591499999999999915e-01 6.924994359266382706e-07
2.643900000000000139e-01 6.428065042480166410e-07
2.697300000000000253e-01 5.860343548747895607e-07
2.751799999999999802e-01 5.489697684127803083e-07
2.807399999999999896e-01 5.139588567638919093e-07
2.864099999999999979e-01 4.706976866942029214e-07
2.921900000000000053e-01 4.289684864503998398e-07
2.980999999999999761e-01 3.988857311685753518e-07
3.041200000000000014e-01 3.683612692772575429e-07
3.102599999999999802e-01 3.394153957879448047e-07
3.165299999999999780e-01 3.147482014388489561e-07
3.229199999999999848e-01 2.932689136600487888e-07
3.294500000000000206e-01 2.713529726095874691e-07
3.361000000000000099e-01 2.495998273412348654e-07
3.428899999999999726e-01 2.316630491729660803e-07
3.498200000000000198e-01 2.107685138441225485e-07
3.568899999999999850e-01 1.943900966183574903e-07
3.640900000000000247e-01 1.828006851318043277e-07
3.714500000000000024e-01 1.702140141227593626e-07
3.789500000000000091e-01 1.554118046901551854e-07
3.866100000000000092e-01 1.427361347719098845e-07
3.944199999999999928e-01 1.323180672891655460e-07
4.023900000000000254e-01 1.240138016273560714e-07
4.105199999999999960e-01 1.132016826987487073e-07
4.188100000000000156e-01 1.057143653181767465e-07
4.272699999999999831e-01 9.783755580033623868e-08
4.359000000000000097e-01 8.933188353268092304e-08
4.447099999999999942e-01 8.175801317406788202e-08
4.536899999999999822e-01 7.562428030926140308e-08
4.628599999999999937e-01 6.910482597652227150e-08
4.722100000000000186e-01 6.385231825987407282e-08
4.817400000000000015e-01 5.893030190085724456e-08
4.914799999999999724e-01 5.540750524434776323e-08
5.014100000000000223e-01 5.155813105320743626e-08
5.115300000000000402e-01 4.615059221658206606e-08
5.218699999999999450e-01 4.375678897867267148e-08
5.324100000000000499e-01 4.012348523245634097e-08
5.431700000000000417e-01 3.708675799086757741e-08
5.541399999999999659e-01 3.411112782708991151e-08
5.653299999999999992e-01 3.203318850442338662e-08
5.767499999999999849e-01 3.254181698917677750e-08
5.884000000000000341e-01 3.484445459215708390e-08
6.002899999999999903e-01 3.493204577968526746e-08
6.124199999999999644e-01 3.315301294820717119e-08
6.247899999999999565e-01 3.012157857096417842e-08
6.374100000000000321e-01 2.649123998370229450e-08
6.502900000000000347e-01 2.280394382181870071e-08
6.634200000000000097e-01 1.942797866034380519e-08
6.768300000000000427e-01 1.656603189348196516e-08
6.905000000000000027e-01 1.429507401116233953e-08
7.044500000000000206e-01 1.257290169892654911e-08
7.186799999999999855e-01 1.125706713780918771e-08
7.331999999999999629e-01 1.023270846800258539e-08
7.480099999999999527e-01 9.418090549280818014e-09
7.631200000000000205e-01 8.753797244789826781e-09
7.785400000000000098e-01 8.195920348659287125e-09
7.942599999999999660e-01 7.709225336570293891e-09
8.103099999999999747e-01 7.266012694748989900e-09
8.266799999999999704e-01 6.844144557371508234e-09
8.433800000000000185e-01 6.426181487607479393e-09
8.604100000000000081e-01 6.004147349790651522e-09
8.778000000000000247e-01 5.584711685942875264e-09
8.955300000000000482e-01 5.175300359998265047e-09
9.136199999999999877e-01 4.781095882121569598e-09
9.320800000000000196e-01 4.406819908814589488e-09
9.509100000000000330e-01 4.055303356638722963e-09
9.701100000000000279e-01 3.728410903794131709e-09
9.897099999999999786e-01 3.427414963516898608e-09
1.009700000000000042e+00 3.152254460468562830e-09
1.030100000000000016e+00 2.902866463766386051e-09
1.050899999999999945e+00 2.677760653142833307e-09
1.072100000000000053e+00 2.473720940375975989e-09
1.093800000000000106e+00 2.287613044669772482e-09
1.115899999999999892e+00 2.117286903281354435e-09
1.138400000000000079e+00 1.960547080483956118e-09
1.161399999999999988e+00 1.815627213811560215e-09
1.184900000000000064e+00 1.681123570800351694e-09
1.208800000000000097e+00 1.555801900374316319e-09
1.233300000000000063e+00 1.438595432743069347e-09
1.258199999999999985e+00 1.328729019818566824e-09
1.283600000000000074e+00 1.225589560148383803e-09
1.309500000000000108e+00 1.129152059977092111e-09
1.336000000000000076e+00 1.039431086537412126e-09
1.362999999999999989e+00 9.562333206252383409e-10
1.390500000000000069e+00 8.794357416879794598e-10
1.418600000000000083e+00 8.086461126005361477e-10
1.447200000000000042e+00 7.436764447567187830e-10
1.476499999999999924e+00 6.842226416831636693e-10
1.506299999999999972e+00 6.299478663834717577e-10
1.536699999999999955e+00 5.804524978488636368e-10
1.567800000000000082e+00 5.354280558356775164e-10
1.599399999999999933e+00 4.944061004118891571e-10
1.631799999999999917e+00 4.569235259778167128e-10
1.664700000000000069e+00 4.226059270144502083e-10
1.698399999999999910e+00 3.910988375826857655e-10
1.732699999999999907e+00 3.621530584748046497e-10
1.767700000000000049e+00 3.355219450137818889e-10
1.803399999999999892e+00 3.109290427819381584e-10
1.839800000000000102e+00 2.882293449509879713e-10
1.877000000000000002e+00 2.671945147334911816e-10
1.914900000000000047e+00 2.477087794432548283e-10
1.953600000000000003e+00 2.296000000000000136e-10
1.993000000000000105e+00 2.126969153853410115e-10
2.033300000000000107e+00 1.969306930693069478e-10
2.074399999999999800e+00 1.821450468144360686e-10
2.116299999999999848e+00 1.682846484434651821e-10
2.158999999999999808e+00 1.552774406302242053e-10
2.202599999999999891e+00 1.430426002500240316e-10
2.247100000000000097e+00 1.315354425108214173e-10
2.292499999999999982e+00 1.207067428086865430e-10
2.338799999999999990e+00 1.105438154727953052e-10
2.386099999999999888e+00 1.010810021181798223e-10
2.434299999999999908e+00 9.233459632760128499e-11
2.483499999999999819e+00 8.430769230769229494e-11
2.533599999999999852e+00 7.698541603221330885e-11
2.584799999999999986e+00 7.034615111237472468e-11
2.637000000000000011e+00 6.435663891895927012e-11
2.690300000000000136e+00 5.898013998078696236e-11
2.744699999999999918e+00 5.417756451181085980e-11
2.800100000000000033e+00 4.990913417852970306e-11
2.856700000000000017e+00 4.611905357183443665e-11
2.914400000000000102e+00 4.273091985863024368e-11
2.973300000000000054e+00 3.967533119229225857e-11
3.033300000000000107e+00 3.689857899870817360e-11
3.094599999999999795e+00 3.435370380630505688e-11
3.157099999999999795e+00 3.199906844051119430e-11
3.220899999999999874e+00 2.980940435035335342e-11
3.286000000000000032e+00 2.775473457445098293e-11
3.352300000000000058e+00 2.581339551230062290e-11
3.420100000000000140e+00 2.397101655182212319e-11
3.489199999999999857e+00 2.221765913757700370e-11
3.559600000000000097e+00 2.055845531964993530e-11
3.631600000000000161e+00 1.899707083625562151e-11
3.704899999999999860e+00 1.753480504835841449e-11
3.779799999999999827e+00 1.617208517623455742e-11
3.856100000000000083e+00 1.490771369672563646e-11
3.934000000000000163e+00 1.373809163768335280e-11
4.013499999999999623e+00 1.266126040175968654e-11
4.094599999999999795e+00 1.167196121049991703e-11
4.177299999999999791e+00 1.076657094297603135e-11
4.261700000000000266e+00 9.938983050847457309e-12
4.347800000000000331e+00 9.177469535908738162e-12
4.435599999999999987e+00 8.474333628740883095e-12
4.525199999999999889e+00 7.821036782103678588e-12
4.616600000000000037e+00 7.211538461538462423e-12
4.709900000000000198e+00 6.641519911153419945e-12
4.804999999999999716e+00 6.106058077436581294e-12
4.902099999999999902e+00 5.602176966292134927e-12
5.001100000000000101e+00 5.126973866469665732e-12
5.102100000000000080e+00 4.678713688914796786e-12
5.205199999999999605e+00 4.257021955108549409e-12
5.310399999999999565e+00 3.865445003656385689e-12
5.417600000000000193e+00 3.505929211550647210e-12
5.527099999999999902e+00 3.179426122157399983e-12
5.638700000000000045e+00 2.885851385043286768e-12
5.752600000000000158e+00 2.623994726433751097e-12
5.868900000000000006e+00 2.392474610133747712e-12
5.987400000000000055e+00 2.189612627213923765e-12
6.108399999999999608e+00 2.013215520553207910e-12
6.231799999999999784e+00 1.861717612809315570e-12
6.357700000000000351e+00 1.731921557946343110e-12
6.486100000000000421e+00 1.619734460948558296e-12
6.617099999999999760e+00 1.521133135927273984e-12
6.750799999999999912e+00 1.433035537026007303e-12
6.887199999999999989e+00 1.352992810566794778e-12
7.026299999999999990e+00 1.278799612778315521e-12
7.168199999999999683e+00 1.208806225969333315e-12
7.312999999999999723e+00 1.141630901287553645e-12
7.460799999999999876e+00 1.076046213093709974e-12
7.611500000000000377e+00 1.011272402887032765e-12
7.765299999999999869e+00 9.468605908806283987e-13
7.922100000000000364e+00 8.832678994215841936e-13
8.082200000000000273e+00 8.209044718654338283e-13
8.245400000000000063e+00 7.601940779635108038e-13
8.412000000000000810e+00 7.014173228346457551e-13
8.581899999999999196e+00 6.448735903294759032e-13
8.755300000000000082e+00 5.908632199968949117e-13
8.932199999999999918e+00 5.395086457098474617e-13
9.112600000000000477e+00 4.908942179360227262e-13
9.296699999999999520e+00 4.451977144930164637e-13
9.484500000000000597e+00 4.025170750346276497e-13
9.676099999999999923e+00 3.632622257999597678e-13
9.871600000000000819e+00 3.275743282632889687e-13
1.007099999999999973e+01 2.955116395913582144e-13
1.027399999999999913e+01 2.670312867560574256e-13
1.048199999999999932e+01 2.419614645932718178e-13
1.069400000000000084e+01 2.201161804059787010e-13
1.091000000000000014e+01 2.012652135047789231e-13
1.113000000000000078e+01 1.852061146127653466e-13
1.135500000000000043e+01 1.716968170368673972e-13
1.158399999999999963e+01 1.604391185459224837e-13
1.181799999999999962e+01 1.509237288135593323e-13
1.205700000000000038e+01 1.426913117242610916e-13
1.230100000000000016e+01 1.353876552502822564e-13
1.254899999999999949e+01 1.287229823517747231e-13
1.280300000000000082e+01 1.224596416070215730e-13
1.306099999999999994e+01 1.163891825229034361e-13
1.332499999999999929e+01 1.103418664562397035e-13
1.359399999999999942e+01 1.041900056258102362e-13
1.386899999999999977e+01 9.783970508623134377e-14
1.414899999999999913e+01 9.128775013924926902e-14
1.443500000000000050e+01 8.466737306337523614e-14
1.472700000000000031e+01 7.810981315463792633e-14
1.502399999999999913e+01 7.172287623289850601e-14
1.532799999999999940e+01 6.559235348369246259e-14
1.563700000000000045e+01 5.978293532250366185e-14
1.595299999999999940e+01 5.433692958428829133e-14
1.627499999999999858e+01 4.928498467824310377e-14
1.660399999999999920e+01 4.463564639373795992e-14
1.694000000000000128e+01 4.039427149281753789e-14
1.728200000000000003e+01 3.654943840913275594e-14
1.763100000000000023e+01 3.308905605435574167e-14
1.798699999999999832e+01 2.999718576508813410e-14
1.835099999999999909e+01 2.724967630556754573e-14
1.872100000000000009e+01 2.482309442548350469e-14
1.909900000000000020e+01 2.269365721997301164e-14
1.948499999999999943e+01 2.083578408120671853e-14
1.987900000000000134e+01 1.922574191397132335e-14
2.028000000000000114e+01 1.784317862165963557e-14
2.069000000000000128e+01 1.666802625236382513e-14
2.110800000000000054e+01 1.567138500039102351e-14
2.153500000000000014e+01 1.480453608247422562e-14
2.196999999999999886e+01 1.402452813777507172e-14
2.241300000000000026e+01 1.329587671421364058e-14
2.286599999999999966e+01 1.259033521985198077e-14
2.332799999999999940e+01 1.188510790265802812e-14
2.379899999999999949e+01 1.116229014205768309e-14
2.428000000000000114e+01 1.040921732220897979e-14
2.477100000000000080e+01 9.619851532567048872e-15
2.527100000000000080e+01 8.792069205026203046e-15
2.578200000000000003e+01 7.942449876773463775e-15
2.630199999999999960e+01 7.106021218295509055e-15
2.683399999999999963e+01 6.312333234509338744e-15
2.737600000000000122e+01 5.581000781860828632e-15
2.792899999999999849e+01 4.923705047838997389e-15
2.849299999999999855e+01 4.345196658545074934e-15
2.906899999999999906e+01 3.845221702010465149e-15
2.965599999999999881e+01 3.420726392251815810e-15
3.025499999999999901e+01 3.066579474394082172e-15
3.086599999999999966e+01 2.777460355106133256e-15
3.148999999999999844e+01 2.544871357401214919e-15
3.212599999999999767e+01 2.356075607560755917e-15
3.277499999999999858e+01 2.200681262742019238e-15
3.343699999999999761e+01 2.070734738051655125e-15
3.411200000000000188e+01 1.959874802616737961e-15
3.480100000000000193e+01 1.862921582337801143e-15
3.550399999999999778e+01 1.775538077520840133e-15
3.622200000000000131e+01 1.694581117572022421e-15
3.695300000000000296e+01 1.616695804195804218e-15
3.770000000000000284e+01 1.539629533965536342e-15
3.846200000000000330e+01 1.462091121495327118e-15
3.923899999999999721e+01 1.384621707146673237e-15
4.003099999999999881e+01 1.307989243580846645e-15
4.084000000000000341e+01 1.232771051246252044e-15
4.166499999999999915e+01 1.159484008116726256e-15
4.250699999999999790e+01 1.088600494632977226e-15
4.336500000000000199e+01 1.020425738044619191e-15
4.424099999999999966e+01 9.552336315864224337e-16
4.513499999999999801e+01 8.932329925344047632e-16
4.604699999999999704e+01 8.345148427115640555e-16
4.697699999999999676e+01 7.790472372552950634e-16
4.792600000000000193e+01 7.264872870896075317e-16
4.889399999999999835e+01 6.765439452034396586e-16
4.988199999999999790e+01 6.289790143834000836e-16
5.089000000000000057e+01 5.835131098572851243e-16
5.191799999999999926e+01 5.401191310441485682e-16
5.296600000000000108e+01 4.985897258057057799e-16
5.403600000000000136e+01 4.588528191359530936e-16
5.512800000000000011e+01 4.208988300778230606e-16
5.624199999999999733e+01 3.846928225499265431e-16
5.737800000000000011e+01 3.503159829943697363e-16
5.853699999999999903e+01 3.181558993023960778e-16
5.971999999999999886e+01 2.884263114071607236e-16
6.092600000000000193e+01 2.612809414310834702e-16
6.215699999999999648e+01 2.367278440334214005e-16
6.341199999999999903e+01 2.147273961239725342e-16
6.469299999999999784e+01 1.951903169294473667e-16
6.600000000000000000e+01 1.779767911200807184e-16
6.733400000000000318e+01 1.662108160909333415e-16
6.869400000000000261e+01 1.754571884085154100e-16
7.008199999999999363e+01 1.852134297316034430e-16
7.149699999999999989e+01 1.955316611928121852e-16
7.294199999999999307e+01 2.064181165423915938e-16
7.441500000000000625e+01 2.179183535368856023e-16
7.591800000000000637e+01 2.300621056782334192e-16
7.745199999999999818e+01 2.428904246873088600e-16
7.901699999999999591e+01 2.564440961768466444e-16
8.061299999999999955e+01 2.707682925058445933e-16
8.224099999999999966e+01 2.858917725013804311e-16
8.390300000000000580e+01 3.018632534024627372e-16
8.559799999999999898e+01 3.187396238040631988e-16
8.732699999999999818e+01 3.365636695655318687e-16
8.909099999999999397e+01 3.553938421575368352e-16
9.089100000000000534e+01 3.753102362840250850e-16
9.272700000000000387e+01 3.963334043913877979e-16
9.459999999999999432e+01 4.185491317763113567e-16
9.651099999999999568e+01 4.420120877551991915e-16
9.846099999999999852e+01 4.668141592920354267e-16
1.004500000000000028e+02 4.930535263647231057e-16
1.024800000000000040e+02 5.207421129448748253e-16
1.045499999999999972e+02 5.500029657749569576e-16
1.066599999999999966e+02 5.809332790121908950e-16
1.088199999999999932e+02 6.136243211021327671e-16
1.110100000000000051e+02 6.481889763779528191e-16
1.132600000000000051e+02 6.847146714005695697e-16
1.155400000000000063e+02 7.233144420558921187e-16
1.178799999999999955e+02 7.640959973563550972e-16
1.202600000000000051e+02 8.072557408539247766e-16
1.226899999999999977e+02 8.528516057585825017e-16
1.251700000000000017e+02 9.010436987904800707e-16
1.277000000000000028e+02 9.520053613774616887e-16
1.302800000000000011e+02 1.005885237861696799e-15
1.329099999999999966e+02 1.062903225806451701e-15
1.355900000000000034e+02 1.123195907679191072e-15
1.383300000000000125e+02 1.186892422584175602e-15
1.411299999999999955e+02 1.254270741169264259e-15
1.439799999999999898e+02 1.325537885874649159e-15
1.468899999999999864e+02 1.400867315885575364e-15
1.498499999999999943e+02 1.480572761644276439e-15
1.528799999999999955e+02 1.564854980011907725e-15
1.559699999999999989e+02 1.654074473826227884e-15
1.591200000000000045e+02 1.748335552596537976e-15
1.623300000000000125e+02 1.848063325387485805e-15
1.656100000000000136e+02 1.953707544861771451e-15
1.689600000000000080e+02 2.065384918268852187e-15
1.723700000000000045e+02 2.183577063576111599e-15
1.758499999999999943e+02 2.308815385389920887e-15
1.794099999999999966e+02 2.441252047024990566e-15
1.830300000000000011e+02 2.581444809081817889e-15
1.867299999999999898e+02 2.729887198438361863e-15
1.905000000000000000e+02 2.887256215807148470e-15
1.943499999999999943e+02 3.053734380995279007e-15
1.982800000000000011e+02 3.229946335263381156e-15
2.022800000000000011e+02 3.416711811847340985e-15
2.063700000000000045e+02 3.614257754581578801e-15
2.105399999999999920e+02 3.823412490846322997e-15
2.147899999999999920e+02 4.044861716968180058e-15
2.191299999999999955e+02 4.279118818842278206e-15
2.235600000000000023e+02 4.526986804246452856e-15
