1.000000000000000048e-04 1.037688177702916104e+00
1.020200000000000024e-04 1.037644953718041441e+00
1.040800000000000064e-04 1.037658174455879934e+00
1.061800000000000032e-04 1.037622845041527464e+00
1.083300000000000013e-04 1.037607891491985068e+00
1.105200000000000057e-04 1.037577955962835752e+00
1.127500000000000030e-04 1.037536272582607833e+00
1.150300000000000015e-04 1.037511856316739589e+00
1.173500000000000064e-04 1.037474871733325310e+00
1.197199999999999989e-04 1.037424973520066018e+00
1.221399999999999927e-04 1.037421737499639285e+00
1.246099999999999877e-04 1.037374451831942324e+00
1.271199999999999891e-04 1.037344283217268348e+00
1.296899999999999865e-04 1.037300032647731074e+00
1.323100000000000122e-04 1.037271223520623398e+00
1.349900000000000069e-04 1.037228893598095336e+00
1.377100000000000080e-04 1.037199517689011863e+00
1.404900000000000051e-04 1.037158167501069261e+00
1.433299999999999982e-04 1.037103737510793211e+00
1.462299999999999874e-04 1.037062125024192039e+00
1.491800000000000049e-04 1.037008042132232521e+00
1.522000000000000132e-04 1.036941400888640841e+00
1.552699999999999957e-04 1.036910302034857123e+00
1.584099999999999961e-04 1.036843164888262558e+00
1.616099999999999926e-04 1.036787610231211243e+00
1.648700000000000122e-04 1.036741454600210721e+00
1.681999999999999956e-04 1.036662025903894113e+00
1.715999999999999969e-04 1.036592681463707200e+00
1.750699999999999891e-04 1.036511896793038456e+00
1.786000000000000044e-04 1.036460923358462738e+00
1.822100000000000054e-04 1.036398392696914250e+00
1.858899999999999973e-04 1.036304514154552381e+00
1.896500000000000020e-04 1.036220058897454832e+00
1.934799999999999975e-04 1.036143913475333855e+00
1.973900000000000058e-04 1.036056348189967835e+00
2.013799999999999998e-04 1.035977076552992759e+00
2.054400000000000117e-04 1.035869150449231446e+00
2.095900000000000042e-04 1.035769564403925536e+00
2.138300000000000042e-04 1.035660078392127259e+00
2.181499999999999900e-04 1.035574674103272974e+00
2.225499999999999885e-04 1.035462812966141177e+00
2.270499999999999895e-04 1.035341858160713446e+00
2.316399999999999980e-04 1.035227886172591871e+00
2.363199999999999871e-04 1.035104967027648426e+00
2.410900000000000109e-04 1.034973747441487735e+00
2.459599999999999829e-04 1.034848881519620623e+00
2.509300000000000115e-04 1.034686862636030380e+00
2.559999999999999884e-04 1.034546420878905693e+00
2.611700000000000219e-04 1.034398573583870551e+00
2.664499999999999985e-04 1.034243443174176047e+00
2.718299999999999775e-04 1.034094805982748166e+00
2.773200000000000079e-04 1.033912773552692954e+00
2.829199999999999814e-04 1.033737934883249165e+00
2.886400000000000012e-04 1.033557213930348162e+00
2.944700000000000182e-04 1.033358540274186499e+00
3.004199999999999731e-04 1.033155118590548538e+00
3.064899999999999743e-04 1.032947054821834909e+00
3.126800000000000217e-04 1.032734843169505590e+00
3.189900000000000070e-04 1.032518582853017897e+00
3.254399999999999741e-04 1.032275904787187004e+00
3.320099999999999874e-04 1.032030631392838904e+00
3.387199999999999825e-04 1.031783176615751252e+00
3.455600000000000186e-04 1.031522510118079161e+00
3.525399999999999823e-04 1.031198854337152193e+00
3.596599999999999819e-04 1.030996087872404487e+00
3.669300000000000122e-04 1.030592169978359340e+00
3.743400000000000243e-04 1.030387806289793540e+00
3.819000000000000129e-04 1.029987702204143485e+00
3.896200000000000271e-04 1.029687355042211649e+00
3.974900000000000178e-04 1.029385007278020403e+00
4.055199999999999799e-04 1.028994557944508781e+00
4.137100000000000217e-04 1.028608923884514414e+00
4.220699999999999756e-04 1.028228228228228236e+00
4.306000000000000040e-04 1.027850231384097812e+00
4.392900000000000038e-04 1.027310231023102371e+00
4.481700000000000137e-04 1.026946107784431073e+00
4.572199999999999897e-04 1.026503729566735412e+00
4.664599999999999758e-04 1.026070038910505966e+00
4.758799999999999771e-04 1.025488400488400620e+00
4.854999999999999832e-04 1.024996258045202779e+00
4.952999999999999504e-04 1.024440366972477090e+00
5.053100000000000256e-04 1.023895206563984583e+00
5.155199999999999973e-04 1.023364156137502645e+00
5.259299999999999739e-04 1.022705247127232431e+00
5.365600000000000534e-04 1.022062317561604816e+00
5.473900000000000293e-04 1.021436655349177824e+00
5.584500000000000488e-04 1.020762601201357977e+00
5.697299999999999543e-04 1.020040978358304429e+00
5.812400000000000119e-04 1.019340659340659316e+00
5.929900000000000535e-04 1.018536765611528505e+00
6.049599999999999813e-04 1.017755767604783257e+00
6.171899999999999912e-04 1.016940117277735034e+00
6.296500000000000447e-04 1.016090618646529276e+00
6.423699999999999636e-04 1.015211075029909482e+00
6.553499999999999647e-04 1.014247401944351257e+00
6.685900000000000480e-04 1.013260273972602654e+00
6.821000000000000457e-04 1.012306534823731674e+00
6.958799999999999578e-04 1.011225888057341704e+00
7.099300000000000012e-04 1.010131293290602583e+00
7.242699999999999486e-04 1.009023623643921841e+00
7.389099999999999575e-04 1.007805896683737101e+00
7.538300000000000382e-04 1.006631881796459682e+00
7.690600000000000127e-04 1.005356545028456727e+00
7.845999999999999893e-04 1.004033960317088026e+00
8.004499999999999680e-04 1.002668261489625845e+00
8.166199999999999978e-04 1.001263423878711256e+00
8.331099999999999704e-04 9.997787218976811330e-01
8.499399999999999837e-04 9.982637381717163194e-01
8.671100000000000379e-04 9.966367235727362495e-01
8.846299999999999650e-04 9.949891431434775280e-01
9.024999999999999819e-04 9.932830930537350778e-01
9.207300000000000293e-04 9.914835495922549313e-01
9.393300000000000477e-04 9.896371015406438820e-01
9.583099999999999778e-04 9.877096699389348311e-01
9.776699999999999280e-04 9.857456971718857597e-01
9.974199999999999473e-04 9.836754425107839817e-01
1.017600000000000015e-03 9.815071491100088030e-01
1.038099999999999917e-03 9.792486583184257798e-01
1.059100000000000102e-03 9.769425142135186313e-01
1.080500000000000080e-03 9.745249242632884057e-01
1.102300000000000068e-03 9.720383628258815190e-01
1.124599999999999905e-03 9.694570510484645798e-01
1.147299999999999969e-03 9.667879890809827348e-01
1.170500000000000099e-03 9.639771749179125715e-01
1.194100000000000023e-03 9.610657660193263618e-01
1.218200000000000012e-03 9.581224114127934177e-01
1.242899999999999908e-03 9.549750195629927996e-01
1.268000000000000030e-03 9.517538679579543581e-01
1.293600000000000002e-03 9.484371831638711559e-01
1.319700000000000040e-03 9.449796799954528481e-01
1.346399999999999984e-03 9.413913285933361852e-01
1.373599999999999995e-03 9.376829435097798759e-01
1.401300000000000072e-03 9.338397122765580427e-01
1.429600000000000055e-03 9.298712242909435988e-01
1.458499999999999944e-03 9.257641921397380402e-01
1.487999999999999956e-03 9.214816317217249253e-01
1.518000000000000035e-03 9.170833644301812360e-01
1.548700000000000077e-03 9.125350909312828218e-01
1.580000000000000024e-03 9.078017582101708394e-01
1.611900000000000095e-03 9.029429740021626127e-01
1.644499999999999912e-03 8.978824506366487324e-01
1.677700000000000068e-03 8.926768534238822550e-01
1.711599999999999970e-03 8.872992246684292539e-01
1.746200000000000052e-03 8.817398888040990368e-01
1.781400000000000041e-03 8.760164341350681338e-01
1.817400000000000048e-03 8.700802285042215090e-01
1.854100000000000019e-03 8.639868068439497950e-01
1.891600000000000009e-03 8.576747197604307482e-01
1.929799999999999962e-03 8.511986335379053692e-01
1.968800000000000151e-03 8.444981673555329582e-01
2.008600000000000142e-03 8.375885167464115488e-01
2.049099999999999880e-03 8.304900045092440397e-01
2.090499999999999910e-03 8.231822038587817136e-01
2.132799999999999800e-03 8.156793857186839247e-01
2.175799999999999870e-03 8.079337138386585293e-01
2.219800000000000072e-03 7.999965083189302106e-01
2.264599999999999860e-03 7.918195220626049746e-01
2.310400000000000214e-03 7.834357377325140703e-01
2.357099999999999994e-03 7.748462606625668991e-01
2.404700000000000067e-03 7.660075329566855551e-01
2.453299999999999838e-03 7.569717939314698496e-01
2.502799999999999903e-03 7.477057036364206377e-01
2.553399999999999941e-03 7.382054792413359490e-01
2.605000000000000111e-03 7.284980356603203422e-01
2.657599999999999980e-03 7.185755848474053575e-01
2.711299999999999821e-03 7.084275152027765809e-01
2.765999999999999796e-03 6.980829297647362930e-01
2.821900000000000016e-03 6.875255163093210165e-01
2.878900000000000209e-03 6.767419662742601982e-01
2.937100000000000214e-03 6.657875776566386516e-01
2.996400000000000192e-03 6.546158984635938038e-01
3.056899999999999982e-03 6.432717054467147477e-01
3.118699999999999858e-03 6.317406231446345277e-01
3.181699999999999980e-03 6.200438991588108628e-01
3.246000000000000187e-03 6.081723273421225651e-01
3.311500000000000207e-03 5.961566761502992140e-01
3.378400000000000153e-03 5.839844692036848528e-01
3.446700000000000024e-03 5.716894327452095581e-01
3.516299999999999981e-03 5.592793423124016172e-01
3.587400000000000137e-03 5.467599495354972250e-01
3.659799999999999946e-03 5.341606498194945152e-01
3.733799999999999793e-03 5.214636095265575699e-01
3.809199999999999999e-03 5.087131220928962083e-01
3.886099999999999971e-03 4.959282337773958105e-01
3.964600000000000415e-03 4.831217160557781387e-01
4.044700000000000031e-03 4.702791563920882822e-01
4.126399999999999686e-03 4.574641310024885610e-01
4.209799999999999653e-03 4.447457558772530684e-01
4.294799999999999660e-03 4.318876538308852875e-01
4.381600000000000251e-03 4.190755399198670683e-01
4.470100000000000288e-03 4.072652040030793619e-01
4.560400000000000044e-03 3.960291887793783161e-01
4.652500000000000385e-03 3.840459297983569997e-01
4.746499999999999851e-03 3.717215376126539739e-01
4.842400000000000176e-03 3.597716770861646984e-01
4.940199999999999626e-03 3.480314257655566235e-01
5.040000000000000209e-03 3.364804223493180757e-01
5.141899999999999596e-03 3.251062353655364001e-01
5.245699999999999842e-03 3.140121398649226570e-01
5.351700000000000033e-03 3.031608226567767406e-01
5.459799999999999896e-03 2.925691962430387871e-01
5.570099999999999704e-03 2.822690384457742230e-01
5.682600000000000325e-03 2.723075679172056729e-01
5.797400000000000296e-03 2.624551328068915890e-01
5.914499999999999619e-03 2.526680308515661944e-01
6.034000000000000301e-03 2.433708737864077598e-01
6.155899999999999740e-03 2.345956305097738337e-01
6.280299999999999945e-03 2.261142640938327841e-01
6.407200000000000048e-03 2.179318589360430269e-01
6.536600000000000049e-03 2.100782056957355703e-01
6.668600000000000222e-03 2.025577497631713131e-01
6.803299999999999972e-03 1.953141870006477876e-01
6.940799999999999574e-03 1.883934286323874496e-01
7.080999999999999621e-03 1.818130709768095710e-01
7.224000000000000386e-03 1.756199208168368331e-01
7.369999999999999815e-03 1.696443284811864904e-01
7.518900000000000236e-03 1.638653180367931617e-01
7.670800000000000188e-03 1.583579484425349237e-01
7.825699999999999670e-03 1.531009296148738152e-01
7.983799999999999231e-03 1.480654273139328514e-01
8.145100000000000603e-03 1.432434189145271597e-01
8.309600000000000319e-03 1.386040527500803921e-01
8.477500000000000660e-03 1.341059602649006532e-01
8.648799999999999891e-03 1.297793190416141329e-01
8.823499999999999746e-03 1.256197315017171245e-01
9.001699999999999632e-03 1.215920336467095492e-01
9.183600000000000096e-03 1.176665236840492706e-01
9.369099999999999998e-03 1.138519463168761875e-01
9.558300000000000476e-03 1.101306205983266090e-01
9.751400000000000345e-03 1.065051324898543816e-01
9.948399999999999604e-03 1.029415246212121160e-01
1.014900000000000004e-02 9.944225914401455535e-02
1.035400000000000036e-02 9.600955376907840955e-02
1.056400000000000047e-02 9.263413506012951881e-02
1.077700000000000012e-02 8.932445617861448084e-02
1.099499999999999957e-02 8.606520004559443937e-02
1.121699999999999954e-02 8.288043478260868901e-02
1.144300000000000005e-02 7.975701670510151886e-02
1.167499999999999961e-02 7.671194588853486040e-02
1.191000000000000045e-02 7.374124708236078074e-02
1.215100000000000034e-02 7.085774289819829486e-02
1.239700000000000003e-02 6.805761724118973566e-02
1.264700000000000026e-02 6.534274303845942489e-02
1.290200000000000027e-02 6.271509475059899863e-02
1.316299999999999935e-02 6.018327730181109031e-02
1.342899999999999996e-02 5.774237105049959129e-02
1.370000000000000037e-02 5.539231514368744141e-02
1.397699999999999984e-02 5.313002896684905496e-02
1.425900000000000084e-02 5.095533565124364672e-02
1.454699999999999917e-02 4.885924661188773693e-02
1.484100000000000003e-02 4.684165690554786821e-02
1.514099999999999994e-02 4.489847985542681080e-02
1.544700000000000066e-02 4.302245342109454335e-02
1.575899999999999870e-02 4.121128553245650972e-02
1.607700000000000101e-02 3.945881479910950951e-02
1.640199999999999991e-02 3.776594053108602023e-02
1.673399999999999888e-02 3.612725344644750897e-02
1.707200000000000037e-02 3.453966569381799329e-02
1.741600000000000092e-02 3.300233768993730832e-02
1.776799999999999907e-02 3.151578050987279001e-02
1.812700000000000075e-02 3.007627480264561323e-02
1.849299999999999902e-02 2.868381645095732096e-02
1.886699999999999836e-02 2.733837652234562265e-02
1.924800000000000122e-02 2.603898551505034673e-02
1.963700000000000168e-02 2.478695793230236907e-02
2.003399999999999972e-02 2.358396262291519510e-02
2.043800000000000130e-02 2.243132543279995755e-02
2.085100000000000148e-02 2.132978139075030269e-02
2.127199999999999924e-02 2.028133981870439834e-02
2.170199999999999907e-02 1.928877511269408429e-02
2.214100000000000096e-02 1.835118013118798228e-02
2.258800000000000044e-02 1.746835443037974417e-02
2.304399999999999851e-02 1.663570044454576458e-02
2.350999999999999965e-02 1.584656084656084485e-02
2.398499999999999938e-02 1.509552290807734953e-02
2.446900000000000117e-02 1.437170010559662113e-02
2.496400000000000008e-02 1.366660736523750246e-02
2.546800000000000105e-02 1.297426977748455772e-02
2.598200000000000162e-02 1.229121145909201247e-02
2.650699999999999931e-02 1.161873156342183022e-02
2.704300000000000107e-02 1.096382541560301377e-02
2.758899999999999894e-02 1.033449037551278059e-02
2.814600000000000088e-02 9.742046982013698522e-03
2.871500000000000094e-02 9.194648308111969676e-03
2.929500000000000159e-02 8.695766846894367741e-03
2.988700000000000037e-02 8.244039646397000043e-03
3.048999999999999974e-02 7.830406968830814010e-03
3.110600000000000170e-02 7.442230524422305260e-03
3.173499999999999932e-02 7.064659114894815059e-03
3.237600000000000200e-02 6.688403722261989683e-03
3.302999999999999686e-02 6.308880308880308700e-03
3.369699999999999779e-02 5.930955206170276071e-03
3.437799999999999884e-02 5.563963147560790738e-03
3.507199999999999901e-02 5.220119981541300989e-03
3.578100000000000031e-02 4.907239109996866522e-03
3.650400000000000172e-02 4.627264745789767472e-03
3.724100000000000327e-02 4.373231419743047604e-03
3.799299999999999899e-02 4.135697125341728127e-03
3.876099999999999685e-02 3.904802093003628856e-03
3.954400000000000276e-02 3.676237964236588746e-03
4.034299999999999692e-02 3.451234459814392797e-03
4.115800000000000014e-02 3.237496656860123015e-03
4.198899999999999855e-02 3.037840290381125380e-03
4.283800000000000108e-02 2.845614035087719405e-03
4.370299999999999879e-02 2.661876584953508026e-03
4.458600000000000063e-02 2.491739088912233672e-03
4.548599999999999866e-02 2.330486266136076821e-03
4.640500000000000180e-02 2.177085387497534972e-03
4.734300000000000314e-02 2.033998418212580421e-03
4.829900000000000165e-02 1.902565405130810352e-03
4.927499999999999936e-02 1.781941481412773571e-03
5.027000000000000218e-02 1.669871258986791720e-03
5.128599999999999826e-02 1.563880151240745970e-03
5.232200000000000045e-02 1.462035367842733254e-03
5.337900000000000283e-02 1.363498032736995503e-03
5.445699999999999846e-02 1.268642752578340738e-03
5.555700000000000222e-02 1.179991306383120940e-03
5.668000000000000121e-02 1.100766357038859616e-03
5.782500000000000140e-02 1.032807498856881537e-03
5.899299999999999683e-02 9.731776804947536285e-04
6.018400000000000138e-02 9.159388646288209443e-04
6.140000000000000319e-02 8.572823278684619901e-04
6.264100000000000223e-02 7.989510066951877000e-04
6.390600000000000447e-02 7.454353458331798229e-04
6.519700000000000495e-02 6.978242949566606504e-04
6.651400000000000368e-02 6.525594056886989272e-04
6.785800000000000165e-02 6.070089395767649422e-04
6.922899999999999887e-02 5.635479210571659381e-04
7.062699999999999534e-02 5.257018852570188947e-04
7.205400000000000693e-02 4.924298246833595360e-04
7.351000000000000589e-02 4.598997672658737155e-04
7.499400000000000510e-02 4.276060641673521756e-04
7.650899999999999368e-02 3.984738141020788185e-04
7.805499999999999938e-02 3.731203301341169351e-04
7.963199999999999446e-02 3.488710381277172930e-04
8.124099999999999377e-02 3.245197135015730921e-04
8.288199999999999734e-02 3.015038767757714550e-04
8.455600000000000616e-02 2.810104717694051116e-04
8.626399999999999346e-02 2.627431942940363328e-04
8.800700000000000189e-02 2.452289151957840157e-04
8.978500000000000369e-02 2.274718649517684709e-04
9.159799999999999887e-02 2.111455882046690119e-04
9.344900000000000428e-02 1.975280172413793414e-04
9.533700000000000507e-02 1.843285243565767281e-04
9.726300000000000223e-02 1.710465916915308697e-04
9.922699999999999576e-02 1.596756680200170071e-04
1.012300000000000005e-01 1.487394957983193379e-04
1.032799999999999968e-01 1.375879845345494225e-04
1.053599999999999953e-01 1.285139444247608564e-04
1.074900000000000022e-01 1.199809140616939972e-04
1.096599999999999936e-01 1.108608923884514297e-04
1.118799999999999933e-01 1.032158202343145311e-04
1.141400000000000053e-01 9.642944352497490642e-05
1.164400000000000018e-01 8.944157672454247122e-05
1.188000000000000028e-01 8.292833839577003999e-05
1.212000000000000022e-01 7.728029867892015716e-05
1.236499999999999960e-01 7.181259374724272015e-05
1.261400000000000021e-01 6.665357067303333814e-05
1.286899999999999988e-01 6.209207368388242878e-05
1.312899999999999900e-01 5.740609268103781748e-05
1.339400000000000035e-01 5.370041246101740507e-05
1.366499999999999937e-01 4.962947427293064995e-05
1.394100000000000061e-01 4.609175250200891631e-05
1.422299999999999953e-01 4.298872539652207465e-05
1.451000000000000068e-01 3.971041158353665247e-05
1.480299999999999949e-01 3.699673831228568753e-05
1.510199999999999876e-01 3.430808146888220209e-05
1.540700000000000125e-01 3.184187859830454528e-05
1.571799999999999864e-01 2.953922672672672101e-05
1.603600000000000025e-01 2.741525218821026376e-05
1.635999999999999954e-01 2.545314671431407318e-05
1.668999999999999928e-01 2.355641312074743590e-05
1.702799999999999869e-01 2.192513091719811060e-05
1.737100000000000033e-01 2.026463427543135222e-05
1.772199999999999886e-01 1.881945571606340704e-05
1.807999999999999885e-01 1.746296809986130284e-05
1.844600000000000128e-01 1.616373400365630795e-05
1.881799999999999862e-01 1.500709471443774488e-05
1.919800000000000118e-01 1.386483827327511803e-05
1.958600000000000063e-01 1.293358170606372108e-05
1.998199999999999976e-01 1.190780619111709199e-05
2.038600000000000134e-01 1.110930774116152803e-05
2.079699999999999882e-01 1.026241868716735668e-05
2.121800000000000075e-01 9.482053261289076244e-06
2.164600000000000135e-01 8.837171976566888501e-06
2.208299999999999985e-01 8.125601859538436652e-06
2.253000000000000003e-01 7.579307396323215645e-06
2.298499999999999988e-01 7.011593184612682406e-06
2.344900000000000040e-01 6.473855030652722424e-06
2.392299999999999982e-01 5.994065832174315636e-06
2.440599999999999992e-01 5.565179938744257736e-06
2.489899999999999891e-01 5.153693407466243149e-06
2.540200000000000236e-01 4.752030627554451482e-06
2.591499999999999915e-01 4.420648233320707451e-06
2.643900000000000139e-01 4.097338713333635972e-06
2.697300000000000253e-01 3.785072219718710950e-06
2.751799999999999802e-01 3.481508967223252960e-06
2.807399999999999896e-01 3.233170606372045366e-06
2.864099999999999979e-01 3.012176317328654393e-06
2.921900000000000053e-01 2.760660417495848405e-06
2.980999999999999761e-01 2.563739176032085960e-06
3.041200000000000014e-01 2.384263333920084520e-06
3.102599999999999802e-01 2.195553117237385504e-06
3.165299999999999780e-01 2.034865242817188279e-06
3.229199999999999848e-01 1.882141908052086310e-06
3.294500000000000206e-01 1.724242108552974246e-06
3.361000000000000099e-01 1.601434834595456300e-06
3.428899999999999726e-01 1.491697608232655441e-06
3.498200000000000198e-01 1.376087934440337177e-06
3.568899999999999850e-01 1.269343065693430415e-06
3.640900000000000247e-01 1.177832014812321173e-06
3.714500000000000024e-01 1.087170620677580498e-06
3.789500000000000091e-01 1.001688880774146376e-06
3.866100000000000092e-01 9.253777587110920591e-07
3.944199999999999928e-01 8.634237372480716924e-07
4.023900000000000254e-01 7.998443781610686023e-07
4.105199999999999960e-01 7.348178137651822139e-07
4.188100000000000156e-01 6.775651100134710479e-07
4.272699999999999831e-01 6.252919878533052437e-07
4.359000000000000097e-01 5.788608981380065603e-07
4.447099999999999942e-01 5.334920634920635286e-07
4.536899999999999822e-01 4.931565865782932759e-07
4.628599999999999937e-01 4.554506793901047760e-07
4.722100000000000186e-01 4.194025009910266686e-07
4.817400000000000015e-01 3.917254843069530446e-07
4.914799999999999724e-01 3.623376115197996254e-07
5.014100000000000223e-01 3.326271532369988959e-07
5.115300000000000402e-01 3.064979334441177620e-07
5.218699999999999450e-01 2.837870296236989974e-07
5.324100000000000499e-01 2.634380656239847708e-07
5.431700000000000417e-01 2.434519486807068563e-07
5.541399999999999659e-01 2.252424732269145362e-07
5.653299999999999992e-01 2.094700764566306378e-07
5.767499999999999849e-01 1.925169318870106430e-07
5.884000000000000341e-01 1.785578747628083281e-07
6.002899999999999903e-01 1.653176414074696923e-07
6.124199999999999644e-01 1.528375242992412313e-07
6.247899999999999565e-01 1.411356342917021558e-07
6.374100000000000321e-01 1.302141049319378993e-07
6.502900000000000347e-01 1.200628751071734685e-07
6.634200000000000097e-01 1.106657710105986019e-07
6.768300000000000427e-01 1.020040548970680061e-07
6.905000000000000027e-01 9.404383606290230009e-08
7.044500000000000206e-01 8.673478075776926498e-08
7.186799999999999855e-01 8.003203416978109960e-08
7.331999999999999629e-01 7.387684866524044473e-08
7.480099999999999527e-01 6.821470245040840321e-08
7.631200000000000205e-01 6.299609629147690933e-08
7.785400000000000098e-01 5.818788664725015626e-08
7.942599999999999660e-01 5.375312621575056657e-08
8.103099999999999747e-01 4.965764969833648308e-08
8.266799999999999704e-01 4.587213967852540061e-08
8.433800000000000185e-01 4.237167421274863586e-08
8.604100000000000081e-01 3.913361627396458949e-08
8.778000000000000247e-01 3.613802126830354164e-08
8.955300000000000482e-01 3.336731424576937353e-08
9.136199999999999877e-01 3.080474833518735772e-08
9.320800000000000196e-01 2.843725083718705158e-08
9.509100000000000330e-01 2.625000000000000014e-08
9.701100000000000279e-01 2.423056768558951770e-08
9.897099999999999786e-01 2.236442754232639840e-08
1.009700000000000042e+00 2.064233353111183373e-08
1.030100000000000016e+00 1.905201779345168740e-08
1.050899999999999945e+00 1.758423194729996087e-08
1.072100000000000053e+00 1.622973507315144150e-08
1.093800000000000106e+00 1.497987163856363784e-08
1.115899999999999892e+00 1.382673219620314106e-08
1.138400000000000079e+00 1.276248391410764224e-08
1.161399999999999988e+00 1.178031504387355854e-08
1.184900000000000064e+00 1.087375415282392067e-08
1.208800000000000097e+00 1.003770520331805697e-08
1.233300000000000063e+00 9.266439771484137498e-09
1.258199999999999985e+00 8.554190015282731959e-09
1.283600000000000074e+00 7.897441030260567491e-09
1.309500000000000108e+00 7.291448150478987529e-09
1.336000000000000076e+00 6.732009380038106069e-09
1.362999999999999989e+00 6.216205837173578916e-09
1.390500000000000069e+00 5.740450026164312517e-09
1.418600000000000083e+00 5.301489514325497978e-09
1.447200000000000042e+00 4.896271066483832748e-09
1.476499999999999924e+00 4.522700922877151377e-09
1.506299999999999972e+00 4.177963629291062120e-09
1.536699999999999955e+00 3.859895992658304961e-09
1.567800000000000082e+00 3.566509837467922010e-09
1.599399999999999933e+00 3.295469836286162645e-09
1.631799999999999917e+00 3.045219334352581441e-09
1.664700000000000069e+00 2.813741211298877522e-09
1.698399999999999910e+00 2.599560098330961382e-09
1.732699999999999907e+00 2.401397937024972884e-09
1.767700000000000049e+00 2.217840108208158192e-09
1.803399999999999892e+00 2.047800433191425710e-09
1.839800000000000102e+00 1.890290729566648596e-09
1.877000000000000002e+00 1.744203256043414060e-09
1.914900000000000047e+00 1.608800690250215766e-09
1.953600000000000003e+00 1.483429916696848994e-09
1.993000000000000105e+00 1.367445838084378478e-09
2.033300000000000107e+00 1.260297197566570314e-09
2.074399999999999800e+00 1.161483466446149353e-09
2.116299999999999848e+00 1.070341599551712508e-09
2.158999999999999808e+00 9.864015409280170936e-10
2.202599999999999891e+00 9.091283342818051578e-10
2.247100000000000097e+00 8.380642454904851068e-10
2.292499999999999982e+00 7.727624589595066979e-10
2.338799999999999990e+00 7.127522421524663273e-10
2.386099999999999888e+00 6.575876631498404099e-10
2.434299999999999908e+00 6.068669262624388593e-10
2.483499999999999819e+00 5.602038166947942531e-10
2.533599999999999852e+00 5.172213985036725927e-10
2.584799999999999986e+00 4.776258323190377274e-10
2.637000000000000011e+00 4.411543523218650250e-10
2.690300000000000136e+00 4.075002962202298115e-10
2.744699999999999918e+00 3.764754693496525182e-10
2.800100000000000033e+00 3.478545121712031351e-10
2.856700000000000017e+00 3.214203947067173384e-10
2.914400000000000102e+00 2.970197002862434537e-10
2.973300000000000054e+00 2.744458766143503920e-10
3.033300000000000107e+00 2.536063309963883732e-10
3.094599999999999795e+00 2.343174461435428334e-10
3.157099999999999795e+00 2.164741070904932253e-10
3.220899999999999874e+00 1.999630200308166253e-10
3.286000000000000032e+00 1.846838968778339245e-10
3.352300000000000058e+00 1.705313680770670923e-10
3.420100000000000140e+00 1.574239713774597380e-10
3.489199999999999857e+00 1.452914629559984838e-10
3.559600000000000097e+00 1.340567678684376948e-10
3.631600000000000161e+00 1.236753522004737468e-10
3.704899999999999860e+00 1.140853685176285652e-10
3.779799999999999827e+00 1.052268969318390705e-10
3.856100000000000083e+00 9.705910759126908342e-11
3.934000000000000163e+00 8.953033764914953496e-11
4.013499999999999623e+00 8.259569697293257779e-11
4.094599999999999795e+00 7.620838713299276164e-11
4.177299999999999791e+00 7.032882696735344871e-11
4.261700000000000266e+00 6.491587508536661340e-11
4.347800000000000331e+00 5.993275006529119244e-11
4.435599999999999987e+00 5.533749914166037026e-11
4.525199999999999889e+00 5.109923443593817425e-11
4.616600000000000037e+00 4.718474627772713646e-11
4.709900000000000198e+00 4.356691969636436041e-11
4.804999999999999716e+00 4.022442632596453095e-11
4.902099999999999902e+00 3.712732095490716327e-11
5.001100000000000101e+00 3.426604651162790787e-11
5.102100000000000080e+00 3.160974655054310093e-11
5.205199999999999605e+00 2.915388258550748190e-11
5.310399999999999565e+00 2.688028771678961755e-11
5.417600000000000193e+00 2.477916452954921124e-11
5.527099999999999902e+00 2.284093498518847058e-11
5.638700000000000045e+00 2.105402642638095023e-11
5.752600000000000158e+00 1.940903054448871051e-11
5.868900000000000006e+00 1.789442790658672544e-11
5.987400000000000055e+00 1.650365489550087525e-11
6.108399999999999608e+00 1.522467996842251957e-11
6.231799999999999784e+00 1.405102473037698290e-11
6.357700000000000351e+00 1.297421036386707441e-11
6.486100000000000421e+00 1.198516406165397207e-11
6.617099999999999760e+00 1.107604916693580669e-11
6.750799999999999912e+00 1.023978081753459671e-11
6.887199999999999989e+00 9.469496021220159131e-12
7.026299999999999990e+00 8.759806746154869253e-12
7.168199999999999683e+00 8.105270525652691705e-12
7.312999999999999723e+00 7.501166760826312499e-12
7.460799999999999876e+00 6.943388419065353378e-12
7.611500000000000377e+00 6.427773995915589002e-12
7.765299999999999869e+00 5.950858682875081733e-12
7.922100000000000364e+00 5.508830188679245495e-12
8.082200000000000273e+00 5.098861974696420145e-12
8.245400000000000063e+00 4.717638000870351662e-12
8.412000000000000810e+00 4.362662154540326872e-12
8.581899999999999196e+00 4.032371830567620584e-12
8.755300000000000082e+00 3.724009852601947423e-12
8.932199999999999918e+00 3.436094869472123764e-12
9.112600000000000477e+00 3.167360568999913226e-12
9.296699999999999520e+00 2.916179426274438009e-12
9.484500000000000597e+00 2.681597305749338497e-12
9.676099999999999923e+00 2.463865801743361174e-12
9.871600000000000819e+00 2.262317834836918636e-12
1.007099999999999973e+01 2.076927402575493309e-12
1.027399999999999913e+01 1.906936792844025504e-12
1.048199999999999932e+01 1.751622566150773980e-12
1.069400000000000084e+01 1.610190664036817978e-12
1.091000000000000014e+01 1.481886818591119971e-12
1.113000000000000078e+01 1.365759322776034291e-12
1.135500000000000043e+01 1.261033369214208727e-12
1.158399999999999963e+01 1.166558651976668897e-12
1.181799999999999962e+01 1.080836534357661101e-12
1.205700000000000038e+01 1.002338550098938475e-12
1.230100000000000016e+01 9.299308122452848374e-13
1.254899999999999949e+01 8.627646823811426563e-13
1.280300000000000082e+01 7.998673851723991906e-13
1.306099999999999994e+01 7.407329355132101081e-13
1.332499999999999929e+01 6.848355912985540455e-13
1.359399999999999942e+01 6.317540099046492404e-13
1.386899999999999977e+01 5.811942507692906926e-13
1.414899999999999913e+01 5.331025234002955658e-13
1.443500000000000050e+01 4.878266889747878656e-13
1.472700000000000031e+01 4.456809267536257805e-13
1.502399999999999913e+01 4.068103517346366806e-13
1.532799999999999940e+01 3.712712408364581935e-13
1.563700000000000045e+01 3.390132293502840338e-13
1.595299999999999940e+01 3.099778520214722293e-13
1.627499999999999858e+01 2.840182829102277278e-13
1.660399999999999920e+01 2.609457458125612567e-13
1.694000000000000128e+01 2.405990236178915585e-13
1.728200000000000003e+01 2.226902835416038409e-13
1.763100000000000023e+01 2.067608525615956245e-13
1.798699999999999832e+01 1.924028450675187988e-13
1.835099999999999909e+01 1.792788631361573705e-13
1.872100000000000009e+01 1.671164589600343743e-13
1.909900000000000020e+01 1.557079418783796147e-13
1.948499999999999943e+01 1.448716315219468600e-13
1.987900000000000134e+01 1.344787048233239330e-13
2.028000000000000114e+01 1.244279946164199262e-13
2.069000000000000128e+01 1.146560095615148966e-13
2.110800000000000054e+01 1.051636535507503300e-13
2.153500000000000014e+01 9.607460330647170347e-14
2.196999999999999886e+01 8.747590678114597362e-14
2.241300000000000026e+01 7.945483945483946250e-14
2.286599999999999966e+01 7.205086975588364895e-14
2.332799999999999940e+01 6.527056888843208462e-14
2.379899999999999949e+01 5.912515583500461489e-14
2.428000000000000114e+01 5.358849759890234838e-14
2.477100000000000080e+01 4.864379183501175521e-14
2.527100000000000080e+01 4.425009540770894063e-14
2.578200000000000003e+01 4.036900369003690327e-14
2.630199999999999960e+01 3.694338287331918262e-14
2.683399999999999963e+01 3.392339853665820775e-14
2.737600000000000122e+01 3.125698984011971431e-14
2.792899999999999849e+01 2.890827517447657080e-14
2.849299999999999855e+01 2.684109036725392155e-14
2.906899999999999906e+01 2.502589236175328404e-14
2.965599999999999881e+01 2.343186030631157556e-14
3.025499999999999901e+01 2.204119021397914879e-14
3.086599999999999966e+01 2.083007557988011233e-14
3.148999999999999844e+01 1.977658111824014814e-14
3.212599999999999767e+01 1.883779405720364707e-14
3.277499999999999858e+01 1.797727011824130592e-14
3.343699999999999761e+01 1.716554508748317393e-14
3.411200000000000188e+01 1.637600477177833879e-14
3.480100000000000193e+01 1.558669264199010868e-14
3.550399999999999778e+01 1.477932223223745733e-14
3.622200000000000131e+01 1.394276178556529048e-14
3.695300000000000296e+01 1.306765752122001942e-14
3.770000000000000284e+01 1.215071548039397881e-14
3.846200000000000330e+01 1.119989017023613429e-14
3.923899999999999721e+01 1.024154989340343246e-14
4.003099999999999881e+01 9.300974267115209987e-15
4.084000000000000341e+01 8.398155619596540221e-15
4.166499999999999915e+01 7.547693206151450957e-15
4.250699999999999790e+01 6.758610062408507100e-15
4.336500000000000199e+01 6.036866359447004249e-15
4.424099999999999966e+01 5.384549356223175789e-15
4.513499999999999801e+01 4.800821479266709129e-15
4.604699999999999704e+01 4.283209538078995624e-15
4.697699999999999676e+01 3.827775347444224081e-15
4.792600000000000193e+01 3.426825802784881810e-15
4.889399999999999835e+01 3.073908804559771938e-15
4.988199999999999790e+01 2.762924550708574100e-15
5.089000000000000057e+01 2.488842457166736619e-15
5.191799999999999926e+01 2.247143424361406291e-15
5.296600000000000108e+01 2.033813050160681946e-15
5.403600000000000136e+01 1.845503269902148426e-15
5.512800000000000011e+01 1.679161042467033763e-15
5.624199999999999733e+01 1.532065336549002458e-15
5.737800000000000011e+01 1.401620370370370212e-15
5.853699999999999903e+01 1.285042160576805507e-15
5.971999999999999886e+01 1.179882573069230280e-15
6.092600000000000193e+01 1.083861298453573275e-15
6.215699999999999648e+01 9.957557010287028400e-16
6.341199999999999903e+01 9.139384732244587896e-16
6.469299999999999784e+01 8.377316114542392562e-16
6.600000000000000000e+01 7.660596306962561639e-16
6.733400000000000318e+01 6.985329635924501710e-16
6.869400000000000261e+01 6.345645191762706298e-16
7.008199999999999363e+01 5.742617717478053136e-16
7.149699999999999989e+01 5.183956002275744455e-16
7.294199999999999307e+01 4.675360802946511012e-16
7.441500000000000625e+01 4.219482671492871829e-16
7.591800000000000637e+01 3.816841269053175202e-16
7.745199999999999818e+01 3.465834600660758488e-16
7.901699999999999591e+01 3.164439520875164645e-16
8.061299999999999955e+01 2.909694593962087439e-16
8.224099999999999966e+01 2.879721900347624609e-16
8.390300000000000580e+01 3.040654121717559302e-16
8.559799999999999898e+01 3.210585294371175239e-16
8.732699999999999818e+01 3.390154619461290371e-16
8.909099999999999397e+01 3.579852627123535068e-16
9.089100000000000534e+01 3.780487804878048341e-16
9.272700000000000387e+01 3.992183977153163786e-16
9.459999999999999432e+01 4.215970961887477784e-16
9.651099999999999568e+01 4.452327309333205067e-16
9.846099999999999852e+01 4.702188006482982137e-16
1.004500000000000028e+02 4.966419607738207417e-16
1.024800000000000040e+02 5.245257414265923741e-16
1.045499999999999972e+02 5.540120690685308176e-16
1.066599999999999966e+02 5.851510464345464767e-16
1.088199999999999932e+02 6.180865968376809358e-16
1.110100000000000051e+02 6.529187817258883183e-16
1.132600000000000051e+02 6.896885710028311746e-16
1.155400000000000063e+02 7.285539939372466341e-16
1.178799999999999955e+02 7.696596488308230706e-16
1.202600000000000051e+02 8.131486367634124287e-16
1.226899999999999977e+02 8.590750639089007944e-16
1.251700000000000017e+02 9.075948123403419911e-16
1.277000000000000028e+02 9.589261605566516959e-16
1.302800000000000011e+02 1.013228674936875686e-15
1.329099999999999966e+02 1.070674248578391717e-15
1.355900000000000034e+02 1.131325522909893904e-15
1.383300000000000125e+02 1.195512612671033029e-15
1.411299999999999955e+02 1.263385206005347294e-15
1.439799999999999898e+02 1.335145321446691093e-15
1.468899999999999864e+02 1.411065982067591421e-15
1.498499999999999943e+02 1.491249392318911097e-15
1.528799999999999955e+02 1.576250856751199392e-15
1.559699999999999989e+02 1.666062692516760343e-15
1.591200000000000045e+02 1.761065338187392379e-15
1.623300000000000125e+02 1.861468791473755538e-15
1.656100000000000136e+02 1.967878800865708342e-15
1.689600000000000080e+02 2.080363516867046708e-15
1.723700000000000045e+02 2.199410326477779364e-15
1.758499999999999943e+02 2.325528327480635486e-15
1.794099999999999966e+02 2.458897680032184542e-15
1.830300000000000011e+02 2.600122004851820534e-15
1.867299999999999898e+02 2.749636033439896777e-15
1.905000000000000000e+02 2.908117893667026619e-15
1.943499999999999943e+02 3.075798565019407425e-15
1.982800000000000011e+02 3.253262686248711044e-15
2.022800000000000011e+02 3.441398385609724167e-15
2.063700000000000045e+02 3.640382317801672419e-15
2.105399999999999920e+02 3.850968326554696384e-15
2.147899999999999920e+02 4.074090594821241549e-15
2.191299999999999955e+02 4.310027381739211917e-15
2.235600000000000023e+02 4.559672221250655928e-15
