1.000000000000000048e-04 1.026161971830986008e+00
1.020200000000000024e-04 1.026138600186457639e+00
1.040800000000000064e-04 1.026105505519062655e+00
1.061800000000000032e-04 1.026097350421674603e+00
1.083300000000000013e-04 1.026080161495132259e+00
1.105200000000000057e-04 1.026053639846743248e+00
1.127500000000000030e-04 1.026017532874138993e+00
1.150300000000000015e-04 1.026004728132387633e+00
1.173500000000000064e-04 1.025982236941141101e+00
1.197199999999999989e-04 1.025980927637211604e+00
1.221399999999999927e-04 1.025940187024116268e+00
1.246099999999999877e-04 1.025891437656143657e+00
1.271199999999999891e-04 1.025890868596881944e+00
1.296899999999999865e-04 1.025853125853125825e+00
1.323100000000000122e-04 1.025833913369384787e+00
1.349900000000000069e-04 1.025779014517102850e+00
1.377100000000000080e-04 1.025742676208618587e+00
1.404900000000000051e-04 1.025697985560660497e+00
1.433299999999999982e-04 1.025670223036364126e+00
1.462299999999999874e-04 1.025658453695836858e+00
1.491800000000000049e-04 1.025613558999262098e+00
1.522000000000000132e-04 1.025560224089635986e+00
1.552699999999999957e-04 1.025522466637672547e+00
1.584099999999999961e-04 1.025476992143658839e+00
1.616099999999999926e-04 1.025423169201646445e+00
1.648700000000000122e-04 1.025383668976235230e+00
1.681999999999999956e-04 1.025336550673101366e+00
1.715999999999999969e-04 1.025281248702727410e+00
1.750699999999999891e-04 1.025239161408508126e+00
1.786000000000000044e-04 1.025169158300233585e+00
1.822100000000000054e-04 1.025112054960756414e+00
1.858899999999999973e-04 1.025047503886681755e+00
1.896500000000000020e-04 1.024976002710282108e+00
1.934799999999999975e-04 1.024916483638175668e+00
1.973900000000000058e-04 1.024868328175055909e+00
2.013799999999999998e-04 1.024794561879914134e+00
2.054400000000000117e-04 1.024696729728318489e+00
2.095900000000000042e-04 1.024627935554341951e+00
2.138300000000000042e-04 1.024552301255230002e+00
2.181499999999999900e-04 1.024470704086656969e+00
2.225499999999999885e-04 1.024382785592429235e+00
2.270499999999999895e-04 1.024289006028850091e+00
2.316399999999999980e-04 1.024189804067229925e+00
2.363199999999999871e-04 1.024100774017301596e+00
2.410900000000000109e-04 1.024005834027860606e+00
2.459599999999999829e-04 1.023890834792761328e+00
2.509300000000000115e-04 1.023786011764200810e+00
2.559999999999999884e-04 1.023676196089989165e+00
2.611700000000000219e-04 1.023547707848777355e+00
2.664499999999999985e-04 1.023429064996761007e+00
2.718299999999999775e-04 1.023292747485441856e+00
2.773200000000000079e-04 1.023166173493225362e+00
2.829199999999999814e-04 1.023022882887469232e+00
2.886400000000000012e-04 1.022863989216983294e+00
2.944700000000000182e-04 1.022727272727272707e+00
3.004199999999999731e-04 1.022575341150490313e+00
3.064899999999999743e-04 1.022396930573046037e+00
3.126800000000000217e-04 1.022228890632934872e+00
3.189900000000000070e-04 1.022047422330371935e+00
3.254399999999999741e-04 1.021875936469883062e+00
3.320099999999999874e-04 1.021670040706153859e+00
3.387199999999999825e-04 1.021474618964265835e+00
3.455600000000000186e-04 1.021268355993761867e+00
3.525399999999999823e-04 1.021041395095815485e+00
3.596599999999999819e-04 1.020835430296930024e+00
3.669300000000000122e-04 1.020629750271444314e+00
3.743400000000000243e-04 1.020327170651437632e+00
3.819000000000000129e-04 1.020028476506881665e+00
3.896200000000000271e-04 1.019826864004467870e+00
3.974900000000000178e-04 1.019534459151072658e+00
4.055199999999999799e-04 1.019246262644347034e+00
4.137100000000000217e-04 1.018962338688438329e+00
4.220699999999999756e-04 1.018595041322314154e+00
4.306000000000000040e-04 1.018319966230476936e+00
4.392900000000000038e-04 1.018049345918198512e+00
4.481700000000000137e-04 1.017700552127314140e+00
4.572199999999999897e-04 1.017278445736125470e+00
4.664599999999999758e-04 1.016865776528460996e+00
4.758799999999999771e-04 1.016540317022742723e+00
4.854999999999999832e-04 1.016145989786722881e+00
4.952999999999999504e-04 1.015685985713233652e+00
5.053100000000000256e-04 1.015239058211757861e+00
5.155199999999999973e-04 1.014802748069976834e+00
5.259299999999999739e-04 1.014308536500659885e+00
5.365600000000000534e-04 1.013759280702949406e+00
5.473900000000000293e-04 1.013226452905811481e+00
5.584500000000000488e-04 1.012775157232704393e+00
5.697299999999999543e-04 1.012142627690330920e+00
5.812400000000000119e-04 1.011593472370991176e+00
5.929900000000000535e-04 1.010999196687882407e+00
6.049599999999999813e-04 1.010363008302527232e+00
6.171899999999999912e-04 1.009687388565315480e+00
6.296500000000000447e-04 1.008975928192574534e+00
6.423699999999999636e-04 1.008288556076369025e+00
6.553499999999999647e-04 1.007568113017154321e+00
6.685900000000000480e-04 1.006817681988124047e+00
6.821000000000000457e-04 1.006039363709894774e+00
6.958799999999999578e-04 1.005182717224601952e+00
7.099300000000000012e-04 1.004304755977386998e+00
7.242699999999999486e-04 1.003408108245587238e+00
7.389099999999999575e-04 1.002494387627837380e+00
7.538300000000000382e-04 1.001516782464037414e+00
7.690600000000000127e-04 1.000527881754487147e+00
7.845999999999999893e-04 9.994352143832071489e-01
8.004499999999999680e-04 9.983843419655632490e-01
8.166199999999999978e-04 9.972834699144293991e-01
8.331099999999999704e-04 9.960921888183311701e-01
8.499399999999999837e-04 9.948606271777002963e-01
8.671100000000000379e-04 9.935922081250800897e-01
8.846299999999999650e-04 9.922906104663343774e-01
9.024999999999999819e-04 9.909176838038876722e-01
9.207300000000000293e-04 9.894796243298802363e-01
9.393300000000000477e-04 9.880204009014351696e-01
9.583099999999999778e-04 9.865043046614443423e-01
9.776699999999999280e-04 9.848986268020846202e-01
9.974199999999999473e-04 9.832102081934184223e-01
1.017600000000000015e-03 9.814814814814813992e-01
1.038099999999999917e-03 9.797171165996553244e-01
1.059100000000000102e-03 9.778505528558348869e-01
1.080500000000000080e-03 9.759240069084628155e-01
1.102300000000000068e-03 9.739428029276225862e-01
1.124599999999999905e-03 9.718796742562738622e-01
1.147299999999999969e-03 9.697088265023313669e-01
1.170500000000000099e-03 9.674705731832140554e-01
1.194100000000000023e-03 9.651699143368163147e-01
1.218200000000000012e-03 9.627531859878101228e-01
1.242899999999999908e-03 9.602295032462629942e-01
1.268000000000000030e-03 9.576642768264501671e-01
1.293600000000000002e-03 9.549787827704470100e-01
1.319700000000000040e-03 9.521813515825492402e-01
1.346399999999999984e-03 9.493075954678975581e-01
1.373599999999999995e-03 9.463398567233003433e-01
1.401300000000000072e-03 9.432056875100985893e-01
1.429600000000000055e-03 9.399952440087721017e-01
1.458499999999999944e-03 9.366655432556451055e-01
1.487999999999999956e-03 9.332264957264956307e-01
1.518000000000000035e-03 9.296625399361022613e-01
1.548700000000000077e-03 9.259613029635072046e-01
1.580000000000000024e-03 9.221322310077146867e-01
1.611900000000000095e-03 9.181642375359654329e-01
1.644499999999999912e-03 9.140899833364192206e-01
1.677700000000000068e-03 9.098321560789479623e-01
1.711599999999999970e-03 9.054273932909839839e-01
1.746200000000000052e-03 9.009056306601918029e-01
1.781400000000000041e-03 8.961978574035510681e-01
1.817400000000000048e-03 8.913565679126806973e-01
1.854100000000000019e-03 8.863542356055592597e-01
1.891600000000000009e-03 8.811838980126266430e-01
1.929799999999999962e-03 8.758393942413071898e-01
1.968800000000000151e-03 8.703178484107578772e-01
2.008600000000000142e-03 8.646505376344085780e-01
2.049099999999999880e-03 8.587774028764773027e-01
2.090499999999999910e-03 8.527147562826158378e-01
2.132799999999999800e-03 8.464780799767445130e-01
2.175799999999999870e-03 8.400463788797716269e-01
2.219800000000000072e-03 8.334179875645852942e-01
2.264599999999999860e-03 8.265946652449824850e-01
2.310400000000000214e-03 8.195727433927214589e-01
2.357099999999999994e-03 8.123683643178163383e-01
2.404700000000000067e-03 8.049348534201955507e-01
2.453299999999999838e-03 7.973063757637800508e-01
2.502799999999999903e-03 7.894802991265003067e-01
2.553399999999999941e-03 7.814453034581733126e-01
2.605000000000000111e-03 7.731882190659531418e-01
2.657599999999999980e-03 7.647269045208171523e-01
2.711299999999999821e-03 7.560490359577518582e-01
2.765999999999999796e-03 7.471578251433663720e-01
2.821900000000000016e-03 7.380811161949951682e-01
2.878900000000000209e-03 7.287827486678507549e-01
2.937100000000000214e-03 7.192570976627485901e-01
2.996400000000000192e-03 7.095550790672742192e-01
3.056899999999999982e-03 6.996391032902188334e-01
3.118699999999999858e-03 6.895212449185675885e-01
3.181699999999999980e-03 6.792318362879723459e-01
3.246000000000000187e-03 6.687351432503439996e-01
3.311500000000000207e-03 6.580604688922236933e-01
3.378400000000000153e-03 6.472068018818862845e-01
3.446700000000000024e-03 6.361809164753873258e-01
3.516299999999999981e-03 6.250014620054036296e-01
3.587400000000000137e-03 6.136591089484764172e-01
3.659799999999999946e-03 6.021747493720157607e-01
3.733799999999999793e-03 5.905609973285841363e-01
3.809199999999999999e-03 5.788297907289989830e-01
3.886099999999999971e-03 5.669708756693854212e-01
3.964600000000000415e-03 5.550289458616960436e-01
4.044700000000000031e-03 5.430014399899827371e-01
4.126399999999999686e-03 5.309040116673171550e-01
4.209799999999999653e-03 5.187439340019411871e-01
4.294799999999999660e-03 5.065492186722404533e-01
4.381600000000000251e-03 4.943355546844374615e-01
4.470100000000000288e-03 4.821077012159814545e-01
4.560400000000000044e-03 4.698726477855920680e-01
4.652500000000000385e-03 4.577700805092679293e-01
4.746499999999999851e-03 4.454813721873847610e-01
4.842400000000000176e-03 4.332727603125567928e-01
4.940199999999999626e-03 4.221486123545210023e-01
5.040000000000000209e-03 4.116199047114875720e-01
5.141899999999999596e-03 4.001826245760500833e-01
5.245699999999999842e-03 3.884097728246893033e-01
5.351700000000000033e-03 3.770030425963488696e-01
5.459799999999999896e-03 3.658138178181515321e-01
5.570099999999999704e-03 3.547546642557738439e-01
5.682600000000000325e-03 3.439075800567490404e-01
5.797400000000000296e-03 3.333120051187714594e-01
5.914499999999999619e-03 3.229166666666666297e-01
6.034000000000000301e-03 3.127160878367855612e-01
6.155899999999999740e-03 3.028360617938667398e-01
6.280299999999999945e-03 2.932852807283763408e-01
6.407200000000000048e-03 2.837453183520599054e-01
6.536600000000000049e-03 2.742066720911309763e-01
6.668600000000000222e-03 2.651665692577440114e-01
6.803299999999999972e-03 2.566428519881648329e-01
6.940799999999999574e-03 2.483778966131907073e-01
7.080999999999999621e-03 2.403508771929824817e-01
7.224000000000000386e-03 2.326253481894150488e-01
7.369999999999999815e-03 2.251806980106009493e-01
7.518900000000000236e-03 2.179881576260804532e-01
7.670800000000000188e-03 2.110512855027594503e-01
7.825699999999999670e-03 2.044604220757605950e-01
7.983799999999999231e-03 1.981954689146469828e-01
8.145100000000000603e-03 1.921081785597914537e-01
8.309600000000000319e-03 1.861657529829087165e-01
8.477500000000000660e-03 1.804571282640617946e-01
8.648799999999999891e-03 1.749668120614450706e-01
8.823499999999999746e-03 1.696487823201652811e-01
9.001699999999999632e-03 1.645107280168671415e-01
9.183600000000000096e-03 1.595293683951830854e-01
9.369099999999999998e-03 1.546456405260594191e-01
9.558300000000000476e-03 1.499064518075924890e-01
9.751400000000000345e-03 1.453234396505296011e-01
9.948399999999999604e-03 1.408545994065281970e-01
1.014900000000000004e-02 1.364690645787955681e-01
1.035400000000000036e-02 1.321787383177570052e-01
1.056400000000000047e-02 1.279900284074439176e-01
1.077700000000000012e-02 1.238906474820143933e-01
1.099499999999999957e-02 1.198548322569583519e-01
1.121699999999999954e-02 1.158841896111268976e-01
1.144300000000000005e-02 1.119916520954368638e-01
1.167499999999999961e-02 1.081735620585267399e-01
1.191000000000000045e-02 1.044251240037897682e-01
1.215100000000000034e-02 1.007593393193659259e-01
1.239700000000000003e-02 9.716601422506478125e-02
1.264700000000000026e-02 9.366289915505322805e-02
1.290200000000000027e-02 9.024576734025123448e-02
1.316299999999999935e-02 8.692081792473352331e-02
1.342899999999999996e-02 8.368905742145178739e-02
1.370000000000000037e-02 8.055165713051927467e-02
1.397699999999999984e-02 7.750995372861294030e-02
1.425900000000000084e-02 7.455872096142496241e-02
1.454699999999999917e-02 7.170457586299171238e-02
1.484100000000000003e-02 6.894360179448835724e-02
1.514099999999999994e-02 6.627212625293239789e-02
1.544700000000000066e-02 6.369009584664536705e-02
1.575899999999999870e-02 6.119061552375378021e-02
1.607700000000000101e-02 5.876847814527277891e-02
1.640199999999999991e-02 5.643111607380230793e-02
1.673399999999999888e-02 5.417021276595744561e-02
1.707200000000000037e-02 5.197817407505989085e-02
1.741600000000000092e-02 4.985768349235115277e-02
1.776799999999999907e-02 4.780595899188380682e-02
1.812700000000000075e-02 4.581634291218493471e-02
1.849299999999999902e-02 4.389139300279030348e-02
1.886699999999999836e-02 4.202239328201538837e-02
1.924800000000000122e-02 4.020962774866281009e-02
1.963700000000000168e-02 3.845206445662199130e-02
2.003399999999999972e-02 3.674243663123467202e-02
2.043800000000000130e-02 3.508521014850129321e-02
2.085100000000000148e-02 3.347663139329806747e-02
2.127199999999999924e-02 3.191957848031058698e-02
2.170199999999999907e-02 3.041547997989612825e-02
2.214100000000000096e-02 2.896990154711673662e-02
2.258800000000000044e-02 2.758648066235681179e-02
2.304399999999999851e-02 2.627030427819720612e-02
2.350999999999999965e-02 2.502366385778598615e-02
2.398499999999999938e-02 2.384929191677836666e-02
2.446900000000000117e-02 2.274241978216073184e-02
2.496400000000000008e-02 2.170039281037971710e-02
2.546800000000000105e-02 2.071028712454102069e-02
2.598200000000000162e-02 1.976364522417153879e-02
2.650699999999999931e-02 1.884653343202566042e-02
2.704300000000000107e-02 1.794713160854893158e-02
2.758899999999999894e-02 1.705815279361459769e-02
2.814600000000000088e-02 1.617732091230324534e-02
2.871500000000000094e-02 1.530999413260316667e-02
2.929500000000000159e-02 1.446687404858031621e-02
2.988700000000000037e-02 1.366117647058823562e-02
3.048999999999999974e-02 1.290545156442136909e-02
3.110600000000000170e-02 1.220918119313841449e-02
3.173499999999999932e-02 1.157437491171069317e-02
3.237600000000000200e-02 1.099453866053463555e-02
3.302999999999999686e-02 1.045637387552110151e-02
3.369699999999999779e-02 9.943414488869034909e-03
3.437799999999999884e-02 9.440485216072783126e-03
3.507199999999999901e-02 8.939768339768340913e-03
3.578100000000000031e-02 8.440965940375994014e-03
3.650400000000000172e-02 7.952319897427680140e-03
3.724100000000000327e-02 7.484692627969629676e-03
3.799299999999999899e-02 7.048407219495966131e-03
3.876099999999999685e-02 6.647741716803661112e-03
3.954400000000000276e-02 6.279067760034526789e-03
4.034299999999999692e-02 5.935120879120879718e-03
4.115800000000000014e-02 5.607411385606873334e-03
4.198899999999999855e-02 5.291298405466970597e-03
4.283800000000000108e-02 4.986184515530829239e-03
4.370299999999999879e-02 4.694331792888805331e-03
4.458600000000000063e-02 4.419735327963175871e-03
4.548599999999999866e-02 4.163937621832359409e-03
4.640500000000000180e-02 3.923663366336633748e-03
4.734300000000000314e-02 3.693877551020408045e-03
4.829900000000000165e-02 3.471411663877892531e-03
4.927499999999999936e-02 3.258711874230239489e-03
5.027000000000000218e-02 3.057549427024304489e-03
5.128599999999999826e-02 2.865803720524575000e-03
5.232200000000000045e-02 2.683736367946894241e-03
5.337900000000000283e-02 2.513153011548452907e-03
5.445699999999999846e-02 2.355743721259285356e-03
5.555700000000000222e-02 2.210618220893918306e-03
5.668000000000000121e-02 2.073679437769213822e-03
5.782500000000000140e-02 1.940346486343753809e-03
5.899299999999999683e-02 1.810663689022262322e-03
6.018400000000000138e-02 1.689479951425977740e-03
6.140000000000000319e-02 1.582245181039843192e-03
6.264100000000000223e-02 1.488930426761178984e-03
6.390600000000000447e-02 1.403166929755327377e-03
6.519700000000000495e-02 1.318397350661080266e-03
6.651400000000000368e-02 1.234074357991567748e-03
6.785800000000000165e-02 1.154421538220959647e-03
6.922899999999999887e-02 1.081577230793807258e-03
7.062699999999999534e-02 1.012709440130772198e-03
7.205400000000000693e-02 9.448571508364285356e-04
7.351000000000000589e-02 8.798112774622841425e-04
7.499400000000000510e-02 8.213057912209516427e-04
7.650899999999999368e-02 7.692062043795620287e-04
7.805499999999999938e-02 7.202606170029044082e-04
7.963199999999999446e-02 6.726189509910553707e-04
8.124099999999999377e-02 6.271787545171864054e-04
8.288199999999999734e-02 5.852613240418118356e-04
8.455600000000000616e-02 5.475377247673262997e-04
8.626399999999999346e-02 5.128459980496587059e-04
8.800700000000000189e-02 4.786128517495037227e-04
8.978500000000000369e-02 4.449647766496436893e-04
9.159799999999999887e-02 4.151902441065115487e-04
9.344900000000000428e-02 3.889381967745427003e-04
9.533700000000000507e-02 3.625100635119420946e-04
9.726300000000000223e-02 3.368452600516414126e-04
9.922699999999999576e-02 3.146014131929625031e-04
1.012300000000000005e-01 2.936969372612937244e-04
1.032799999999999968e-01 2.730418762137130397e-04
1.053599999999999953e-01 2.549637727214948413e-04
1.074900000000000022e-01 2.383604943389382614e-04
1.096599999999999936e-01 2.214622828064439412e-04
1.118799999999999933e-01 2.058631135894479916e-04
1.141400000000000053e-01 1.921802175038840100e-04
1.164400000000000018e-01 1.792945678396139881e-04
1.188000000000000028e-01 1.664274615058624132e-04
1.212000000000000022e-01 1.547804512145865602e-04
1.236499999999999960e-01 1.446348380997400102e-04
1.261400000000000021e-01 1.342440801457194855e-04
1.286899999999999988e-01 1.250383543630044665e-04
1.312899999999999900e-01 1.163700606178482235e-04
1.339400000000000035e-01 1.079527081649151219e-04
1.366499999999999937e-01 1.009129213483146031e-04
1.394100000000000061e-01 9.350968594071029432e-05
1.422299999999999953e-01 8.691262285012284769e-05
1.451000000000000068e-01 8.109606653541725563e-05
1.480299999999999949e-01 7.520477170580081765e-05
1.510199999999999876e-01 6.985455182686410981e-05
1.540700000000000125e-01 6.507741347905282266e-05
1.571799999999999864e-01 6.032052792835258261e-05
1.603600000000000025e-01 5.618168569346612137e-05
1.635999999999999954e-01 5.198703565195711028e-05
1.668999999999999928e-01 4.855889404682956883e-05
1.702799999999999869e-01 4.481195957912282798e-05
1.737100000000000033e-01 4.180774138664397919e-05
1.772199999999999886e-01 3.871507772583976636e-05
1.807999999999999885e-01 3.595218190937970093e-05
1.844600000000000128e-01 3.339225251076040384e-05
1.881799999999999862e-01 3.101383856981647358e-05
1.919800000000000118e-01 2.868606375092661221e-05
1.958600000000000063e-01 2.677679550880815183e-05
1.998199999999999976e-01 2.467788819036030433e-05
2.038600000000000134e-01 2.302899269866023980e-05
2.079699999999999882e-01 2.129353233830845861e-05
2.121800000000000075e-01 1.976736972704714397e-05
2.164600000000000135e-01 1.832795872299258506e-05
2.208299999999999985e-01 1.697856725877741529e-05
2.253000000000000003e-01 1.579847092174211976e-05
2.298499999999999988e-01 1.458267160755249860e-05
2.344900000000000040e-01 1.355583733357485552e-05
2.392299999999999982e-01 1.257078986587183065e-05
2.440599999999999992e-01 1.161442307692307659e-05
2.489899999999999891e-01 1.078089159269971145e-05
2.540200000000000236e-01 1.000914703864623804e-05
2.591499999999999915e-01 9.222063987302553490e-06
2.643900000000000139e-01 8.598185109701807652e-06
2.697300000000000253e-01 7.948965369357778766e-06
2.751799999999999802e-01 7.366459164274798028e-06
2.807399999999999896e-01 6.805234696643134487e-06
2.864099999999999979e-01 6.311663684196468487e-06
2.921900000000000053e-01 5.860552330791820726e-06
2.980999999999999761e-01 5.429177522459033444e-06
3.041200000000000014e-01 5.013999410551134648e-06
3.102599999999999802e-01 4.626596037845617358e-06
3.165299999999999780e-01 4.287196679438058896e-06
3.229199999999999848e-01 3.987552974939099960e-06
3.294500000000000206e-01 3.689911393288215410e-06
3.361000000000000099e-01 3.397881556437229636e-06
3.428899999999999726e-01 3.153011569121239282e-06
3.498200000000000198e-01 2.919990568632845082e-06
3.568899999999999850e-01 2.701552124495865022e-06
3.640900000000000247e-01 2.510621208598423701e-06
3.714500000000000024e-01 2.322574971418520625e-06
3.789500000000000091e-01 2.132864086573734697e-06
3.866100000000000092e-01 1.972298041469137390e-06
3.944199999999999928e-01 1.833670791151106170e-06
4.023900000000000254e-01 1.698056178018656489e-06
4.105199999999999960e-01 1.565819798812396642e-06
4.188100000000000156e-01 1.443119343652203266e-06
4.272699999999999831e-01 1.334095975595447617e-06
4.359000000000000097e-01 1.235596173243267929e-06
4.447099999999999942e-01 1.145649955351447880e-06
4.536899999999999822e-01 1.062389719346139656e-06
4.628599999999999937e-01 9.808273418776700941e-07
4.722100000000000186e-01 9.056221264887956767e-07
4.817400000000000015e-01 8.360804133821144782e-07
4.914799999999999724e-01 7.720822359369472119e-07
5.014100000000000223e-01 7.122119248749282708e-07
5.115300000000000402e-01 6.608595154524441217e-07
5.218699999999999450e-01 6.111706881143879287e-07
5.324100000000000499e-01 5.638550846272206208e-07
5.431700000000000417e-01 5.187256809338521166e-07
5.541399999999999659e-01 4.810463818126458819e-07
5.653299999999999992e-01 4.451636825934950879e-07
5.767499999999999849e-01 4.093981635136630204e-07
5.884000000000000341e-01 3.721753696857671097e-07
6.002899999999999903e-01 3.406587440429511129e-07
6.124199999999999644e-01 3.135702135702135272e-07
6.247899999999999565e-01 2.899269688795315525e-07
6.374100000000000321e-01 2.690076965365585310e-07
6.502900000000000347e-01 2.501830450075371792e-07
6.634200000000000097e-01 2.329484103179364182e-07
6.768300000000000427e-01 2.169212690951821084e-07
6.905000000000000027e-01 2.017925841041171961e-07
7.044500000000000206e-01 1.873749037721324318e-07
7.186799999999999855e-01 1.736813874485964636e-07
7.331999999999999629e-01 1.607456550177536730e-07
7.480099999999999527e-01 1.485982221353912315e-07
7.631200000000000205e-01 1.372094448302626649e-07
7.785400000000000098e-01 1.266057984943136288e-07
7.942599999999999660e-01 1.167602818505655857e-07
8.103099999999999747e-01 1.076446956602980233e-07
8.266799999999999704e-01 9.924024038696438574e-08
8.433800000000000185e-01 9.150855405215480880e-08
8.604100000000000081e-01 8.441284182950626906e-08
8.778000000000000247e-01 7.789554638886947009e-08
8.955300000000000482e-01 7.190823835788796467e-08
9.136199999999999877e-01 6.639876305073328826e-08
9.320800000000000196e-01 6.132773701579571245e-08
9.509100000000000330e-01 5.665688657892531333e-08
9.701100000000000279e-01 5.234786270793851938e-08
9.897099999999999786e-01 4.837536506070569521e-08
1.009700000000000042e+00 4.470658360252269326e-08
1.030100000000000016e+00 4.131808848987479634e-08
1.050899999999999945e+00 3.818576516955760928e-08
1.072100000000000053e+00 3.529009335069406029e-08
1.093800000000000106e+00 3.261231281198003853e-08
1.115899999999999892e+00 3.013456604869547959e-08
1.138400000000000079e+00 2.784283903675538823e-08
1.161399999999999988e+00 2.571940631388896040e-08
1.184900000000000064e+00 2.375451966401513275e-08
1.208800000000000097e+00 2.193502331002330816e-08
1.233300000000000063e+00 2.024970999450515785e-08
1.258199999999999985e+00 1.868890736949846241e-08
1.283600000000000074e+00 1.724359833757876039e-08
1.309500000000000108e+00 1.590636085841733731e-08
1.336000000000000076e+00 1.467037214267309587e-08
1.362999999999999989e+00 1.352970679012345710e-08
1.390500000000000069e+00 1.247684904363298123e-08
1.418600000000000083e+00 1.150693060913060104e-08
1.447200000000000042e+00 1.061369595165089349e-08
1.476499999999999924e+00 9.791744316064107712e-09
1.506299999999999972e+00 9.035267682688549545e-09
1.536699999999999955e+00 8.340503995082974494e-09
1.567800000000000082e+00 7.702223654527876894e-09
1.599399999999999933e+00 7.114453080995832032e-09
1.631799999999999917e+00 6.574314744801512386e-09
1.664700000000000069e+00 6.075836431226765510e-09
1.698399999999999910e+00 5.616494443361279271e-09
1.732699999999999907e+00 5.192527952004362668e-09
1.767700000000000049e+00 4.800743813474467445e-09
1.803399999999999892e+00 4.438325330132053177e-09
1.839800000000000102e+00 4.103361410690387747e-09
1.877000000000000002e+00 3.793408227325293507e-09
1.914900000000000047e+00 3.506197451677212673e-09
1.953600000000000003e+00 3.240221939239585439e-09
1.993000000000000105e+00 2.993986254295532751e-09
2.033300000000000107e+00 2.766100268504788692e-09
2.074399999999999800e+00 2.555129081444870789e-09
2.116299999999999848e+00 2.359817210472868555e-09
2.158999999999999808e+00 2.179157397107897972e-09
2.202599999999999891e+00 2.011920690913514062e-09
2.247100000000000097e+00 1.857201236176027470e-09
2.292499999999999982e+00 1.714063526540900852e-09
2.338799999999999990e+00 1.581681495663926181e-09
2.386099999999999888e+00 1.459266486318683706e-09
2.434299999999999908e+00 1.346124590571104805e-09
2.483499999999999819e+00 1.241547390042711341e-09
2.533599999999999852e+00 1.144945897822216044e-09
2.584799999999999986e+00 1.055689419549737471e-09
2.637000000000000011e+00 9.732746571978997916e-10
2.690300000000000136e+00 8.971927388155936699e-10
2.744699999999999918e+00 8.269423141047014920e-10
2.800100000000000033e+00 7.620903299253453197e-10
2.856700000000000017e+00 7.022862137172822918e-10
2.914400000000000102e+00 6.471654342467739687e-10
2.973300000000000054e+00 5.963794241608694038e-10
3.033300000000000107e+00 5.496478497492263384e-10
3.094599999999999795e+00 5.066580695803313337e-10
3.157099999999999795e+00 4.671674768007070244e-10
3.220899999999999874e+00 4.308535339463174274e-10
3.286000000000000032e+00 3.975401835101190399e-10
3.352300000000000058e+00 3.669721633267218293e-10
3.420100000000000140e+00 3.389188412048019589e-10
3.489199999999999857e+00 3.131970681577753982e-10
3.559600000000000097e+00 2.895432883240667723e-10
3.631600000000000161e+00 2.677702166743205484e-10
3.704899999999999860e+00 2.476913623595505945e-10
3.779799999999999827e+00 2.291297526762642760e-10
3.856100000000000083e+00 2.119536215009945189e-10
3.934000000000000163e+00 1.960316245855649307e-10
4.013499999999999623e+00 1.812603915258782414e-10
4.094599999999999795e+00 1.675370819468727285e-10
4.177299999999999791e+00 1.547713658739101960e-10
4.261700000000000266e+00 1.428838717724834695e-10
4.347800000000000331e+00 1.318509773055227563e-10
4.435599999999999987e+00 1.216266556291390585e-10
4.525199999999999889e+00 1.121753011173994977e-10
4.616600000000000037e+00 1.034419598565214135e-10
4.709900000000000198e+00 9.538412137753873006e-11
4.804999999999999716e+00 8.796757578316305919e-11
4.902099999999999902e+00 8.115917569728192960e-11
5.001100000000000101e+00 7.490982151200822623e-11
5.102100000000000080e+00 6.917223751474636313e-11
5.205199999999999605e+00 6.391741914129974219e-11
5.310399999999999565e+00 5.908912830558276201e-11
5.417600000000000193e+00 5.464142992912186897e-11
5.527099999999999902e+00 5.053615749777102854e-11
5.638700000000000045e+00 4.673664993153810901e-11
5.752600000000000158e+00 4.321583904794940716e-11
5.868900000000000006e+00 3.994383994383994876e-11
5.987400000000000055e+00 3.690066342587804007e-11
6.108399999999999608e+00 3.406316575178440641e-11
6.231799999999999784e+00 3.141734860883797330e-11
6.357700000000000351e+00 2.894868305455547906e-11
6.486100000000000421e+00 2.665361183637945887e-11
6.617099999999999760e+00 2.452858996869990102e-11
6.750799999999999912e+00 2.256755399296835348e-11
6.887199999999999989e+00 2.076156839522883378e-11
7.026299999999999990e+00 1.910566390595778798e-11
7.168199999999999683e+00 1.759094318394899884e-11
7.312999999999999723e+00 1.620866646925278932e-11
7.460799999999999876e+00 1.494985710574175368e-11
7.611500000000000377e+00 1.380611100473233684e-11
7.765299999999999869e+00 1.276822489126991107e-11
7.922100000000000364e+00 1.182118703181391033e-11
8.082200000000000273e+00 1.095359754734455383e-11
8.245400000000000063e+00 1.015435835351089603e-11
8.412000000000000810e+00 9.414618599050925080e-12
8.581899999999999196e+00 8.727855890799239337e-12
8.755300000000000082e+00 8.086410054988215851e-12
8.932199999999999918e+00 7.485728468602630561e-12
9.112600000000000477e+00 6.921535311288284739e-12
9.296699999999999520e+00 6.390418502202643121e-12
9.484500000000000597e+00 5.890086519406447997e-12
9.676099999999999923e+00 5.420018328072497766e-12
9.871600000000000819e+00 4.981927387783557417e-12
1.007099999999999973e+01 4.574680827025195142e-12
1.027399999999999913e+01 4.197988574149012452e-12
1.048199999999999932e+01 3.850793053727038891e-12
1.069400000000000084e+01 3.531867115778350547e-12
1.091000000000000014e+01 3.240066801196855339e-12
1.113000000000000078e+01 2.973607038123167293e-12
1.135500000000000043e+01 2.730959369689479415e-12
1.158399999999999963e+01 2.510376821030357653e-12
1.181799999999999962e+01 2.309750450218677580e-12
1.205700000000000038e+01 2.126773289961145973e-12
1.230100000000000016e+01 1.959817177680442029e-12
1.254899999999999949e+01 1.807053629659358880e-12
1.280300000000000082e+01 1.667124851970901841e-12
1.306099999999999994e+01 1.538821536815831544e-12
1.332499999999999929e+01 1.420904916800732676e-12
1.359399999999999942e+01 1.312483756389153574e-12
1.386899999999999977e+01 1.212636631622883614e-12
1.414899999999999913e+01 1.120578490809859614e-12
1.443500000000000050e+01 1.035804329556322013e-12
1.472700000000000031e+01 9.577714311895779353e-13
1.502399999999999913e+01 8.860233748671881601e-13
1.532799999999999940e+01 8.200946870068384651e-13
1.563700000000000045e+01 7.595563903049816563e-13
1.595299999999999940e+01 7.040144815492241129e-13
1.627499999999999858e+01 6.530571678460682221e-13
1.660399999999999920e+01 6.063368328408877427e-13
1.694000000000000128e+01 5.635576370786019884e-13
1.728200000000000003e+01 5.243041807383253671e-13
1.763100000000000023e+01 4.881151163932816086e-13
1.798699999999999832e+01 4.545642831253559567e-13
1.835099999999999909e+01 4.232952994485995929e-13
1.872100000000000009e+01 3.939847460066196610e-13
1.909900000000000020e+01 3.664117504248604414e-13
1.948499999999999943e+01 3.403519999999999517e-13
1.987900000000000134e+01 3.156397624510730243e-13
2.028000000000000114e+01 2.921470253344719462e-13
2.069000000000000128e+01 2.697609845784398477e-13
2.110800000000000054e+01 2.484607470718581922e-13
2.153500000000000014e+01 2.283466866967117377e-13
2.196999999999999886e+01 2.095057870879725467e-13
2.241300000000000026e+01 1.919845911073981424e-13
2.286599999999999966e+01 1.758088991140046005e-13
2.332799999999999940e+01 1.609550851832731111e-13
2.379899999999999949e+01 1.473945004083855042e-13
2.428000000000000114e+01 1.350735125201010918e-13
2.477100000000000080e+01 1.239474162476525214e-13
2.527100000000000080e+01 1.139169329073482224e-13
2.578200000000000003e+01 1.049204637368562989e-13
2.630199999999999960e+01 9.680056878777106572e-14
2.683399999999999963e+01 8.943973599339983950e-14
2.737600000000000122e+01 8.272015191075242755e-14
2.792899999999999849e+01 7.655371004089809651e-14
2.849299999999999855e+01 7.087082856388130390e-14
2.906899999999999906e+01 6.560798885276358010e-14
2.965599999999999881e+01 6.070854566836534685e-14
3.025499999999999901e+01 5.613561635337180283e-14
3.086599999999999966e+01 5.184583160604805211e-14
3.148999999999999844e+01 4.781652854511970279e-14
3.212599999999999767e+01 4.404070826552671179e-14
3.277499999999999858e+01 4.051127626858021577e-14
3.343699999999999761e+01 3.722147106544078150e-14
3.411200000000000188e+01 3.416081721166467253e-14
3.480100000000000193e+01 3.132301577742984294e-14
3.550399999999999778e+01 2.869398065038842562e-14
3.622200000000000131e+01 2.626443814856415088e-14
3.695300000000000296e+01 2.402611187771998914e-14
3.770000000000000284e+01 2.196292216642085084e-14
3.846200000000000330e+01 2.006935413957520733e-14
3.923899999999999721e+01 1.833236297097230402e-14
4.003099999999999881e+01 1.674420646067415720e-14
4.084000000000000341e+01 1.529483972577357821e-14
4.166499999999999915e+01 1.397501711156741945e-14
4.250699999999999790e+01 1.277509739673366397e-14
4.336500000000000199e+01 1.168622858854606391e-14
4.424099999999999966e+01 1.069905145156654199e-14
4.513499999999999801e+01 9.805825242718446529e-15
4.604699999999999704e+01 8.998558847077661857e-15
4.697699999999999676e+01 8.269497312464080858e-15
4.792600000000000193e+01 7.611961602968990477e-15
4.889399999999999835e+01 7.019513297671966298e-15
4.988199999999999790e+01 6.486518730613219220e-15
5.089000000000000057e+01 6.006717044500420356e-15
5.191799999999999926e+01 5.575942915392456632e-15
5.296600000000000108e+01 5.189500280741156480e-15
5.403600000000000136e+01 4.843311598498320352e-15
5.512800000000000011e+01 4.533743611140085769e-15
5.624199999999999733e+01 4.257199493419965965e-15
5.737800000000000011e+01 4.010348837209301589e-15
5.853699999999999903e+01 3.786569271376834091e-15
5.971999999999999886e+01 3.581410422608244608e-15
6.092600000000000193e+01 3.389611278401313853e-15
6.215699999999999648e+01 3.208050296285590525e-15
6.341199999999999903e+01 3.033346051125524846e-15
6.469299999999999784e+01 2.863416599516519097e-15
6.600000000000000000e+01 2.695881552076242513e-15
6.733400000000000318e+01 2.529744787922357991e-15
6.869400000000000261e+01 2.363636363636363748e-15
7.008199999999999363e+01 2.198236119462818371e-15
7.149699999999999989e+01 2.036113845404798811e-15
7.294199999999999307e+01 1.879876590131682098e-15
7.441500000000000625e+01 1.731502579662577727e-15
7.591800000000000637e+01 1.592493297587131231e-15
7.745199999999999818e+01 1.463642709444598102e-15
7.901699999999999591e+01 1.345538012102663908e-15
8.061299999999999955e+01 1.238248475497759234e-15
8.224099999999999966e+01 1.141662010306078160e-15
8.390300000000000580e+01 1.055514567245421603e-15
8.559799999999999898e+01 9.788704341952579336e-16
8.732699999999999818e+01 9.094368619415273178e-16
8.909099999999999397e+01 8.451458280987262961e-16
9.089100000000000534e+01 7.843389484430833435e-16
9.272700000000000387e+01 7.258078433064411127e-16
9.459999999999999432e+01 6.686569885366576490e-16
9.651099999999999568e+01 6.123136933856638116e-16
9.846099999999999852e+01 5.564516129032257638e-16
1.004500000000000028e+02 5.010752110101606701e-16
1.024800000000000040e+02 5.269391348802862134e-16
1.045499999999999972e+02 5.565559256925062388e-16
1.066599999999999966e+02 5.878416946787593654e-16
1.088199999999999932e+02 6.209242317616702380e-16
1.110100000000000051e+02 6.559014129395517291e-16
1.132600000000000051e+02 6.928632910444967847e-16
1.155400000000000063e+02 7.318963812537077267e-16
1.178799999999999955e+02 7.731984617956863491e-16
1.202600000000000051e+02 8.168846085880897818e-16
1.226899999999999977e+02 8.630060232525563644e-16
1.251700000000000017e+02 9.117603513793613403e-16
1.277000000000000028e+02 9.633281168492435537e-16
1.302800000000000011e+02 1.017866004962779216e-15
1.329099999999999966e+02 1.075542084401958571e-15
1.355900000000000034e+02 1.136484071723457884e-15
1.383300000000000125e+02 1.200964106572861781e-15
1.411299999999999955e+02 1.269214876033057807e-15
1.439799999999999898e+02 1.341269841269841064e-15
1.468899999999999864e+02 1.417474980754426562e-15
1.498499999999999943e+02 1.498168498168498402e-15
1.528799999999999955e+02 1.583440915741457841e-15
1.559699999999999989e+02 1.673643975245722668e-15
1.591200000000000045e+02 1.769030892118179401e-15
1.623300000000000125e+02 1.869974963870626285e-15
1.656100000000000136e+02 1.976880603601373457e-15
1.689600000000000080e+02 2.089859757763409774e-15
1.723700000000000045e+02 2.209446524675824981e-15
1.758499999999999943e+02 2.336160566465449133e-15
1.794099999999999966e+02 2.470127035874499949e-15
1.830300000000000011e+02 2.611979649132807927e-15
1.867299999999999898e+02 2.762197696158253128e-15
1.905000000000000000e+02 2.921385955396739710e-15
1.943499999999999943e+02 3.089816518407237787e-15
1.982800000000000011e+02 3.268080090020898138e-15
2.022800000000000011e+02 3.457074811930594191e-15
2.063700000000000045e+02 3.656911967675473960e-15
2.105399999999999920e+02 3.868495702612303849e-15
2.147899999999999920e+02 4.092619975803199077e-15
2.191299999999999955e+02 4.329650004742483119e-15
2.235600000000000023e+02 4.580384480248958657e-15
