1.000000000000000048e-04 1.018906597872565989e+00
1.020200000000000024e-04 1.018921541447186163e+00
1.040800000000000064e-04 1.018894212797770704e+00
1.061800000000000032e-04 1.018861008364157383e+00
1.083300000000000013e-04 1.018854976798901912e+00
1.105200000000000057e-04 1.018841926490851479e+00
1.127500000000000030e-04 1.018822272498743020e+00
1.150300000000000015e-04 1.018796413274581703e+00
1.173500000000000064e-04 1.018794947724663169e+00
1.197199999999999989e-04 1.018756111292186350e+00
1.221399999999999927e-04 1.018741283124128261e+00
1.246099999999999877e-04 1.018720082060633692e+00
1.271199999999999891e-04 1.018692372170997507e+00
1.296899999999999865e-04 1.018686467380880645e+00
1.323100000000000122e-04 1.018646390284532188e+00
1.349900000000000069e-04 1.018600974838624662e+00
1.377100000000000080e-04 1.018602247771605684e+00
1.404900000000000051e-04 1.018571066632885769e+00
1.433299999999999982e-04 1.018534161490683099e+00
1.462299999999999874e-04 1.018491448618622952e+00
1.491800000000000049e-04 1.018467639821296400e+00
1.522000000000000132e-04 1.018437390183905222e+00
1.552699999999999957e-04 1.018401948171292037e+00
1.584099999999999961e-04 1.018360404604744307e+00
1.616099999999999926e-04 1.018336057968453057e+00
1.648700000000000122e-04 1.018283832672602474e+00
1.681999999999999956e-04 1.018248252713870095e+00
1.715999999999999969e-04 1.018228027414953107e+00
1.750699999999999891e-04 1.018181075339107622e+00
1.786000000000000044e-04 1.018108974358974406e+00
1.822100000000000054e-04 1.018092169881742892e+00
1.858899999999999973e-04 1.018030513176144014e+00
1.896500000000000020e-04 1.017983301220295678e+00
1.934799999999999975e-04 1.017931238885595668e+00
1.973900000000000058e-04 1.017874334707816297e+00
2.013799999999999998e-04 1.017812928623595070e+00
2.054400000000000117e-04 1.017764812744549996e+00
2.095900000000000042e-04 1.017694415895854743e+00
2.138300000000000042e-04 1.017637276804461255e+00
2.181499999999999900e-04 1.017558886509635885e+00
2.225499999999999885e-04 1.017493417758322805e+00
2.270499999999999895e-04 1.017423810428942588e+00
2.316399999999999980e-04 1.017334575955265441e+00
2.363199999999999871e-04 1.017257661609699770e+00
2.410900000000000109e-04 1.017177254327921165e+00
2.459599999999999829e-04 1.017093641516895852e+00
2.509300000000000115e-04 1.017006607296753851e+00
2.559999999999999884e-04 1.016916684273540428e+00
2.611700000000000219e-04 1.016809856625873643e+00
2.664499999999999985e-04 1.016714525654223156e+00
2.718299999999999775e-04 1.016616635230985777e+00
2.773200000000000079e-04 1.016503197738788389e+00
2.829199999999999814e-04 1.016387998313939445e+00
2.886400000000000012e-04 1.016271059059309811e+00
2.944700000000000182e-04 1.016152409964133030e+00
3.004199999999999731e-04 1.016020236087689765e+00
3.064899999999999743e-04 1.015887265382298565e+00
3.126800000000000217e-04 1.015741738193696397e+00
3.189900000000000070e-04 1.015607428863520179e+00
3.254399999999999741e-04 1.015461218851993364e+00
3.320099999999999874e-04 1.015303948877601226e+00
3.387199999999999825e-04 1.015146970605878662e+00
3.455600000000000186e-04 1.014979778349703210e+00
3.525399999999999823e-04 1.014803139872674453e+00
3.596599999999999819e-04 1.014647944236791499e+00
3.669300000000000122e-04 1.014464038042401262e+00
3.743400000000000243e-04 1.014183019234505378e+00
3.819000000000000129e-04 1.014004001143183675e+00
3.896200000000000271e-04 1.013826606875934067e+00
3.974900000000000178e-04 1.013559322033898535e+00
4.055199999999999799e-04 1.013387241689128304e+00
4.137100000000000217e-04 1.013127753303964651e+00
4.220699999999999756e-04 1.012787281838603670e+00
4.306000000000000040e-04 1.012624978817149746e+00
4.392900000000000038e-04 1.012297465724968815e+00
4.481700000000000137e-04 1.012059973924380740e+00
4.572199999999999897e-04 1.011746843535240581e+00
4.664599999999999758e-04 1.011442006269592353e+00
4.758799999999999771e-04 1.011143559790962376e+00
4.854999999999999832e-04 1.010853180584865729e+00
4.952999999999999504e-04 1.010421286031042198e+00
5.053100000000000256e-04 1.010147868947520955e+00
5.155199999999999973e-04 1.009738413420528946e+00
5.259299999999999739e-04 1.009341233879400335e+00
5.365600000000000534e-04 1.008956040199630921e+00
5.473900000000000293e-04 1.008581964465303349e+00
5.584500000000000488e-04 1.008087316720363003e+00
5.697299999999999543e-04 1.007673458859943194e+00
5.812400000000000119e-04 1.007145567218920013e+00
5.929900000000000535e-04 1.006635658914728726e+00
6.049599999999999813e-04 1.006142805011555730e+00
6.171899999999999912e-04 1.005666567253205912e+00
6.296500000000000447e-04 1.005089207370576165e+00
6.423699999999999636e-04 1.004474786300269429e+00
6.553499999999999647e-04 1.003938558487593502e+00
6.685900000000000480e-04 1.003310892837435242e+00
6.821000000000000457e-04 1.002651802143089022e+00
6.958799999999999578e-04 1.001963802345947618e+00
7.099300000000000012e-04 1.001301337775232891e+00
7.242699999999999486e-04 1.000561568307126725e+00
7.389099999999999575e-04 9.997997196074502879e-01
7.538300000000000382e-04 9.990178746808093813e-01
7.690600000000000127e-04 9.982179839136927635e-01
7.845999999999999893e-04 9.973547472838923955e-01
8.004499999999999680e-04 9.964790363678480700e-01
8.166199999999999978e-04 9.955470737913484358e-01
8.331099999999999704e-04 9.945630375685190483e-01
8.499399999999999837e-04 9.935746131654865643e-01
8.671100000000000379e-04 9.925830653804930126e-01
8.846299999999999650e-04 9.915058239771246118e-01
9.024999999999999819e-04 9.903901674503011732e-01
9.207300000000000293e-04 9.892394822006471689e-01
9.393300000000000477e-04 9.880565034521069379e-01
9.583099999999999778e-04 9.868062582704133501e-01
9.776699999999999280e-04 9.854934147738119155e-01
9.974199999999999473e-04 9.841234179585113262e-01
1.017600000000000015e-03 9.827370895467568701e-01
1.038099999999999917e-03 9.813013402507566596e-01
1.059100000000000102e-03 9.797851286400904858e-01
1.080500000000000080e-03 9.782292172224918980e-01
1.102300000000000068e-03 9.765702043731083748e-01
1.124599999999999905e-03 9.748815798252051801e-01
1.147299999999999969e-03 9.731348167539266569e-01
1.170500000000000099e-03 9.713341037493579133e-01
1.194100000000000023e-03 9.694231011462399739e-01
1.218200000000000012e-03 9.674698795180722843e-01
1.242899999999999908e-03 9.654210988877776067e-01
1.268000000000000030e-03 9.633109353630255889e-01
1.293600000000000002e-03 9.610897211527242856e-01
1.319700000000000040e-03 9.588210044355416350e-01
1.346399999999999984e-03 9.564826772979954095e-01
1.373599999999999995e-03 9.540271044513001231e-01
1.401300000000000072e-03 9.514891086968272349e-01
1.429600000000000055e-03 9.488505289953065303e-01
1.458499999999999944e-03 9.461182224997397583e-01
1.487999999999999956e-03 9.432772572945651302e-01
1.518000000000000035e-03 9.403351451544222916e-01
1.548700000000000077e-03 9.372757213783611263e-01
1.580000000000000024e-03 9.341565771067483759e-01
1.611900000000000095e-03 9.308908454037677638e-01
1.644499999999999912e-03 9.274914648024711328e-01
1.677700000000000068e-03 9.239886039886040514e-01
1.711599999999999970e-03 9.203704117923368067e-01
1.746200000000000052e-03 9.166044694209072308e-01
1.781400000000000041e-03 9.127240606687349045e-01
1.817400000000000048e-03 9.086949166878118822e-01
1.854100000000000019e-03 9.045306435879875151e-01
1.891600000000000009e-03 9.002424168347287203e-01
1.929799999999999962e-03 8.957829277558936321e-01
1.968800000000000151e-03 8.911831671508203545e-01
2.008600000000000142e-03 8.864354527938342887e-01
2.049099999999999880e-03 8.815351441325565141e-01
2.090499999999999910e-03 8.764762682908712188e-01
2.132799999999999800e-03 8.712353241449719565e-01
2.175799999999999870e-03 8.658420892476774711e-01
2.219800000000000072e-03 8.602787395209054999e-01
2.264599999999999860e-03 8.545247463242907626e-01
2.310400000000000214e-03 8.486070629702432422e-01
2.357099999999999994e-03 8.424967550837021424e-01
2.404700000000000067e-03 8.362177444395417769e-01
2.453299999999999838e-03 8.297435238981800687e-01
2.502799999999999903e-03 8.230843198764128399e-01
2.553399999999999941e-03 8.162266780212124040e-01
2.605000000000000111e-03 8.091834096336064652e-01
2.657599999999999980e-03 8.019452869372936110e-01
2.711299999999999821e-03 7.945074784599802653e-01
2.765999999999999796e-03 7.868597138901707311e-01
2.821900000000000016e-03 7.790073253326155189e-01
2.878900000000000209e-03 7.709742990003620733e-01
2.937100000000000214e-03 7.627341259525797224e-01
2.996400000000000192e-03 7.542824105198052687e-01
3.056899999999999982e-03 7.456424352146736600e-01
3.118699999999999858e-03 7.367935679122992187e-01
3.181699999999999980e-03 7.277486242514779047e-01
3.246000000000000187e-03 7.185138697125643681e-01
3.311500000000000207e-03 7.090763250447337240e-01
3.378400000000000153e-03 6.994515628033390886e-01
3.446700000000000024e-03 6.896424182406071246e-01
3.516299999999999981e-03 6.796400159575716193e-01
3.587400000000000137e-03 6.694593502971554200e-01
3.659799999999999946e-03 6.591296056664169845e-01
3.733799999999999793e-03 6.486148486438804150e-01
3.809199999999999999e-03 6.379365271171359986e-01
3.886099999999999971e-03 6.271252391400685688e-01
3.964600000000000415e-03 6.161602195254251013e-01
4.044700000000000031e-03 6.050744737640915138e-01
4.126399999999999686e-03 5.938639688459399490e-01
4.209799999999999653e-03 5.825330345100345752e-01
4.294799999999999660e-03 5.711361821086262669e-01
4.381600000000000251e-03 5.596087683082670017e-01
4.470100000000000288e-03 5.480205207627528718e-01
4.560400000000000044e-03 5.363775023832221267e-01
4.652500000000000385e-03 5.246948356807511482e-01
4.746499999999999851e-03 5.129393266740658319e-01
4.842400000000000176e-03 5.012119555312557484e-01
4.940199999999999626e-03 4.894585615515847921e-01
5.040000000000000209e-03 4.777453322714804163e-01
5.141899999999999596e-03 4.661259375545089845e-01
5.245699999999999842e-03 4.543805347777491455e-01
5.351700000000000033e-03 4.426464355344578716e-01
5.459799999999999896e-03 4.320879304580407809e-01
5.570099999999999704e-03 4.221727662380481694e-01
5.682600000000000325e-03 4.112926829268293005e-01
5.797400000000000296e-03 4.000240615976900505e-01
5.914499999999999619e-03 3.891192529872596340e-01
6.034000000000000301e-03 3.784241761674215221e-01
6.155899999999999740e-03 3.678612716763005608e-01
6.280299999999999945e-03 3.574863055386488520e-01
6.407200000000000048e-03 3.473371892135506678e-01
6.536600000000000049e-03 3.373905948672303867e-01
6.668600000000000222e-03 3.276630036630036602e-01
6.803299999999999972e-03 3.181633982198422417e-01
6.940799999999999574e-03 3.090083649102738361e-01
7.080999999999999621e-03 2.998375017662851527e-01
7.224000000000000386e-03 2.905663012359472330e-01
7.369999999999999815e-03 2.817905708566300627e-01
7.518900000000000236e-03 2.735344298095953031e-01
7.670800000000000188e-03 2.655058378889114112e-01
7.825699999999999670e-03 2.576835781041388329e-01
7.983799999999999231e-03 2.501089612362147330e-01
8.145100000000000603e-03 2.428085996209893294e-01
8.309600000000000319e-03 2.357133617901953360e-01
8.477500000000000660e-03 2.288156209987196044e-01
8.648799999999999891e-03 2.222299695740365122e-01
8.823499999999999746e-03 2.159698681732580006e-01
9.001699999999999632e-03 2.098376966606554372e-01
9.183600000000000096e-03 2.037890456533793249e-01
9.369099999999999998e-03 1.979423617047258444e-01
9.558300000000000476e-03 1.922653271197724556e-01
9.751400000000000345e-03 1.867438790206432664e-01
9.948399999999999604e-03 1.813723739808367486e-01
1.014900000000000004e-02 1.761201959974024456e-01
1.035400000000000036e-02 1.709390193896080934e-01
1.056400000000000047e-02 1.658779069767442049e-01
1.077700000000000012e-02 1.609639249639249758e-01
1.099499999999999957e-02 1.561414569840087196e-01
1.121699999999999954e-02 1.514119790480528416e-01
1.144300000000000005e-02 1.467613282796854657e-01
1.167499999999999961e-02 1.422073540987293383e-01
1.191000000000000045e-02 1.377606350271116387e-01
1.215100000000000034e-02 1.333722481654436298e-01
1.239700000000000003e-02 1.290565202964273905e-01
1.264700000000000026e-02 1.248252710362665885e-01
1.290200000000000027e-02 1.206803988166977037e-01
1.316299999999999935e-02 1.166212088151865611e-01
1.342899999999999996e-02 1.126501113948812915e-01
1.370000000000000037e-02 1.087719298245613947e-01
1.397699999999999984e-02 1.049873158093593134e-01
1.425900000000000084e-02 1.012917115177610350e-01
1.454699999999999917e-02 9.770201342281879808e-02
1.484100000000000003e-02 9.420810115730818279e-02
1.514099999999999994e-02 9.081037710617811953e-02
1.544700000000000066e-02 8.751001656071370760e-02
1.575899999999999870e-02 8.430294619982919846e-02
1.607700000000000101e-02 8.118864703371746205e-02
1.640199999999999991e-02 7.816484395838890764e-02
1.673399999999999888e-02 7.523616374019320707e-02
1.707200000000000037e-02 7.239463703861973021e-02
1.741600000000000092e-02 6.963149168315772852e-02
1.776799999999999907e-02 6.696313759108443731e-02
1.812700000000000075e-02 6.437546987434218659e-02
1.849299999999999902e-02 6.186527381401108611e-02
1.886699999999999836e-02 5.943171996542783581e-02
1.924800000000000122e-02 5.707314428238355331e-02
1.963700000000000168e-02 5.478601764129369806e-02
2.003399999999999972e-02 5.256742710213906794e-02
2.043800000000000130e-02 5.040917340372876032e-02
2.085100000000000148e-02 4.830899435778294310e-02
2.127199999999999924e-02 4.626252505010020749e-02
2.170199999999999907e-02 4.426825850568914117e-02
2.214100000000000096e-02 4.232424191089276255e-02
2.258800000000000044e-02 4.043317395264116321e-02
2.304399999999999851e-02 3.859636029622825343e-02
2.350999999999999965e-02 3.682231620415966911e-02
2.398499999999999938e-02 3.511817011817011669e-02
2.446900000000000117e-02 3.348758865248226135e-02
2.496400000000000008e-02 3.193989723981360135e-02
2.546800000000000105e-02 3.047981629199903938e-02
2.598200000000000162e-02 2.910286203522504875e-02
2.650699999999999931e-02 2.780667533593411331e-02
2.704300000000000107e-02 2.658196875588179908e-02
2.758899999999999894e-02 2.541210887814805350e-02
2.814600000000000088e-02 2.428304199187254070e-02
2.871500000000000094e-02 2.317777195968058479e-02
2.929500000000000159e-02 2.208665603402445304e-02
2.988700000000000037e-02 2.100303746203172409e-02
3.048999999999999974e-02 1.993140818986213064e-02
3.110600000000000170e-02 1.888284518828452219e-02
3.173499999999999932e-02 1.787163120567375821e-02
3.237600000000000200e-02 1.691441766488670576e-02
3.302999999999999686e-02 1.602261878534185294e-02
3.369699999999999779e-02 1.520149532710280381e-02
3.437799999999999884e-02 1.444537495241720627e-02
3.507199999999999901e-02 1.374379652605458961e-02
3.578100000000000031e-02 1.307923216683782100e-02
3.650400000000000172e-02 1.243521648157089841e-02
3.724100000000000327e-02 1.180223023942276322e-02
3.799299999999999899e-02 1.117784646228385352e-02
3.876099999999999685e-02 1.056851063829787260e-02
3.954400000000000276e-02 9.980927611616818504e-03
4.034299999999999692e-02 9.425216316440049660e-03
4.115800000000000014e-02 8.904432257484492380e-03
4.198899999999999855e-02 8.417864006589182921e-03
4.283800000000000108e-02 7.961255471733258773e-03
4.370299999999999879e-02 7.527617243012789915e-03
4.458600000000000063e-02 7.113091224352182003e-03
4.548599999999999866e-02 6.717250832191110424e-03
4.640500000000000180e-02 6.340362044957230207e-03
4.734300000000000314e-02 5.983154577955522926e-03
4.829900000000000165e-02 5.646287090657509979e-03
4.927499999999999936e-02 5.329597205182058130e-03
5.027000000000000218e-02 5.031838404284479441e-03
5.128599999999999826e-02 4.751137990725108617e-03
5.232200000000000045e-02 4.481470655104095521e-03
5.337900000000000283e-02 4.219587888890106823e-03
5.445699999999999846e-02 3.964439212376308537e-03
5.555700000000000222e-02 3.716711650922177850e-03
5.668000000000000121e-02 3.481613083239377786e-03
5.782500000000000140e-02 3.265047177428657358e-03
5.899299999999999683e-02 3.067933480582921233e-03
6.018400000000000138e-02 2.885369407360901996e-03
6.140000000000000319e-02 2.709742530006127754e-03
6.264100000000000223e-02 2.538110685626478874e-03
6.390600000000000447e-02 2.374975218080888507e-03
6.519700000000000495e-02 2.226871691454499619e-03
6.651400000000000368e-02 2.094892103878098506e-03
6.785800000000000165e-02 1.973315526226202595e-03
6.922899999999999887e-02 1.855755597763569494e-03
7.062699999999999534e-02 1.741147807996058046e-03
7.205400000000000693e-02 1.632993798580127491e-03
7.351000000000000589e-02 1.532398668607080645e-03
7.499400000000000510e-02 1.436629949742783798e-03
7.650899999999999368e-02 1.343560438217183397e-03
7.805499999999999938e-02 1.254606259464916907e-03
7.963199999999999446e-02 1.172245057741240970e-03
8.124099999999999377e-02 1.097311355806255672e-03
8.288199999999999734e-02 1.028795994818471407e-03
8.455600000000000616e-02 9.643907753767933444e-04
8.626399999999999346e-02 9.014471998191000588e-04
8.800700000000000189e-02 8.406499931559083781e-04
8.978500000000000369e-02 7.857534024298724494e-04
9.159799999999999887e-02 7.371308460325800508e-04
9.344900000000000428e-02 6.900219703726261913e-04
9.533700000000000507e-02 6.430850824756169934e-04
9.726300000000000223e-02 6.003058174825659944e-04
9.922699999999999576e-02 5.620606667143231497e-04
1.012300000000000005e-01 5.247280283583915031e-04
1.032799999999999968e-01 4.889784071859283598e-04
1.053599999999999953e-01 4.570005109862033781e-04
1.074900000000000022e-01 4.268565774398500393e-04
1.096599999999999936e-01 3.976363347289204567e-04
1.118799999999999933e-01 3.708743095783375611e-04
1.141400000000000053e-01 3.466553443269599234e-04
1.164400000000000018e-01 3.238580943622328188e-04
1.188000000000000028e-01 3.012947924356863165e-04
1.212000000000000022e-01 2.804755001449695754e-04
1.236499999999999960e-01 2.623960807600950358e-04
1.261400000000000021e-01 2.442932544162064999e-04
1.286899999999999988e-01 2.272489852427551004e-04
1.312899999999999900e-01 2.122064045346450881e-04
1.339400000000000035e-01 1.973123011305937381e-04
1.366499999999999937e-01 1.840119971771347939e-04
1.394100000000000061e-01 1.715260111344615412e-04
1.422299999999999953e-01 1.592801203657266424e-04
1.451000000000000068e-01 1.484757944038438040e-04
1.480299999999999949e-01 1.384761502743773402e-04
1.510199999999999876e-01 1.284783374427615440e-04
1.540700000000000125e-01 1.197070938215102914e-04
1.571799999999999864e-01 1.114790600720106197e-04
1.603600000000000025e-01 1.035203359210976043e-04
1.635999999999999954e-01 9.643179312418562958e-05
1.668999999999999928e-01 8.947908121410992881e-05
1.702799999999999869e-01 8.346159886916914553e-05
1.737100000000000033e-01 7.732471141513466782e-05
1.772199999999999886e-01 7.199125921879266676e-05
1.807999999999999885e-01 6.695793424074385105e-05
1.844600000000000128e-01 6.208109822922074138e-05
1.881799999999999862e-01 5.782964245209813096e-05
1.919800000000000118e-01 5.363359821206853764e-05
1.958600000000000063e-01 4.983593800661435726e-05
1.998199999999999976e-01 4.632676630434782707e-05
2.038600000000000134e-01 4.299707914796608958e-05
2.079699999999999882e-01 3.991940298507462646e-05
2.121800000000000075e-01 3.711402073104200927e-05
2.164600000000000135e-01 3.439231891103549055e-05
2.208299999999999985e-01 3.194467728415758146e-05
2.253000000000000003e-01 2.970816784665861052e-05
2.298499999999999988e-01 2.745211067754522728e-05
2.344900000000000040e-01 2.556809905316824520e-05
2.392299999999999982e-01 2.364666229753768130e-05
2.440599999999999992e-01 2.198105914186316155e-05
2.489899999999999891e-01 2.037228230907250248e-05
2.540200000000000236e-01 1.889977644527087762e-05
2.591499999999999915e-01 1.751376627917140231e-05
2.643900000000000139e-01 1.629477056871495616e-05
2.697300000000000253e-01 1.506171952635800868e-05
2.751799999999999802e-01 1.396298516409410954e-05
2.807399999999999896e-01 1.296519697500356740e-05
2.864099999999999979e-01 1.200263080185766946e-05
2.921900000000000053e-01 1.109560565956680353e-05
2.980999999999999761e-01 1.032497173847717009e-05
3.041200000000000014e-01 9.563517336374542928e-06
3.102599999999999802e-01 8.843052777350360983e-06
3.165299999999999780e-01 8.191605429515770806e-06
3.229199999999999848e-01 7.581037345094158907e-06
3.294500000000000206e-01 7.041406633475913787e-06
3.361000000000000099e-01 6.519846350832267072e-06
3.428899999999999726e-01 6.046967476735113689e-06
3.498200000000000198e-01 5.596018642862784314e-06
3.568899999999999850e-01 5.163991483089017809e-06
3.640900000000000247e-01 4.784151264074782104e-06
3.714500000000000024e-01 4.432094400494984353e-06
3.789500000000000091e-01 4.106274627278382823e-06
3.866100000000000092e-01 3.795841755703147561e-06
3.944199999999999928e-01 3.508780745169962355e-06
4.023900000000000254e-01 3.259480410643201000e-06
4.105199999999999960e-01 3.016214743153018018e-06
4.188100000000000156e-01 2.784754888070274771e-06
4.272699999999999831e-01 2.574145047169811138e-06
4.359000000000000097e-01 2.386888670434996471e-06
4.447099999999999942e-01 2.211558803731127802e-06
4.536899999999999822e-01 2.044269700518655053e-06
4.628599999999999937e-01 1.885250480013964097e-06
4.722100000000000186e-01 1.743950805952770933e-06
4.817400000000000015e-01 1.615655799848370105e-06
4.914799999999999724e-01 1.498775187672856757e-06
5.014100000000000223e-01 1.386679305939084246e-06
5.115300000000000402e-01 1.282880867357914174e-06
5.218699999999999450e-01 1.186464274486908833e-06
5.324100000000000499e-01 1.097422680412371184e-06
5.431700000000000417e-01 1.013296832225264015e-06
5.541399999999999659e-01 9.377741507701724151e-07
5.653299999999999992e-01 8.657757427324033699e-07
5.767499999999999849e-01 7.976872185467282267e-07
5.884000000000000341e-01 7.376335346028796473e-07
6.002899999999999903e-01 6.820662058930519465e-07
6.124199999999999644e-01 6.307585158921110129e-07
6.247899999999999565e-01 5.833355376272979276e-07
6.374100000000000321e-01 5.394018923958836717e-07
6.502900000000000347e-01 4.987807517495130329e-07
6.634200000000000097e-01 4.611274398975054980e-07
6.768300000000000427e-01 4.262420281867568766e-07
6.905000000000000027e-01 3.939366515837103823e-07
7.044500000000000206e-01 3.639700825309490793e-07
7.186799999999999855e-01 3.362386557642195848e-07
7.331999999999999629e-01 3.105277986476333131e-07
7.480099999999999527e-01 2.867943053510064184e-07
7.631200000000000205e-01 2.648197000646678242e-07
7.785400000000000098e-01 2.445262525222169775e-07
7.942599999999999660e-01 2.257937799526369478e-07
8.103099999999999747e-01 2.084981512999589145e-07
8.266799999999999704e-01 1.925480326560677761e-07
8.433800000000000185e-01 1.778431271830696781e-07
8.604100000000000081e-01 1.642777501645598703e-07
8.778000000000000247e-01 1.517694015796722776e-07
8.955300000000000482e-01 1.402273328823927237e-07
9.136199999999999877e-01 1.295677996091886877e-07
9.320800000000000196e-01 1.197208044181815103e-07
9.509100000000000330e-01 1.106194392019412279e-07
9.701100000000000279e-01 1.021992945326278650e-07
9.897099999999999786e-01 9.441367597105302311e-08
1.009700000000000042e+00 8.720649338100299845e-08
1.030100000000000016e+00 8.053655970541820050e-08
1.050899999999999945e+00 7.435761645518673761e-08
1.072100000000000053e+00 6.864297755301215166e-08
1.093800000000000106e+00 6.335679279028174245e-08
1.115899999999999892e+00 5.847381352015373596e-08
1.138400000000000079e+00 5.396295635779979704e-08
1.161399999999999988e+00 4.979852160222026639e-08
1.184900000000000064e+00 4.595773230459577514e-08
1.208800000000000097e+00 4.241661053679679718e-08
1.233300000000000063e+00 3.915378006872851515e-08
1.258199999999999985e+00 3.614415225358451008e-08
1.283600000000000074e+00 3.337375779012969430e-08
1.309500000000000108e+00 3.082041868182299736e-08
1.336000000000000076e+00 2.846609197528580319e-08
1.362999999999999989e+00 2.629376866105703932e-08
1.390500000000000069e+00 2.428873353926190549e-08
1.418600000000000083e+00 2.243875420731967262e-08
1.447200000000000042e+00 2.072892938496583076e-08
1.476499999999999924e+00 1.914871698820003767e-08
1.506299999999999972e+00 1.768902199528672239e-08
1.536699999999999955e+00 1.633873873873873687e-08
1.567800000000000082e+00 1.509015331461887450e-08
1.599399999999999933e+00 1.393568840579710320e-08
1.631799999999999917e+00 1.286961168507303192e-08
1.664700000000000069e+00 1.188441898119317557e-08
1.698399999999999910e+00 1.097459011039257880e-08
1.732699999999999907e+00 1.013498698095107630e-08
1.767700000000000049e+00 9.360264519838986368e-09
1.803399999999999892e+00 8.645550527903469662e-09
1.839800000000000102e+00 7.987023263174552552e-09
1.877000000000000002e+00 7.378912411789124138e-09
1.914900000000000047e+00 6.818363968986846149e-09
1.953600000000000003e+00 6.301609069299689776e-09
1.993000000000000105e+00 5.823755156864626591e-09
2.033300000000000107e+00 5.382601427895314168e-09
2.074399999999999800e+00 4.974316697317521542e-09
2.116299999999999848e+00 4.596447629719205448e-09
2.158999999999999808e+00 4.246334447459443302e-09
2.202599999999999891e+00 3.922048071985720267e-09
2.247100000000000097e+00 3.621229623925041363e-09
2.292499999999999982e+00 3.342362374503065826e-09
2.338799999999999990e+00 3.083638730491135016e-09
2.386099999999999888e+00 2.843919471064556793e-09
2.434299999999999908e+00 2.622283244660103676e-09
2.483499999999999819e+00 2.417420369642154953e-09
2.533599999999999852e+00 2.228417049541410587e-09
2.584799999999999986e+00 2.054400867522140157e-09
2.637000000000000011e+00 1.893997494210106603e-09
2.690300000000000136e+00 1.746540378863409673e-09
2.744699999999999918e+00 1.611047108355501749e-09
2.800100000000000033e+00 1.486654197381450092e-09
2.856700000000000017e+00 1.372439779925100368e-09
2.914400000000000102e+00 1.267505404026910935e-09
2.973300000000000054e+00 1.170898512261719562e-09
3.033300000000000107e+00 1.081889848232959640e-09
3.094599999999999795e+00 9.997464145839790657e-10
3.157099999999999795e+00 9.238444911615787468e-10
3.220899999999999874e+00 8.535955440769206536e-10
3.286000000000000032e+00 7.885476961313319261e-10
3.352300000000000058e+00 7.282350919401957668e-10
3.420100000000000140e+00 6.723023012174415860e-10
3.489199999999999857e+00 6.203911144864249287e-10
3.559600000000000097e+00 5.722896375538879052e-10
3.631600000000000161e+00 5.276938569989929714e-10
3.704899999999999860e+00 4.865234461158410381e-10
3.779799999999999827e+00 4.485159076152490961e-10
3.856100000000000083e+00 4.134282510117509206e-10
3.934000000000000163e+00 3.811330428095360663e-10
4.013499999999999623e+00 3.513854447439353217e-10
4.094599999999999795e+00 3.240235814296241704e-10
4.177299999999999791e+00 2.988793514544587151e-10
4.261700000000000266e+00 2.757898696088264701e-10
4.347800000000000331e+00 2.545520469378337208e-10
4.435599999999999987e+00 2.350343201830409826e-10
4.525199999999999889e+00 2.170786844600014503e-10
4.616600000000000037e+00 2.005522742962337749e-10
4.709900000000000198e+00 1.853235436501532819e-10
4.804999999999999716e+00 1.712806585759144531e-10
4.902099999999999902e+00 1.583340773145254812e-10
5.001100000000000101e+00 1.463886540809617853e-10
5.102100000000000080e+00 1.353656126482213475e-10
5.205199999999999605e+00 1.251767298735861361e-10
5.310399999999999565e+00 1.157670221493026928e-10
5.417600000000000193e+00 1.070651736083138671e-10
5.527099999999999902e+00 9.901789822955266170e-11
5.638700000000000045e+00 9.157321983791222488e-11
5.752600000000000158e+00 8.467985249748575942e-11
5.868900000000000006e+00 7.829817258166936952e-11
5.987400000000000055e+00 7.238665221200825325e-11
6.108399999999999608e+00 6.690944328092276260e-11
6.231799999999999784e+00 6.183316609366517635e-11
6.357700000000000351e+00 5.713073739979569920e-11
6.486100000000000421e+00 5.277094381571993855e-11
6.617099999999999760e+00 4.873683604764919016e-11
6.750799999999999912e+00 4.500333178523110101e-11
6.887199999999999989e+00 4.154958018918057257e-11
7.026299999999999990e+00 3.835705334765485000e-11
7.168199999999999683e+00 3.540567282321899870e-11
7.312999999999999723e+00 3.267938192911530265e-11
7.460799999999999876e+00 3.015980781282640601e-11
7.611500000000000377e+00 2.783734741009567600e-11
7.765299999999999869e+00 2.569245020842982646e-11
7.922100000000000364e+00 2.371212583064073187e-11
8.082200000000000273e+00 2.188220189375702001e-11
8.245400000000000063e+00 2.019063070371121283e-11
8.412000000000000810e+00 1.862644598683039423e-11
8.581899999999999196e+00 1.717969862808306573e-11
8.755300000000000082e+00 1.584145908175752933e-11
8.932199999999999918e+00 1.460211209047064778e-11
9.112600000000000477e+00 1.345491964793974592e-11
9.296699999999999520e+00 1.239276819481597719e-11
9.484500000000000597e+00 1.140927860092300233e-11
9.676099999999999923e+00 1.050043493834109440e-11
9.871600000000000819e+00 9.662570073307459358e-12
1.007099999999999973e+01 8.890529184646831136e-12
1.027399999999999913e+01 8.180513188587833451e-12
1.048199999999999932e+01 7.528670447385002916e-12
1.069400000000000084e+01 6.931093998937864138e-12
1.091000000000000014e+01 6.383969785984054392e-12
1.113000000000000078e+01 5.883133151573208663e-12
1.135500000000000043e+01 5.425199906839530666e-12
1.158399999999999963e+01 5.007034764826175917e-12
1.181799999999999962e+01 4.624030339596620762e-12
1.205700000000000038e+01 4.272000726546181497e-12
1.230100000000000016e+01 3.948224710498612887e-12
1.254899999999999949e+01 3.649116083944292918e-12
1.280300000000000082e+01 3.372547769346851128e-12
1.306099999999999994e+01 3.116138425355583446e-12
1.332499999999999929e+01 2.877983145669569767e-12
1.359399999999999942e+01 2.656450188449242827e-12
1.386899999999999977e+01 2.450084558004168565e-12
1.414899999999999913e+01 2.257748055213960762e-12
1.443500000000000050e+01 2.078933954707638919e-12
1.472700000000000031e+01 1.913270396807122229e-12
1.502399999999999913e+01 1.760403857355510789e-12
1.532799999999999940e+01 1.619531663056640467e-12
1.563700000000000045e+01 1.490147783251231618e-12
1.595299999999999940e+01 1.371534160902113131e-12
1.627499999999999858e+01 1.263061155175513925e-12
1.660399999999999920e+01 1.164051475389119529e-12
1.694000000000000128e+01 1.073828185713968467e-12
1.728200000000000003e+01 9.917365045180017105e-13
1.763100000000000023e+01 9.168270891949257675e-13
1.798699999999999832e+01 8.482956023939629945e-13
1.835099999999999909e+01 7.853987763724655700e-13
1.872100000000000009e+01 7.275304463536694052e-13
1.909900000000000020e+01 6.741802653652585354e-13
1.948499999999999943e+01 6.248874308503795822e-13
1.987900000000000134e+01 5.791562097266499688e-13
2.028000000000000114e+01 5.367284171375437448e-13
2.069000000000000128e+01 4.972846583195051602e-13
2.110800000000000054e+01 4.605074769328667175e-13
2.153500000000000014e+01 4.262466971438158649e-13
2.196999999999999886e+01 3.943427105449398558e-13
2.241300000000000026e+01 3.646359098754489262e-13
2.286599999999999966e+01 3.369920299124274139e-13
2.332799999999999940e+01 3.112754254877542344e-13
2.379899999999999949e+01 2.873577057793344718e-13
2.428000000000000114e+01 2.651177557146155804e-13
2.477100000000000080e+01 2.444593278129566317e-13
2.527100000000000080e+01 2.252649155481343291e-13
2.578200000000000003e+01 2.074723934692771619e-13
2.630199999999999960e+01 1.909818493640131364e-13
2.683399999999999963e+01 1.757877280265340055e-13
2.737600000000000122e+01 1.618131212723658082e-13
2.792899999999999849e+01 1.489848993288590670e-13
2.849299999999999855e+01 1.372422338260022936e-13
2.906899999999999906e+01 1.265172735760970968e-13
2.965599999999999881e+01 1.167356185973207157e-13
3.025499999999999901e+01 1.078421183904223655e-13
3.086599999999999966e+01 9.977084087146256918e-14
3.148999999999999844e+01 9.243761640888003219e-14
3.212599999999999767e+01 8.573468740082513558e-14
3.277499999999999858e+01 7.956210960139094743e-14
3.343699999999999761e+01 7.383469681732938030e-14
3.411200000000000188e+01 6.848588267347318889e-14
3.480100000000000193e+01 6.345932695799539383e-14
3.550399999999999778e+01 5.871082086573312906e-14
3.622200000000000131e+01 5.420478862322869846e-14
3.695300000000000296e+01 4.991465149359885836e-14
3.770000000000000284e+01 4.582113638069503810e-14
3.846200000000000330e+01 4.192047209790486096e-14
3.923899999999999721e+01 3.824949319734999933e-14
4.003099999999999881e+01 3.483611981119590937e-14
4.084000000000000341e+01 3.169840309139159673e-14
4.166499999999999915e+01 2.884204319304193580e-14
4.250699999999999790e+01 2.626351684256930204e-14
4.336500000000000199e+01 2.395664550032844156e-14
4.424099999999999966e+01 2.190934304038828345e-14
4.513499999999999801e+01 2.010642515170920648e-14
4.604699999999999704e+01 1.853220459007950774e-14
4.697699999999999676e+01 1.716421460364921499e-14
4.792600000000000193e+01 1.596033140848606321e-14
4.889399999999999835e+01 1.488338633954263237e-14
4.988199999999999790e+01 1.390343339062312416e-14
5.089000000000000057e+01 1.299451476793248839e-14
5.191799999999999926e+01 1.213907078266292553e-14
5.296600000000000108e+01 1.132007148231753045e-14
5.403600000000000136e+01 1.052628965791172206e-14
5.512800000000000011e+01 9.748912302772971969e-15
5.624199999999999733e+01 8.982788200785875560e-15
5.737800000000000011e+01 8.229519691480658508e-15
5.853699999999999903e+01 7.506786771964462879e-15
5.971999999999999886e+01 6.826916813236922589e-15
6.092600000000000193e+01 6.202847709451093842e-15
6.215699999999999648e+01 5.638509587449156993e-15
6.341199999999999903e+01 5.137137597791072840e-15
6.469299999999999784e+01 4.698388272454847303e-15
6.600000000000000000e+01 4.321245295928840149e-15
6.733400000000000318e+01 4.003070809248555197e-15
6.869400000000000261e+01 3.741701640595192929e-15
7.008199999999999363e+01 3.531467827067972603e-15
7.149699999999999989e+01 3.359183847152188451e-15
7.294199999999999307e+01 3.211581241714041500e-15
7.441500000000000625e+01 3.077972778944620556e-15
7.591800000000000637e+01 2.949617746584784882e-15
7.745199999999999818e+01 2.818622259875039722e-15
7.901699999999999591e+01 2.678756186907525290e-15
8.061299999999999955e+01 2.525401701323251518e-15
8.224099999999999966e+01 2.355583982028922226e-15
8.390300000000000580e+01 2.167916289033533974e-15
8.559799999999999898e+01 1.965777746831917424e-15
8.732699999999999818e+01 1.759516016328932209e-15
8.909099999999999397e+01 1.559073779090096691e-15
9.089100000000000534e+01 1.371388113610244741e-15
9.272700000000000387e+01 1.200849882924291007e-15
9.459999999999999432e+01 1.049774377533957995e-15
9.651099999999999568e+01 9.186854141961716247e-16
9.846099999999999852e+01 8.071032243217674209e-16
1.004500000000000028e+02 7.138457382142374558e-16
1.024800000000000040e+02 6.373783220576060367e-16
1.045499999999999972e+02 5.756945072844086234e-16
1.066599999999999966e+02 5.908207171314740366e-16
1.088199999999999932e+02 6.240611633154829053e-16
1.110100000000000051e+02 6.592397494305239603e-16
1.132600000000000051e+02 6.963553616429082332e-16
1.155400000000000063e+02 7.356203044878164324e-16
1.178799999999999955e+02 7.770962863384305420e-16
1.202600000000000051e+02 8.210194476511854669e-16
1.226899999999999977e+02 8.673799802900182126e-16
1.251700000000000017e+02 9.163731957740192321e-16
1.277000000000000028e+02 9.682273370733497498e-16
1.302800000000000011e+02 1.022999334958989270e-15
1.329099999999999966e+02 1.081024078739234827e-15
1.355900000000000034e+02 1.142255527342540369e-15
1.383300000000000125e+02 1.207018462747152014e-15
1.411299999999999955e+02 1.275628158095106332e-15
1.439799999999999898e+02 1.348042444200512215e-15
1.468899999999999864e+02 1.424713710925409922e-15
1.498499999999999943e+02 1.505644633507853723e-15
1.528799999999999955e+02 1.591522491349480901e-15
1.559699999999999989e+02 1.682063477545047042e-15
1.591200000000000045e+02 1.777928232904536158e-15
1.623300000000000125e+02 1.879423918824925184e-15
1.656100000000000136e+02 1.986845948314096044e-15
1.689600000000000080e+02 2.100427888245658228e-15
1.723700000000000045e+02 2.220595353339786887e-15
1.758499999999999943e+02 2.347941839033381232e-15
1.794099999999999966e+02 2.482601749302716213e-15
1.830300000000000011e+02 2.625148602775828296e-15
1.867299999999999898e+02 2.776094072008728361e-15
1.905000000000000000e+02 2.936093118707112374e-15
1.943499999999999943e+02 3.105331908324427060e-15
1.982800000000000011e+02 3.284565396905180817e-15
2.022800000000000011e+02 3.474478068425751899e-15
2.063700000000000045e+02 3.675290995717990853e-15
2.105399999999999920e+02 3.887919662993064037e-15
2.147899999999999920e+02 4.113170160545810996e-15
2.191299999999999955e+02 4.351421558113486210e-15
2.235600000000000023e+02 4.603374782455167480e-15
