#           k/h    P           
    0.10000E-03    0.50132E+03
    0.10202E-03    0.51104E+03
    0.10408E-03    0.52094E+03
    0.10618E-03    0.53103E+03
    0.10833E-03    0.54132E+03
    0.11052E-03    0.55181E+03
    0.11275E-03    0.56250E+03
    0.11503E-03    0.57340E+03
    0.11735E-03    0.58451E+03
    0.11972E-03    0.59583E+03
    0.12214E-03    0.60737E+03
    0.12461E-03    0.61914E+03
    0.12712E-03    0.63113E+03
    0.12969E-03    0.64336E+03
    0.13231E-03    0.65582E+03
    0.13499E-03    0.66853E+03
    0.13771E-03    0.68147E+03
    0.14049E-03    0.69467E+03
    0.14333E-03    0.70813E+03
    0.14623E-03    0.72184E+03
    0.14918E-03    0.73582E+03
    0.15220E-03    0.75007E+03
    0.15527E-03    0.76460E+03
    0.15841E-03    0.77940E+03
    0.16161E-03    0.79450E+03
    0.16487E-03    0.80988E+03
    0.16820E-03    0.82556E+03
    0.17160E-03    0.84154E+03
    0.17507E-03    0.85784E+03
    0.17860E-03    0.87444E+03
    0.18221E-03    0.89137E+03
    0.18589E-03    0.90862E+03
    0.18965E-03    0.92621E+03
    0.19348E-03    0.94413E+03
    0.19739E-03    0.96241E+03
    0.20138E-03    0.98103E+03
    0.20544E-03    0.10000E+04
    0.20959E-03    0.10194E+04
    0.21383E-03    0.10391E+04
    0.21815E-03    0.10592E+04
    0.22255E-03    0.10797E+04
    0.22705E-03    0.11006E+04
    0.23164E-03    0.11218E+04
    0.23632E-03    0.11435E+04
    0.24109E-03    0.11657E+04
    0.24596E-03    0.11882E+04
    0.25093E-03    0.12112E+04
    0.25600E-03    0.12346E+04
    0.26117E-03    0.12584E+04
    0.26645E-03    0.12828E+04
    0.27183E-03    0.13075E+04
    0.27732E-03    0.13328E+04
    0.28292E-03    0.13586E+04
    0.28864E-03    0.13848E+04
    0.29447E-03    0.14115E+04
    0.30042E-03    0.14388E+04
    0.30649E-03    0.14666E+04
    0.31268E-03    0.14949E+04
    0.31899E-03    0.15238E+04
    0.32544E-03    0.15532E+04
    0.33201E-03    0.15831E+04
    0.33872E-03    0.16137E+04
    0.34556E-03    0.16448E+04
    0.35254E-03    0.16765E+04
    0.35966E-03    0.17088E+04
    0.36693E-03    0.17418E+04
    0.37434E-03    0.17753E+04
    0.38190E-03    0.18096E+04
    0.38962E-03    0.18444E+04
    0.39749E-03    0.18799E+04
    0.40552E-03    0.19161E+04
    0.41371E-03    0.19530E+04
    0.42207E-03    0.19906E+04
    0.43060E-03    0.20289E+04
    0.43929E-03    0.20679E+04
    0.44817E-03    0.21077E+04
    0.45722E-03    0.21482E+04
    0.46646E-03    0.21895E+04
    0.47588E-03    0.22315E+04
    0.48550E-03    0.22744E+04
    0.49530E-03    0.23180E+04
    0.50531E-03    0.23625E+04
    0.51552E-03    0.24078E+04
    0.52593E-03    0.24540E+04
    0.53656E-03    0.25010E+04
    0.54739E-03    0.25489E+04
    0.55845E-03    0.25977E+04
    0.56973E-03    0.26474E+04
    0.58124E-03    0.26981E+04
    0.59299E-03    0.27497E+04
    0.60496E-03    0.28022E+04
    0.61719E-03    0.28557E+04
    0.62965E-03    0.29103E+04
    0.64237E-03    0.29658E+04
    0.65535E-03    0.30223E+04
    0.66859E-03    0.30799E+04
    0.68210E-03    0.31386E+04
    0.69588E-03    0.31983E+04
    0.70993E-03    0.32592E+04
    0.72427E-03    0.33211E+04
    0.73891E-03    0.33842E+04
    0.75383E-03    0.34484E+04
    0.76906E-03    0.35138E+04
    0.78460E-03    0.35804E+04
    0.80045E-03    0.36482E+04
    0.81662E-03    0.37173E+04
    0.83311E-03    0.37876E+04
    0.84994E-03    0.38591E+04
    0.86711E-03    0.39319E+04
    0.88463E-03    0.40061E+04
    0.90250E-03    0.40815E+04
    0.92073E-03    0.41583E+04
    0.93933E-03    0.42365E+04
    0.95831E-03    0.43161E+04
    0.97767E-03    0.43970E+04
    0.99742E-03    0.44794E+04
    0.10176E-02    0.45632E+04
    0.10381E-02    0.46485E+04
    0.10591E-02    0.47353E+04
    0.10805E-02    0.48236E+04
    0.11023E-02    0.49134E+04
    0.11246E-02    0.50048E+04
    0.11473E-02    0.50978E+04
    0.11705E-02    0.51923E+04
    0.11941E-02    0.52884E+04
    0.12182E-02    0.53862E+04
    0.12429E-02    0.54856E+04
    0.12680E-02    0.55867E+04
    0.12936E-02    0.56894E+04
    0.13197E-02    0.57939E+04
    0.13464E-02    0.59001E+04
    0.13736E-02    0.60081E+04
    0.14013E-02    0.61178E+04
    0.14296E-02    0.62292E+04
    0.14585E-02    0.63425E+04
    0.14880E-02    0.64576E+04
    0.15180E-02    0.65746E+04
    0.15487E-02    0.66934E+04
    0.15800E-02    0.68140E+04
    0.16119E-02    0.69365E+04
    0.16445E-02    0.70610E+04
    0.16777E-02    0.71873E+04
    0.17116E-02    0.73156E+04
    0.17462E-02    0.74458E+04
    0.17814E-02    0.75779E+04
    0.18174E-02    0.77120E+04
    0.18541E-02    0.78481E+04
    0.18916E-02    0.79862E+04
    0.19298E-02    0.81262E+04
    0.19688E-02    0.82682E+04
    0.20086E-02    0.84123E+04
    0.20491E-02    0.85583E+04
    0.20905E-02    0.87064E+04
    0.21328E-02    0.88565E+04
    0.21758E-02    0.90086E+04
    0.22198E-02    0.91627E+04
    0.22646E-02    0.93188E+04
    0.23104E-02    0.94769E+04
    0.23571E-02    0.96371E+04
    0.24047E-02    0.97992E+04
    0.24533E-02    0.99634E+04
    0.25028E-02    0.10130E+05
    0.25534E-02    0.10298E+05
    0.26050E-02    0.10468E+05
    0.26576E-02    0.10640E+05
    0.27113E-02    0.10814E+05
    0.27660E-02    0.10990E+05
    0.28219E-02    0.11168E+05
    0.28789E-02    0.11347E+05
    0.29371E-02    0.11529E+05
    0.29964E-02    0.11712E+05
    0.30569E-02    0.11897E+05
    0.31187E-02    0.12085E+05
    0.31817E-02    0.12273E+05
    0.32460E-02    0.12464E+05
    0.33115E-02    0.12656E+05
    0.33784E-02    0.12850E+05
    0.34467E-02    0.13045E+05
    0.35163E-02    0.13243E+05
    0.35874E-02    0.13441E+05
    0.36598E-02    0.13641E+05
    0.37338E-02    0.13843E+05
    0.38092E-02    0.14046E+05
    0.38861E-02    0.14250E+05
    0.39646E-02    0.14456E+05
    0.40447E-02    0.14662E+05
    0.41264E-02    0.14871E+05
    0.42098E-02    0.15082E+05
    0.42948E-02    0.15294E+05
    0.43816E-02    0.15505E+05
    0.44701E-02    0.15717E+05
    0.45604E-02    0.15930E+05
    0.46525E-02    0.16144E+05
    0.47465E-02    0.16359E+05
    0.48424E-02    0.16574E+05
    0.49402E-02    0.16790E+05
    0.50400E-02    0.17006E+05
    0.51419E-02    0.17222E+05
    0.52457E-02    0.17438E+05
    0.53517E-02    0.17655E+05
    0.54598E-02    0.17871E+05
    0.55701E-02    0.18088E+05
    0.56826E-02    0.18305E+05
    0.57974E-02    0.18521E+05
    0.59145E-02    0.18737E+05
    0.60340E-02    0.18953E+05
    0.61559E-02    0.19167E+05
    0.62803E-02    0.19381E+05
    0.64072E-02    0.19594E+05
    0.65366E-02    0.19807E+05
    0.66686E-02    0.20018E+05
    0.68033E-02    0.20227E+05
    0.69408E-02    0.20435E+05
    0.70810E-02    0.20642E+05
    0.72240E-02    0.20846E+05
    0.73700E-02    0.21049E+05
    0.75189E-02    0.21250E+05
    0.76708E-02    0.21448E+05
    0.78257E-02    0.21644E+05
    0.79838E-02    0.21837E+05
    0.81451E-02    0.22028E+05
    0.83096E-02    0.22215E+05
    0.84775E-02    0.22400E+05
    0.86488E-02    0.22580E+05
    0.88235E-02    0.22758E+05
    0.90017E-02    0.22931E+05
    0.91836E-02    0.23101E+05
    0.93691E-02    0.23266E+05
    0.95583E-02    0.23427E+05
    0.97514E-02    0.23584E+05
    0.99484E-02    0.23735E+05
    0.10149E-01    0.23882E+05
    0.10354E-01    0.24023E+05
    0.10564E-01    0.24159E+05
    0.10777E-01    0.24289E+05
    0.10995E-01    0.24413E+05
    0.11217E-01    0.24531E+05
    0.11443E-01    0.24642E+05
    0.11675E-01    0.24747E+05
    0.11910E-01    0.24845E+05
    0.12151E-01    0.24935E+05
    0.12397E-01    0.25019E+05
    0.12647E-01    0.25094E+05
    0.12902E-01    0.25161E+05
    0.13163E-01    0.25221E+05
    0.13429E-01    0.25271E+05
    0.13700E-01    0.25314E+05
    0.13977E-01    0.25347E+05
    0.14259E-01    0.25371E+05
    0.14547E-01    0.25385E+05
    0.14841E-01    0.25390E+05
    0.15141E-01    0.25385E+05
    0.15447E-01    0.25371E+05
    0.15759E-01    0.25346E+05
    0.16077E-01    0.25310E+05
    0.16402E-01    0.25264E+05
    0.16734E-01    0.25207E+05
    0.17072E-01    0.25139E+05
    0.17416E-01    0.25060E+05
    0.17768E-01    0.24970E+05
    0.18127E-01    0.24868E+05
    0.18493E-01    0.24755E+05
    0.18867E-01    0.24630E+05
    0.19248E-01    0.24494E+05
    0.19637E-01    0.24346E+05
    0.20034E-01    0.24186E+05
    0.20438E-01    0.24015E+05
    0.20851E-01    0.23832E+05
    0.21272E-01    0.23637E+05
    0.21702E-01    0.23431E+05
    0.22141E-01    0.23214E+05
    0.22588E-01    0.22986E+05
    0.23044E-01    0.22747E+05
    0.23510E-01    0.22497E+05
    0.23985E-01    0.22238E+05
    0.24469E-01    0.21968E+05
    0.24964E-01    0.21688E+05
    0.25468E-01    0.21400E+05
    0.25982E-01    0.21102E+05
    0.26507E-01    0.20797E+05
    0.27043E-01    0.20483E+05
    0.27589E-01    0.20163E+05
    0.28146E-01    0.19836E+05
    0.28715E-01    0.19504E+05
    0.29295E-01    0.19166E+05
    0.29887E-01    0.18824E+05
    0.30490E-01    0.18479E+05
    0.31106E-01    0.18131E+05
    0.31735E-01    0.17781E+05
    0.32376E-01    0.17430E+05
    0.33030E-01    0.17079E+05
    0.33697E-01    0.16728E+05
    0.34378E-01    0.16380E+05
    0.35072E-01    0.16033E+05
    0.35781E-01    0.15690E+05
    0.36504E-01    0.15351E+05
    0.37241E-01    0.15018E+05
    0.37993E-01    0.14690E+05
    0.38761E-01    0.14369E+05
    0.39544E-01    0.14056E+05
    0.40343E-01    0.13750E+05
    0.41158E-01    0.13454E+05
    0.41989E-01    0.13167E+05
    0.42838E-01    0.12890E+05
    0.43703E-01    0.12623E+05
    0.44586E-01    0.12367E+05
    0.45486E-01    0.12121E+05
    0.46405E-01    0.11887E+05
    0.47343E-01    0.11664E+05
    0.48299E-01    0.11451E+05
    0.49275E-01    0.11250E+05
    0.50270E-01    0.11058E+05
    0.51286E-01    0.10877E+05
    0.52322E-01    0.10705E+05
    0.53379E-01    0.10541E+05
    0.54457E-01    0.10385E+05
    0.55557E-01    0.10235E+05
    0.56680E-01    0.10091E+05
    0.57825E-01    0.99508E+04
    0.58993E-01    0.98135E+04
    0.60184E-01    0.96775E+04
    0.61400E-01    0.95413E+04
    0.62641E-01    0.94034E+04
    0.63906E-01    0.92622E+04
    0.65197E-01    0.91162E+04
    0.66514E-01    0.89640E+04
    0.67858E-01    0.88043E+04
    0.69229E-01    0.86360E+04
    0.70627E-01    0.84584E+04
    0.72054E-01    0.82709E+04
    0.73510E-01    0.80725E+04
    0.74994E-01    0.78640E+04
    0.76509E-01    0.76457E+04
    0.78055E-01    0.74185E+04
    0.79632E-01    0.71837E+04
    0.81241E-01    0.69429E+04
    0.82882E-01    0.66981E+04
    0.84556E-01    0.64515E+04
    0.86264E-01    0.62056E+04
    0.88007E-01    0.59628E+04
    0.89785E-01    0.57258E+04
    0.91598E-01    0.54971E+04
    0.93449E-01    0.52790E+04
    0.95337E-01    0.50735E+04
    0.97263E-01    0.48824E+04
    0.99227E-01    0.47070E+04
    0.10123E+00    0.45480E+04
    0.10328E+00    0.44057E+04
    0.10536E+00    0.42798E+04
    0.10749E+00    0.41695E+04
    0.10966E+00    0.40733E+04
    0.11188E+00    0.39893E+04
    0.11414E+00    0.39150E+04
    0.11644E+00    0.38476E+04
    0.11880E+00    0.37837E+04
    0.12120E+00    0.37203E+04
    0.12365E+00    0.36539E+04
    0.12614E+00    0.35818E+04
    0.12869E+00    0.35013E+04
    0.13129E+00    0.34108E+04
    0.13394E+00    0.33097E+04
    0.13665E+00    0.31980E+04
    0.13941E+00    0.30772E+04
    0.14223E+00    0.29495E+04
    0.14510E+00    0.28180E+04
    0.14803E+00    0.26862E+04
    0.15102E+00    0.25579E+04
    0.15407E+00    0.24365E+04
    0.15718E+00    0.23250E+04
    0.16036E+00    0.22256E+04
    0.16360E+00    0.21394E+04
    0.16690E+00    0.20664E+04
    0.17028E+00    0.20058E+04
    0.17371E+00    0.19553E+04
    0.17722E+00    0.19122E+04
    0.18080E+00    0.18729E+04
    0.18446E+00    0.18340E+04
    0.18818E+00    0.17919E+04
    0.19198E+00    0.17441E+04
    0.19586E+00    0.16891E+04
    0.19982E+00    0.16268E+04
    0.20386E+00    0.15585E+04
    0.20797E+00    0.14868E+04
    0.21218E+00    0.14148E+04
    0.21646E+00    0.13458E+04
    0.22083E+00    0.12827E+04
    0.22530E+00    0.12274E+04
    0.22985E+00    0.11806E+04
    0.23449E+00    0.11415E+04
    0.23923E+00    0.11086E+04
    0.24406E+00    0.10791E+04
    0.24899E+00    0.10502E+04
    0.25402E+00    0.10194E+04
    0.25915E+00    0.98522E+03
    0.26439E+00    0.94717E+03
    0.26973E+00    0.90622E+03
    0.27518E+00    0.86429E+03
    0.28074E+00    0.82373E+03
    0.28641E+00    0.78655E+03
    0.29219E+00    0.75389E+03
    0.29810E+00    0.72578E+03
    0.30412E+00    0.70124E+03
    0.31026E+00    0.67865E+03
    0.31653E+00    0.65627E+03
    0.32292E+00    0.63278E+03
    0.32945E+00    0.60772E+03
    0.33610E+00    0.58159E+03
    0.34289E+00    0.55555E+03
    0.34982E+00    0.53088E+03
    0.35689E+00    0.50849E+03
    0.36409E+00    0.48854E+03
    0.37145E+00    0.47049E+03
    0.37895E+00    0.45331E+03
    0.38661E+00    0.43612E+03
    0.39442E+00    0.41852E+03
    0.40239E+00    0.40069E+03
    0.41052E+00    0.38325E+03
    0.41881E+00    0.36680E+03
    0.42727E+00    0.35163E+03
    0.43590E+00    0.33761E+03
    0.44471E+00    0.32432E+03
    0.45369E+00    0.31129E+03
    0.46286E+00    0.29833E+03
    0.47221E+00    0.28555E+03
    0.48174E+00    0.27327E+03
    0.49148E+00    0.26172E+03
    0.50141E+00    0.25088E+03
    0.51153E+00    0.24055E+03
    0.52187E+00    0.23051E+03
    0.53241E+00    0.22071E+03
    0.54317E+00    0.21122E+03
    0.55414E+00    0.20215E+03
    0.56533E+00    0.19355E+03
    0.57675E+00    0.18531E+03
    0.58840E+00    0.17739E+03
    0.60029E+00    0.16979E+03
    0.61242E+00    0.16249E+03
    0.62479E+00    0.15548E+03
    0.63741E+00    0.14876E+03
    0.65029E+00    0.14231E+03
    0.66342E+00    0.13612E+03
    0.67683E+00    0.13019E+03
    0.69050E+00    0.12451E+03
    0.70445E+00    0.11906E+03
    0.71868E+00    0.11385E+03
    0.73320E+00    0.10885E+03
    0.74801E+00    0.10406E+03
    0.76312E+00    0.99471E+02
    0.77854E+00    0.95077E+02
    0.79426E+00    0.90868E+02
    0.81031E+00    0.86838E+02
    0.82668E+00    0.82978E+02
    0.84338E+00    0.79282E+02
    0.86041E+00    0.75744E+02
    0.87780E+00    0.72358E+02
    0.89553E+00    0.69116E+02
    0.91362E+00    0.66013E+02
    0.93208E+00    0.63045E+02
    0.95091E+00    0.60204E+02
    0.97011E+00    0.57487E+02
    0.98971E+00    0.54888E+02
    0.10097E+01    0.52401E+02
    0.10301E+01    0.50024E+02
    0.10509E+01    0.47750E+02
    0.10721E+01    0.45576E+02
    0.10938E+01    0.43498E+02
    0.11159E+01    0.41511E+02
    0.11384E+01    0.39612E+02
    0.11614E+01    0.37796E+02
    0.11849E+01    0.36061E+02
    0.12088E+01    0.34403E+02
    0.12333E+01    0.32819E+02
    0.12582E+01    0.31305E+02
    0.12836E+01    0.29858E+02
    0.13095E+01    0.28477E+02
    0.13360E+01    0.27157E+02
    0.13630E+01    0.25897E+02
    0.13905E+01    0.24693E+02
    0.14186E+01    0.23543E+02
    0.14472E+01    0.22446E+02
    0.14765E+01    0.21398E+02
    0.15063E+01    0.20397E+02
    0.15367E+01    0.19442E+02
    0.15678E+01    0.18531E+02
    0.15994E+01    0.17661E+02
    0.16318E+01    0.16830E+02
    0.16647E+01    0.16038E+02
    0.16984E+01    0.15282E+02
    0.17327E+01    0.14561E+02
    0.17677E+01    0.13872E+02
    0.18034E+01    0.13216E+02
    0.18398E+01    0.12590E+02
    0.18770E+01    0.11992E+02
    0.19149E+01    0.11422E+02
    0.19536E+01    0.10879E+02
    0.19930E+01    0.10361E+02
    0.20333E+01    0.98669E+01
    0.20744E+01    0.93958E+01
    0.21163E+01    0.89466E+01
    0.21590E+01    0.85184E+01
    0.22026E+01    0.81102E+01
    0.22471E+01    0.77212E+01
    0.22925E+01    0.73503E+01
    0.23388E+01    0.69969E+01
    0.23861E+01    0.66601E+01
    0.24343E+01    0.63391E+01
    0.24835E+01    0.60333E+01
    0.25336E+01    0.57418E+01
    0.25848E+01    0.54642E+01
    0.26370E+01    0.51997E+01
    0.26903E+01    0.49477E+01
    0.27447E+01    0.47077E+01
    0.28001E+01    0.44791E+01
    0.28567E+01    0.42614E+01
    0.29144E+01    0.40540E+01
    0.29733E+01    0.38565E+01
    0.30333E+01    0.36685E+01
    0.30946E+01    0.34894E+01
    0.31571E+01    0.33189E+01
    0.32209E+01    0.31566E+01
    0.32860E+01    0.30021E+01
    0.33523E+01    0.28549E+01
    0.34201E+01    0.27149E+01
    0.34892E+01    0.25816E+01
    0.35596E+01    0.24547E+01
    0.36316E+01    0.23340E+01
    0.37049E+01    0.22191E+01
    0.37798E+01    0.21097E+01
    0.38561E+01    0.20057E+01
    0.39340E+01    0.19066E+01
    0.40135E+01    0.18124E+01
    0.40946E+01    0.17228E+01
    0.41773E+01    0.16375E+01
    0.42617E+01    0.15564E+01
    0.43478E+01    0.14792E+01
    0.44356E+01    0.14058E+01
    0.45252E+01    0.13360E+01
    0.46166E+01    0.12696E+01
    0.47099E+01    0.12064E+01
    0.48050E+01    0.11463E+01
    0.49021E+01    0.10892E+01
    0.50011E+01    0.10349E+01
    0.51021E+01    0.98320E+00
    0.52052E+01    0.93408E+00
    0.53104E+01    0.88737E+00
    0.54176E+01    0.84297E+00
    0.55271E+01    0.80076E+00
    0.56387E+01    0.76063E+00
    0.57526E+01    0.72248E+00
    0.58689E+01    0.68622E+00
    0.59874E+01    0.65175E+00
    0.61084E+01    0.61899E+00
    0.62318E+01    0.58785E+00
    0.63577E+01    0.55825E+00
    0.64861E+01    0.53013E+00
    0.66171E+01    0.50340E+00
    0.67508E+01    0.47801E+00
    0.68872E+01    0.45387E+00
    0.70263E+01    0.43094E+00
    0.71682E+01    0.40915E+00
    0.73130E+01    0.38845E+00
    0.74608E+01    0.36879E+00
    0.76115E+01    0.35010E+00
    0.77653E+01    0.33235E+00
    0.79221E+01    0.31549E+00
    0.80822E+01    0.29947E+00
    0.82454E+01    0.28426E+00
    0.84120E+01    0.26981E+00
    0.85819E+01    0.25609E+00
    0.87553E+01    0.24305E+00
    0.89322E+01    0.23067E+00
    0.91126E+01    0.21891E+00
    0.92967E+01    0.20775E+00
    0.94845E+01    0.19715E+00
    0.96761E+01    0.18708E+00
    0.98716E+01    0.17752E+00
    0.10071E+02    0.16845E+00
    0.10274E+02    0.15983E+00
    0.10482E+02    0.15165E+00
    0.10694E+02    0.14388E+00
    0.10910E+02    0.13651E+00
    0.11130E+02    0.12951E+00
    0.11355E+02    0.12286E+00
    0.11584E+02    0.11655E+00
    0.11818E+02    0.11056E+00
    0.12057E+02    0.10488E+00
    0.12301E+02    0.99487E-01
    0.12549E+02    0.94367E-01
    0.12803E+02    0.89508E-01
    0.13061E+02    0.84897E-01
    0.13325E+02    0.80520E-01
    0.13594E+02    0.76367E-01
    0.13869E+02    0.72426E-01
    0.14149E+02    0.68686E-01
    0.14435E+02    0.65138E-01
    0.14727E+02    0.61770E-01
    0.15024E+02    0.58576E-01
    0.15328E+02    0.55544E-01
    0.15637E+02    0.52668E-01
    0.15953E+02    0.49940E-01
    0.16275E+02    0.47351E-01
    0.16604E+02    0.44896E-01
    0.16940E+02    0.42566E-01
    0.17282E+02    0.40356E-01
    0.17631E+02    0.38260E-01
    0.17987E+02    0.36272E-01
    0.18351E+02    0.34386E-01
    0.18721E+02    0.32597E-01
    0.19099E+02    0.30900E-01
    0.19485E+02    0.29291E-01
    0.19879E+02    0.27765E-01
    0.20280E+02    0.26318E-01
    0.20690E+02    0.24945E-01
    0.21108E+02    0.23643E-01
    0.21535E+02    0.22409E-01
    0.21970E+02    0.21238E-01
    0.22413E+02    0.20128E-01
    0.22866E+02    0.19076E-01
    0.23328E+02    0.18078E-01
    0.23799E+02    0.17132E-01
    0.24280E+02    0.16235E-01
    0.24771E+02    0.15384E-01
    0.25271E+02    0.14578E-01
    0.25782E+02    0.13813E-01
    0.26302E+02    0.13088E-01
    0.26834E+02    0.12401E-01
    0.27376E+02    0.11750E-01
    0.27929E+02    0.11133E-01
    0.28493E+02    0.10547E-01
    0.29069E+02    0.99925E-02
    0.29656E+02    0.94667E-02
    0.30255E+02    0.89682E-02
    0.30866E+02    0.84958E-02
    0.31490E+02    0.80481E-02
    0.32126E+02    0.76237E-02
    0.32775E+02    0.72215E-02
    0.33437E+02    0.68403E-02
    0.34112E+02    0.64791E-02
    0.34801E+02    0.61368E-02
    0.35504E+02    0.58124E-02
    0.36222E+02    0.55049E-02
    0.36953E+02    0.52136E-02
    0.37700E+02    0.49376E-02
    0.38462E+02    0.46761E-02
    0.39239E+02    0.44282E-02
    0.40031E+02    0.41934E-02
    0.40840E+02    0.39710E-02
    0.41665E+02    0.37602E-02
    0.42507E+02    0.35605E-02
    0.43365E+02    0.33713E-02
    0.44241E+02    0.31920E-02
    0.45135E+02    0.30222E-02
    0.46047E+02    0.28614E-02
    0.46977E+02    0.27090E-02
    0.47926E+02    0.25646E-02
    0.48894E+02    0.24279E-02
    0.49882E+02    0.22984E-02
    0.50890E+02    0.21757E-02
    0.51918E+02    0.20595E-02
    0.52966E+02    0.19494E-02
    0.54036E+02    0.18452E-02
    0.55128E+02    0.17465E-02
    0.56242E+02    0.16530E-02
    0.57378E+02    0.15644E-02
    0.58537E+02    0.14805E-02
    0.59720E+02    0.14011E-02
    0.60926E+02    0.13259E-02
    0.62157E+02    0.12547E-02
    0.63412E+02    0.11872E-02
    0.64693E+02    0.11234E-02
    0.66000E+02    0.10629E-02
    0.67334E+02    0.10057E-02
    0.68694E+02    0.95146E-03
    0.70082E+02    0.90013E-03
    0.71497E+02    0.85154E-03
    0.72942E+02    0.80553E-03
    0.74415E+02    0.76197E-03
    0.75918E+02    0.72074E-03
    0.77452E+02    0.68170E-03
    0.79017E+02    0.64475E-03
    0.80613E+02    0.60977E-03
    0.82241E+02    0.57666E-03
    0.83903E+02    0.54532E-03
    0.85598E+02    0.51565E-03
    0.87327E+02    0.48757E-03
    0.89091E+02    0.46099E-03
    0.90891E+02    0.43584E-03
    0.92727E+02    0.41204E-03
    0.94600E+02    0.38951E-03
    0.96511E+02    0.36819E-03
    0.98461E+02    0.34802E-03
    0.10045E+03    0.32893E-03
    0.10248E+03    0.31086E-03
    0.10455E+03    0.29377E-03
    0.10666E+03    0.27760E-03
    0.10882E+03    0.26230E-03
    0.11101E+03    0.24782E-03
    0.11326E+03    0.23413E-03
    0.11554E+03    0.22117E-03
    0.11788E+03    0.20891E-03
    0.12026E+03    0.19732E-03
    0.12269E+03    0.18635E-03
    0.12517E+03    0.17597E-03
    0.12770E+03    0.16616E-03
    0.13028E+03    0.15688E-03
    0.13291E+03    0.14810E-03
    0.13559E+03    0.13980E-03
    0.13833E+03    0.13196E-03
    0.14113E+03    0.12454E-03
    0.14398E+03    0.11752E-03
    0.14689E+03    0.11089E-03
    0.14985E+03    0.10463E-03
    0.15288E+03    0.98703E-04
    0.15597E+03    0.93105E-04
    0.15912E+03    0.87813E-04
    0.16233E+03    0.82811E-04
    0.16561E+03    0.78082E-04
    0.16896E+03    0.73612E-04
    0.17237E+03    0.69386E-04
    0.17585E+03    0.65391E-04
    0.17941E+03    0.61614E-04
    0.18303E+03    0.58044E-04
    0.18673E+03    0.54669E-04
    0.19050E+03    0.51481E-04
    0.19435E+03    0.48470E-04
    0.19828E+03    0.45629E-04
    0.20228E+03    0.42948E-04
    0.20637E+03    0.40420E-04
    0.21054E+03    0.38038E-04
    0.21479E+03    0.35794E-04
    0.21913E+03    0.33681E-04
    0.22356E+03    0.31692E-04
