    0.10000E-03    0.45328E+03
    0.10202E-03    0.46206E+03
    0.10408E-03    0.47102E+03
    0.10618E-03    0.48014E+03
    0.10833E-03    0.48945E+03
    0.11052E-03    0.49893E+03
    0.11275E-03    0.50859E+03
    0.11503E-03    0.51845E+03
    0.11735E-03    0.52849E+03
    0.11972E-03    0.53873E+03
    0.12214E-03    0.54917E+03
    0.12461E-03    0.55980E+03
    0.12712E-03    0.57065E+03
    0.12969E-03    0.58170E+03
    0.13231E-03    0.59297E+03
    0.13499E-03    0.60446E+03
    0.13771E-03    0.61616E+03
    0.14049E-03    0.62810E+03
    0.14333E-03    0.64026E+03
    0.14623E-03    0.65266E+03
    0.14918E-03    0.66530E+03
    0.15220E-03    0.67818E+03
    0.15527E-03    0.69132E+03
    0.15841E-03    0.70470E+03
    0.16161E-03    0.71835E+03
    0.16487E-03    0.73226E+03
    0.16820E-03    0.74643E+03
    0.17160E-03    0.76089E+03
    0.17507E-03    0.77561E+03
    0.17860E-03    0.79063E+03
    0.18221E-03    0.80593E+03
    0.18589E-03    0.82153E+03
    0.18965E-03    0.83743E+03
    0.19348E-03    0.85364E+03
    0.19739E-03    0.87016E+03
    0.20138E-03    0.88700E+03
    0.20544E-03    0.90416E+03
    0.20959E-03    0.92165E+03
    0.21383E-03    0.93948E+03
    0.21815E-03    0.95765E+03
    0.22255E-03    0.97618E+03
    0.22705E-03    0.99506E+03
    0.23164E-03    0.10143E+04
    0.23632E-03    0.10339E+04
    0.24109E-03    0.10539E+04
    0.24596E-03    0.10743E+04
    0.25093E-03    0.10950E+04
    0.25600E-03    0.11162E+04
    0.26117E-03    0.11378E+04
    0.26645E-03    0.11598E+04
    0.27183E-03    0.11822E+04
    0.27732E-03    0.12050E+04
    0.28292E-03    0.12283E+04
    0.28864E-03    0.12520E+04
    0.29447E-03    0.12762E+04
    0.30042E-03    0.13008E+04
    0.30649E-03    0.13260E+04
    0.31268E-03    0.13516E+04
    0.31899E-03    0.13776E+04
    0.32544E-03    0.14042E+04
    0.33201E-03    0.14313E+04
    0.33872E-03    0.14589E+04
    0.34556E-03    0.14871E+04
    0.35254E-03    0.15157E+04
    0.35966E-03    0.15450E+04
    0.36693E-03    0.15747E+04
    0.37434E-03    0.16051E+04
    0.38190E-03    0.16360E+04
    0.38962E-03    0.16675E+04
    0.39749E-03    0.16996E+04
    0.40552E-03    0.17323E+04
    0.41371E-03    0.17657E+04
    0.42207E-03    0.17997E+04
    0.43060E-03    0.18343E+04
    0.43929E-03    0.18695E+04
    0.44817E-03    0.19055E+04
    0.45722E-03    0.19421E+04
    0.46646E-03    0.19794E+04
    0.47588E-03    0.20174E+04
    0.48550E-03    0.20562E+04
    0.49530E-03    0.20956E+04
    0.50531E-03    0.21358E+04
    0.51552E-03    0.21768E+04
    0.52593E-03    0.22185E+04
    0.53656E-03    0.22610E+04
    0.54739E-03    0.23044E+04
    0.55845E-03    0.23485E+04
    0.56973E-03    0.23934E+04
    0.58124E-03    0.24392E+04
    0.59299E-03    0.24859E+04
    0.60496E-03    0.25334E+04
    0.61719E-03    0.25818E+04
    0.62965E-03    0.26310E+04
    0.64237E-03    0.26813E+04
    0.65535E-03    0.27324E+04
    0.66859E-03    0.27845E+04
    0.68210E-03    0.28375E+04
    0.69588E-03    0.28916E+04
    0.70993E-03    0.29466E+04
    0.72427E-03    0.30026E+04
    0.73891E-03    0.30597E+04
    0.75383E-03    0.31178E+04
    0.76906E-03    0.31770E+04
    0.78460E-03    0.32372E+04
    0.80045E-03    0.32986E+04
    0.81662E-03    0.33610E+04
    0.83311E-03    0.34246E+04
    0.84994E-03    0.34894E+04
    0.86711E-03    0.35553E+04
    0.88463E-03    0.36224E+04
    0.90250E-03    0.36908E+04
    0.92073E-03    0.37603E+04
    0.93933E-03    0.38311E+04
    0.95831E-03    0.39032E+04
    0.97767E-03    0.39766E+04
    0.99742E-03    0.40512E+04
    0.10176E-02    0.41272E+04
    0.10381E-02    0.42046E+04
    0.10591E-02    0.42833E+04
    0.10805E-02    0.43634E+04
    0.11023E-02    0.44449E+04
    0.11246E-02    0.45278E+04
    0.11473E-02    0.46122E+04
    0.11705E-02    0.46980E+04
    0.11941E-02    0.47854E+04
    0.12182E-02    0.48742E+04
    0.12429E-02    0.49646E+04
    0.12680E-02    0.50566E+04
    0.12936E-02    0.51501E+04
    0.13197E-02    0.52452E+04
    0.13464E-02    0.53419E+04
    0.13736E-02    0.54403E+04
    0.14013E-02    0.55403E+04
    0.14296E-02    0.56420E+04
    0.14585E-02    0.57454E+04
    0.14880E-02    0.58506E+04
    0.15180E-02    0.59575E+04
    0.15487E-02    0.60661E+04
    0.15800E-02    0.61765E+04
    0.16119E-02    0.62888E+04
    0.16445E-02    0.64028E+04
    0.16777E-02    0.65187E+04
    0.17116E-02    0.66365E+04
    0.17462E-02    0.67562E+04
    0.17814E-02    0.68777E+04
    0.18174E-02    0.70012E+04
    0.18541E-02    0.71267E+04
    0.18916E-02    0.72541E+04
    0.19298E-02    0.73834E+04
    0.19688E-02    0.75148E+04
    0.20086E-02    0.76482E+04
    0.20491E-02    0.77836E+04
    0.20905E-02    0.79211E+04
    0.21328E-02    0.80606E+04
    0.21758E-02    0.82022E+04
    0.22198E-02    0.83459E+04
    0.22646E-02    0.84917E+04
    0.23104E-02    0.86396E+04
    0.23571E-02    0.87897E+04
    0.24047E-02    0.89419E+04
    0.24533E-02    0.90962E+04
    0.25028E-02    0.92527E+04
    0.25534E-02    0.94114E+04
    0.26050E-02    0.95723E+04
    0.26576E-02    0.97353E+04
    0.27113E-02    0.99005E+04
    0.27660E-02    0.10068E+05
    0.28219E-02    0.10238E+05
    0.28789E-02    0.10409E+05
    0.29371E-02    0.10583E+05
    0.29964E-02    0.10760E+05
    0.30569E-02    0.10938E+05
    0.31187E-02    0.11119E+05
    0.31817E-02    0.11302E+05
    0.32460E-02    0.11487E+05
    0.33115E-02    0.11674E+05
    0.33784E-02    0.11863E+05
    0.34467E-02    0.12055E+05
    0.35163E-02    0.12248E+05
    0.35874E-02    0.12444E+05
    0.36598E-02    0.12642E+05
    0.37338E-02    0.12842E+05
    0.38092E-02    0.13044E+05
    0.38861E-02    0.13248E+05
    0.39646E-02    0.13454E+05
    0.40447E-02    0.13662E+05
    0.41264E-02    0.13872E+05
    0.42098E-02    0.14084E+05
    0.42948E-02    0.14298E+05
    0.43816E-02    0.14513E+05
    0.44701E-02    0.14731E+05
    0.45604E-02    0.14950E+05
    0.46525E-02    0.15171E+05
    0.47465E-02    0.15393E+05
    0.48424E-02    0.15617E+05
    0.49402E-02    0.15843E+05
    0.50400E-02    0.16070E+05
    0.51419E-02    0.16299E+05
    0.52457E-02    0.16529E+05
    0.53517E-02    0.16760E+05
    0.54598E-02    0.16992E+05
    0.55701E-02    0.17225E+05
    0.56826E-02    0.17460E+05
    0.57974E-02    0.17695E+05
    0.59145E-02    0.17931E+05
    0.60340E-02    0.18168E+05
    0.61559E-02    0.18406E+05
    0.62803E-02    0.18644E+05
    0.64072E-02    0.18883E+05
    0.65366E-02    0.19122E+05
    0.66686E-02    0.19361E+05
    0.68033E-02    0.19600E+05
    0.69408E-02    0.19839E+05
    0.70810E-02    0.20078E+05
    0.72240E-02    0.20317E+05
    0.73700E-02    0.20555E+05
    0.75189E-02    0.20792E+05
    0.76708E-02    0.21029E+05
    0.78257E-02    0.21264E+05
    0.79838E-02    0.21499E+05
    0.81451E-02    0.21732E+05
    0.83096E-02    0.21964E+05
    0.84775E-02    0.22194E+05
    0.86488E-02    0.22422E+05
    0.88235E-02    0.22648E+05
    0.90017E-02    0.22872E+05
    0.91836E-02    0.23094E+05
    0.93691E-02    0.23312E+05
    0.95583E-02    0.23528E+05
    0.97514E-02    0.23741E+05
    0.99484E-02    0.23950E+05
    0.10149E-01    0.24156E+05
    0.10354E-01    0.24358E+05
    0.10564E-01    0.24555E+05
    0.10777E-01    0.24749E+05
    0.10995E-01    0.24938E+05
    0.11217E-01    0.25121E+05
    0.11443E-01    0.25300E+05
    0.11675E-01    0.25473E+05
    0.11910E-01    0.25641E+05
    0.12151E-01    0.25802E+05
    0.12397E-01    0.25957E+05
    0.12647E-01    0.26105E+05
    0.12902E-01    0.26247E+05
    0.13163E-01    0.26381E+05
    0.13429E-01    0.26508E+05
    0.13700E-01    0.26627E+05
    0.13977E-01    0.26737E+05
    0.14259E-01    0.26840E+05
    0.14547E-01    0.26933E+05
    0.14841E-01    0.27017E+05
    0.15141E-01    0.27092E+05
    0.15447E-01    0.27158E+05
    0.15759E-01    0.27213E+05
    0.16077E-01    0.27258E+05
    0.16402E-01    0.27292E+05
    0.16734E-01    0.27316E+05
    0.17072E-01    0.27328E+05
    0.17416E-01    0.27329E+05
    0.17768E-01    0.27318E+05
    0.18127E-01    0.27296E+05
    0.18493E-01    0.27261E+05
    0.18867E-01    0.27214E+05
    0.19248E-01    0.27154E+05
    0.19637E-01    0.27082E+05
    0.20034E-01    0.26997E+05
    0.20438E-01    0.26899E+05
    0.20851E-01    0.26788E+05
    0.21272E-01    0.26664E+05
    0.21702E-01    0.26527E+05
    0.22141E-01    0.26377E+05
    0.22588E-01    0.26213E+05
    0.23044E-01    0.26037E+05
    0.23510E-01    0.25848E+05
    0.23985E-01    0.25646E+05
    0.24469E-01    0.25432E+05
    0.24964E-01    0.25206E+05
    0.25468E-01    0.24968E+05
    0.25982E-01    0.24718E+05
    0.26507E-01    0.24457E+05
    0.27043E-01    0.24186E+05
    0.27589E-01    0.23904E+05
    0.28146E-01    0.23612E+05
    0.28715E-01    0.23312E+05
    0.29295E-01    0.23003E+05
    0.29887E-01    0.22687E+05
    0.30490E-01    0.22364E+05
    0.31106E-01    0.22034E+05
    0.31735E-01    0.21699E+05
    0.32376E-01    0.21360E+05
    0.33030E-01    0.21017E+05
    0.33697E-01    0.20672E+05
    0.34378E-01    0.20325E+05
    0.35072E-01    0.19977E+05
    0.35781E-01    0.19630E+05
    0.36504E-01    0.19284E+05
    0.37241E-01    0.18940E+05
    0.37993E-01    0.18599E+05
    0.38761E-01    0.18262E+05
    0.39544E-01    0.17931E+05
    0.40343E-01    0.17605E+05
    0.41158E-01    0.17286E+05
    0.41989E-01    0.16975E+05
    0.42838E-01    0.16672E+05
    0.43703E-01    0.16377E+05
    0.44586E-01    0.16092E+05
    0.45486E-01    0.15817E+05
    0.46405E-01    0.15552E+05
    0.47343E-01    0.15297E+05
    0.48299E-01    0.15052E+05
    0.49275E-01    0.14818E+05
    0.50270E-01    0.14594E+05
    0.51286E-01    0.14380E+05
    0.52322E-01    0.14174E+05
    0.53379E-01    0.13977E+05
    0.54457E-01    0.13788E+05
    0.55557E-01    0.13606E+05
    0.56680E-01    0.13429E+05
    0.57825E-01    0.13257E+05
    0.58993E-01    0.13087E+05
    0.60184E-01    0.12918E+05
    0.61400E-01    0.12750E+05
    0.62641E-01    0.12579E+05
    0.63906E-01    0.12405E+05
    0.65197E-01    0.12225E+05
    0.66514E-01    0.12038E+05
    0.67858E-01    0.11843E+05
    0.69229E-01    0.11639E+05
    0.70627E-01    0.11423E+05
    0.72054E-01    0.11196E+05
    0.73510E-01    0.10956E+05
    0.74994E-01    0.10705E+05
    0.76509E-01    0.10441E+05
    0.78055E-01    0.10166E+05
    0.79632E-01    0.98815E+04
    0.81241E-01    0.95887E+04
    0.82882E-01    0.92899E+04
    0.84556E-01    0.89874E+04
    0.86264E-01    0.86838E+04
    0.88007E-01    0.83823E+04
    0.89785E-01    0.80856E+04
    0.91598E-01    0.77969E+04
    0.93449E-01    0.75188E+04
    0.95337E-01    0.72542E+04
    0.97263E-01    0.70051E+04
    0.99227E-01    0.67734E+04
    0.10123E+00    0.65604E+04
    0.10328E+00    0.63667E+04
    0.10536E+00    0.61922E+04
    0.10749E+00    0.60364E+04
    0.10966E+00    0.58977E+04
    0.11188E+00    0.57742E+04
    0.11414E+00    0.56631E+04
    0.11644E+00    0.55613E+04
    0.11880E+00    0.54650E+04
    0.12120E+00    0.53702E+04
    0.12365E+00    0.52731E+04
    0.12614E+00    0.51701E+04
    0.12869E+00    0.50582E+04
    0.13129E+00    0.49353E+04
    0.13394E+00    0.47997E+04
    0.13665E+00    0.46515E+04
    0.13941E+00    0.44918E+04
    0.14223E+00    0.43230E+04
    0.14510E+00    0.41487E+04
    0.14803E+00    0.39730E+04
    0.15102E+00    0.38002E+04
    0.15407E+00    0.36345E+04
    0.15718E+00    0.34801E+04
    0.16036E+00    0.33398E+04
    0.16360E+00    0.32156E+04
    0.16690E+00    0.31080E+04
    0.17028E+00    0.30159E+04
    0.17371E+00    0.29373E+04
    0.17722E+00    0.28690E+04
    0.18080E+00    0.28068E+04
    0.18446E+00    0.27461E+04
    0.18818E+00    0.26827E+04
    0.19198E+00    0.26132E+04
    0.19586E+00    0.25353E+04
    0.19982E+00    0.24484E+04
    0.20386E+00    0.23537E+04
    0.20797E+00    0.22540E+04
    0.21218E+00    0.21532E+04
    0.21646E+00    0.20553E+04
    0.22083E+00    0.19641E+04
    0.22530E+00    0.18825E+04
    0.22985E+00    0.18117E+04
    0.23449E+00    0.17513E+04
    0.23923E+00    0.16994E+04
    0.24406E+00    0.16528E+04
    0.24899E+00    0.16080E+04
    0.25402E+00    0.15617E+04
    0.25915E+00    0.15114E+04
    0.26439E+00    0.14563E+04
    0.26973E+00    0.13973E+04
    0.27518E+00    0.13366E+04
    0.28074E+00    0.12771E+04
    0.28641E+00    0.12216E+04
    0.29219E+00    0.11719E+04
    0.29810E+00    0.11283E+04
    0.30412E+00    0.10899E+04
    0.31026E+00    0.10547E+04
    0.31653E+00    0.10204E+04
    0.32292E+00    0.98496E+03
    0.32945E+00    0.94759E+03
    0.33610E+00    0.90874E+03
    0.34289E+00    0.86977E+03
    0.34982E+00    0.83245E+03
    0.35689E+00    0.79807E+03
    0.36409E+00    0.76705E+03
    0.37145E+00    0.73882E+03
    0.37895E+00    0.71215E+03
    0.38661E+00    0.68579E+03
    0.39442E+00    0.65902E+03
    0.40239E+00    0.63192E+03
    0.41052E+00    0.60523E+03
    0.41881E+00    0.57982E+03
    0.42727E+00    0.55622E+03
    0.43590E+00    0.53433E+03
    0.44471E+00    0.51362E+03
    0.45369E+00    0.49342E+03
    0.46286E+00    0.47339E+03
    0.47221E+00    0.45365E+03
    0.48174E+00    0.43458E+03
    0.49148E+00    0.41651E+03
    0.50141E+00    0.39950E+03
    0.51153E+00    0.38332E+03
    0.52187E+00    0.36765E+03
    0.53241E+00    0.35234E+03
    0.54317E+00    0.33750E+03
    0.55414E+00    0.32327E+03
    0.56533E+00    0.30974E+03
    0.57675E+00    0.29683E+03
    0.58840E+00    0.28442E+03
    0.60029E+00    0.27246E+03
    0.61242E+00    0.26095E+03
    0.62479E+00    0.24988E+03
    0.63741E+00    0.23923E+03
    0.65029E+00    0.22901E+03
    0.66342E+00    0.21919E+03
    0.67683E+00    0.20976E+03
    0.69050E+00    0.20073E+03
    0.70445E+00    0.19206E+03
    0.71868E+00    0.18376E+03
    0.73320E+00    0.17581E+03
    0.74801E+00    0.16818E+03
    0.76312E+00    0.16087E+03
    0.77854E+00    0.15387E+03
    0.79426E+00    0.14716E+03
    0.81031E+00    0.14072E+03
    0.82668E+00    0.13456E+03
    0.84338E+00    0.12865E+03
    0.86041E+00    0.12299E+03
    0.87780E+00    0.11757E+03
    0.89553E+00    0.11237E+03
    0.91362E+00    0.10739E+03
    0.93208E+00    0.10262E+03
    0.95091E+00    0.98056E+02
    0.97011E+00    0.93684E+02
    0.98971E+00    0.89499E+02
    0.10097E+01    0.85493E+02
    0.10301E+01    0.81659E+02
    0.10509E+01    0.77990E+02
    0.10721E+01    0.74480E+02
    0.10938E+01    0.71122E+02
    0.11159E+01    0.67909E+02
    0.11384E+01    0.64837E+02
    0.11614E+01    0.61898E+02
    0.11849E+01    0.59087E+02
    0.12088E+01    0.56400E+02
    0.12333E+01    0.53830E+02
    0.12582E+01    0.51373E+02
    0.12836E+01    0.49024E+02
    0.13095E+01    0.46779E+02
    0.13360E+01    0.44633E+02
    0.13630E+01    0.42582E+02
    0.13905E+01    0.40623E+02
    0.14186E+01    0.38750E+02
    0.14472E+01    0.36961E+02
    0.14765E+01    0.35252E+02
    0.15063E+01    0.33619E+02
    0.15367E+01    0.32060E+02
    0.15678E+01    0.30571E+02
    0.15994E+01    0.29148E+02
    0.16318E+01    0.27790E+02
    0.16647E+01    0.26494E+02
    0.16984E+01    0.25256E+02
    0.17327E+01    0.24074E+02
    0.17677E+01    0.22946E+02
    0.18034E+01    0.21869E+02
    0.18398E+01    0.20842E+02
    0.18770E+01    0.19861E+02
    0.19149E+01    0.18925E+02
    0.19536E+01    0.18032E+02
    0.19930E+01    0.17180E+02
    0.20333E+01    0.16368E+02
    0.20744E+01    0.15592E+02
    0.21163E+01    0.14853E+02
    0.21590E+01    0.14147E+02
    0.22026E+01    0.13475E+02
    0.22471E+01    0.12833E+02
    0.22925E+01    0.12221E+02
    0.23388E+01    0.11638E+02
    0.23861E+01    0.11082E+02
    0.24343E+01    0.10552E+02
    0.24835E+01    0.10046E+02
    0.25336E+01    0.95645E+01
    0.25848E+01    0.91052E+01
    0.26370E+01    0.86676E+01
    0.26903E+01    0.82504E+01
    0.27447E+01    0.78530E+01
    0.28001E+01    0.74742E+01
    0.28567E+01    0.71133E+01
    0.29144E+01    0.67694E+01
    0.29733E+01    0.64418E+01
    0.30333E+01    0.61298E+01
    0.30946E+01    0.58325E+01
    0.31571E+01    0.55493E+01
    0.32209E+01    0.52796E+01
    0.32860E+01    0.50228E+01
    0.33523E+01    0.47782E+01
    0.34201E+01    0.45452E+01
    0.34892E+01    0.43234E+01
    0.35596E+01    0.41122E+01
    0.36316E+01    0.39112E+01
    0.37049E+01    0.37197E+01
    0.37798E+01    0.35375E+01
    0.38561E+01    0.33640E+01
    0.39340E+01    0.31989E+01
    0.40135E+01    0.30417E+01
    0.40946E+01    0.28921E+01
    0.41773E+01    0.27497E+01
    0.42617E+01    0.26143E+01
    0.43478E+01    0.24853E+01
    0.44356E+01    0.23626E+01
    0.45252E+01    0.22459E+01
    0.46166E+01    0.21349E+01
    0.47099E+01    0.20292E+01
    0.48050E+01    0.19287E+01
    0.49021E+01    0.18330E+01
    0.50011E+01    0.17421E+01
    0.51021E+01    0.16556E+01
    0.52052E+01    0.15733E+01
    0.53104E+01    0.14950E+01
    0.54176E+01    0.14206E+01
    0.55271E+01    0.13498E+01
    0.56387E+01    0.12825E+01
    0.57526E+01    0.12185E+01
    0.58689E+01    0.11576E+01
    0.59874E+01    0.10997E+01
    0.61084E+01    0.10447E+01
    0.62318E+01    0.99239E+00
    0.63577E+01    0.94266E+00
    0.64861E+01    0.89539E+00
    0.66171E+01    0.85045E+00
    0.67508E+01    0.80774E+00
    0.68872E+01    0.76714E+00
    0.70263E+01    0.72855E+00
    0.71682E+01    0.69188E+00
    0.73130E+01    0.65702E+00
    0.74608E+01    0.62390E+00
    0.76115E+01    0.59243E+00
    0.77653E+01    0.56252E+00
    0.79221E+01    0.53410E+00
    0.80822E+01    0.50710E+00
    0.82454E+01    0.48144E+00
    0.84120E+01    0.45707E+00
    0.85819E+01    0.43392E+00
    0.87553E+01    0.41192E+00
    0.89322E+01    0.39102E+00
    0.91126E+01    0.37117E+00
    0.92967E+01    0.35232E+00
    0.94845E+01    0.33441E+00
    0.96761E+01    0.31740E+00
    0.98716E+01    0.30124E+00
    0.10071E+02    0.28590E+00
    0.10274E+02    0.27133E+00
    0.10482E+02    0.25749E+00
    0.10694E+02    0.24435E+00
    0.10910E+02    0.23188E+00
    0.11130E+02    0.22003E+00
    0.11355E+02    0.20878E+00
    0.11584E+02    0.19810E+00
    0.11818E+02    0.18796E+00
    0.12057E+02    0.17833E+00
    0.12301E+02    0.16919E+00
    0.12549E+02    0.16052E+00
    0.12803E+02    0.15228E+00
    0.13061E+02    0.14446E+00
    0.13325E+02    0.13704E+00
    0.13594E+02    0.13000E+00
    0.13869E+02    0.12331E+00
    0.14149E+02    0.11696E+00
    0.14435E+02    0.11094E+00
    0.14727E+02    0.10523E+00
    0.15024E+02    0.99802E-01
    0.15328E+02    0.94654E-01
    0.15637E+02    0.89769E-01
    0.15953E+02    0.85134E-01
    0.16275E+02    0.80735E-01
    0.16604E+02    0.76562E-01
    0.16940E+02    0.72602E-01
    0.17282E+02    0.68845E-01
    0.17631E+02    0.65280E-01
    0.17987E+02    0.61898E-01
    0.18351E+02    0.58690E-01
    0.18721E+02    0.55646E-01
    0.19099E+02    0.52758E-01
    0.19485E+02    0.50019E-01
    0.19879E+02    0.47421E-01
    0.20280E+02    0.44957E-01
    0.20690E+02    0.42619E-01
    0.21108E+02    0.40402E-01
    0.21535E+02    0.38299E-01
    0.21970E+02    0.36304E-01
    0.22413E+02    0.34412E-01
    0.22866E+02    0.32618E-01
    0.23328E+02    0.30917E-01
    0.23799E+02    0.29303E-01
    0.24280E+02    0.27773E-01
    0.24771E+02    0.26323E-01
    0.25271E+02    0.24947E-01
    0.25782E+02    0.23642E-01
    0.26302E+02    0.22405E-01
    0.26834E+02    0.21232E-01
    0.27376E+02    0.20120E-01
    0.27929E+02    0.19066E-01
    0.28493E+02    0.18067E-01
    0.29069E+02    0.17119E-01
    0.29656E+02    0.16221E-01
    0.30255E+02    0.15369E-01
    0.30866E+02    0.14562E-01
    0.31490E+02    0.13796E-01
    0.32126E+02    0.13071E-01
    0.32775E+02    0.12383E-01
    0.33437E+02    0.11732E-01
    0.34112E+02    0.11114E-01
    0.34801E+02    0.10528E-01
    0.35504E+02    0.99732E-02
    0.36222E+02    0.94472E-02
    0.36953E+02    0.89487E-02
    0.37700E+02    0.84763E-02
    0.38462E+02    0.80285E-02
    0.39239E+02    0.76042E-02
    0.40031E+02    0.72021E-02
    0.40840E+02    0.68211E-02
    0.41665E+02    0.64601E-02
    0.42507E+02    0.61179E-02
    0.43365E+02    0.57938E-02
    0.44241E+02    0.54866E-02
    0.45135E+02    0.51956E-02
    0.46047E+02    0.49198E-02
    0.46977E+02    0.46586E-02
    0.47926E+02    0.44111E-02
    0.48894E+02    0.41766E-02
    0.49882E+02    0.39544E-02
    0.50890E+02    0.37440E-02
    0.51918E+02    0.35446E-02
    0.52966E+02    0.33557E-02
    0.54036E+02    0.31768E-02
    0.55128E+02    0.30074E-02
    0.56242E+02    0.28469E-02
    0.57378E+02    0.26948E-02
    0.58537E+02    0.25508E-02
    0.59720E+02    0.24144E-02
    0.60926E+02    0.22852E-02
    0.62157E+02    0.21629E-02
    0.63412E+02    0.20470E-02
    0.64693E+02    0.19373E-02
    0.66000E+02    0.18333E-02
    0.67334E+02    0.17349E-02
    0.68694E+02    0.16417E-02
    0.70082E+02    0.15535E-02
    0.71497E+02    0.14699E-02
    0.72942E+02    0.13908E-02
    0.74415E+02    0.13158E-02
    0.75918E+02    0.12449E-02
    0.77452E+02    0.11777E-02
    0.79017E+02    0.11141E-02
    0.80613E+02    0.10539E-02
    0.82241E+02    0.99691E-03
    0.83903E+02    0.94295E-03
    0.85598E+02    0.89186E-03
    0.87327E+02    0.84350E-03
    0.89091E+02    0.79772E-03
    0.90891E+02    0.75438E-03
    0.92727E+02    0.71336E-03
    0.94600E+02    0.67454E-03
    0.96511E+02    0.63779E-03
    0.98461E+02    0.60300E-03
    0.10045E+03    0.57009E-03
    0.10248E+03    0.53893E-03
    0.10455E+03    0.50945E-03
    0.10666E+03    0.48155E-03
    0.10882E+03    0.45515E-03
    0.11101E+03    0.43017E-03
    0.11326E+03    0.40652E-03
    0.11554E+03    0.38416E-03
    0.11788E+03    0.36299E-03
    0.12026E+03    0.34296E-03
    0.12269E+03    0.32402E-03
    0.12517E+03    0.30609E-03
    0.12770E+03    0.28913E-03
    0.13028E+03    0.27309E-03
    0.13291E+03    0.25791E-03
    0.13559E+03    0.24356E-03
    0.13833E+03    0.22999E-03
    0.14113E+03    0.21715E-03
    0.14398E+03    0.20501E-03
    0.14689E+03    0.19353E-03
    0.14985E+03    0.18267E-03
    0.15288E+03    0.17241E-03
    0.15597E+03    0.16271E-03
    0.15912E+03    0.15354E-03
    0.16233E+03    0.14487E-03
    0.16561E+03    0.13668E-03
    0.16896E+03    0.12893E-03
    0.17237E+03    0.12160E-03
    0.17585E+03    0.11467E-03
    0.17941E+03    0.10812E-03
    0.18303E+03    0.10192E-03
    0.18673E+03    0.96069E-04
    0.19050E+03    0.90531E-04
    0.19435E+03    0.85298E-04
    0.19828E+03    0.80354E-04
    0.20228E+03    0.75685E-04
    0.20637E+03    0.71279E-04
    0.21054E+03    0.67123E-04
    0.21479E+03    0.63203E-04
    0.21913E+03    0.59508E-04
    0.22356E+03    0.56027E-04
    0.22807E+03    0.52747E-04
