    0.10000E-03    0.45420E+03
    0.10202E-03    0.46300E+03
    0.10408E-03    0.47197E+03
    0.10618E-03    0.48112E+03
    0.10833E-03    0.49044E+03
    0.11052E-03    0.49994E+03
    0.11275E-03    0.50962E+03
    0.11503E-03    0.51950E+03
    0.11735E-03    0.52956E+03
    0.11972E-03    0.53982E+03
    0.12214E-03    0.55028E+03
    0.12461E-03    0.56094E+03
    0.12712E-03    0.57180E+03
    0.12969E-03    0.58288E+03
    0.13231E-03    0.59417E+03
    0.13499E-03    0.60567E+03
    0.13771E-03    0.61740E+03
    0.14049E-03    0.62936E+03
    0.14333E-03    0.64155E+03
    0.14623E-03    0.65397E+03
    0.14918E-03    0.66664E+03
    0.15220E-03    0.67954E+03
    0.15527E-03    0.69270E+03
    0.15841E-03    0.70611E+03
    0.16161E-03    0.71978E+03
    0.16487E-03    0.73372E+03
    0.16820E-03    0.74792E+03
    0.17160E-03    0.76240E+03
    0.17507E-03    0.77716E+03
    0.17860E-03    0.79220E+03
    0.18221E-03    0.80753E+03
    0.18589E-03    0.82316E+03
    0.18965E-03    0.83909E+03
    0.19348E-03    0.85532E+03
    0.19739E-03    0.87187E+03
    0.20138E-03    0.88874E+03
    0.20544E-03    0.90593E+03
    0.20959E-03    0.92346E+03
    0.21383E-03    0.94132E+03
    0.21815E-03    0.95953E+03
    0.22255E-03    0.97808E+03
    0.22705E-03    0.99700E+03
    0.23164E-03    0.10163E+04
    0.23632E-03    0.10359E+04
    0.24109E-03    0.10559E+04
    0.24596E-03    0.10764E+04
    0.25093E-03    0.10972E+04
    0.25600E-03    0.11184E+04
    0.26117E-03    0.11400E+04
    0.26645E-03    0.11620E+04
    0.27183E-03    0.11844E+04
    0.27732E-03    0.12073E+04
    0.28292E-03    0.12306E+04
    0.28864E-03    0.12544E+04
    0.29447E-03    0.12786E+04
    0.30042E-03    0.13033E+04
    0.30649E-03    0.13284E+04
    0.31268E-03    0.13541E+04
    0.31899E-03    0.13802E+04
    0.32544E-03    0.14068E+04
    0.33201E-03    0.14339E+04
    0.33872E-03    0.14616E+04
    0.34556E-03    0.14898E+04
    0.35254E-03    0.15185E+04
    0.35966E-03    0.15477E+04
    0.36693E-03    0.15775E+04
    0.37434E-03    0.16079E+04
    0.38190E-03    0.16389E+04
    0.38962E-03    0.16704E+04
    0.39749E-03    0.17026E+04
    0.40552E-03    0.17353E+04
    0.41371E-03    0.17687E+04
    0.42207E-03    0.18027E+04
    0.43060E-03    0.18374E+04
    0.43929E-03    0.18727E+04
    0.44817E-03    0.19086E+04
    0.45722E-03    0.19453E+04
    0.46646E-03    0.19826E+04
    0.47588E-03    0.20207E+04
    0.48550E-03    0.20594E+04
    0.49530E-03    0.20989E+04
    0.50531E-03    0.21392E+04
    0.51552E-03    0.21801E+04
    0.52593E-03    0.22219E+04
    0.53656E-03    0.22644E+04
    0.54739E-03    0.23078E+04
    0.55845E-03    0.23519E+04
    0.56973E-03    0.23969E+04
    0.58124E-03    0.24427E+04
    0.59299E-03    0.24893E+04
    0.60496E-03    0.25368E+04
    0.61719E-03    0.25852E+04
    0.62965E-03    0.26345E+04
    0.64237E-03    0.26847E+04
    0.65535E-03    0.27358E+04
    0.66859E-03    0.27879E+04
    0.68210E-03    0.28409E+04
    0.69588E-03    0.28949E+04
    0.70993E-03    0.29499E+04
    0.72427E-03    0.30059E+04
    0.73891E-03    0.30629E+04
    0.75383E-03    0.31210E+04
    0.76906E-03    0.31801E+04
    0.78460E-03    0.32403E+04
    0.80045E-03    0.33016E+04
    0.81662E-03    0.33640E+04
    0.83311E-03    0.34275E+04
    0.84994E-03    0.34922E+04
    0.86711E-03    0.35580E+04
    0.88463E-03    0.36250E+04
    0.90250E-03    0.36932E+04
    0.92073E-03    0.37626E+04
    0.93933E-03    0.38333E+04
    0.95831E-03    0.39052E+04
    0.97767E-03    0.39784E+04
    0.99742E-03    0.40529E+04
    0.10176E-02    0.41287E+04
    0.10381E-02    0.42059E+04
    0.10591E-02    0.42843E+04
    0.10805E-02    0.43642E+04
    0.11023E-02    0.44454E+04
    0.11246E-02    0.45281E+04
    0.11473E-02    0.46122E+04
    0.11705E-02    0.46977E+04
    0.11941E-02    0.47848E+04
    0.12182E-02    0.48733E+04
    0.12429E-02    0.49633E+04
    0.12680E-02    0.50548E+04
    0.12936E-02    0.51479E+04
    0.13197E-02    0.52426E+04
    0.13464E-02    0.53389E+04
    0.13736E-02    0.54367E+04
    0.14013E-02    0.55362E+04
    0.14296E-02    0.56374E+04
    0.14585E-02    0.57402E+04
    0.14880E-02    0.58447E+04
    0.15180E-02    0.59510E+04
    0.15487E-02    0.60589E+04
    0.15800E-02    0.61686E+04
    0.16119E-02    0.62801E+04
    0.16445E-02    0.63933E+04
    0.16777E-02    0.65084E+04
    0.17116E-02    0.66253E+04
    0.17462E-02    0.67440E+04
    0.17814E-02    0.68646E+04
    0.18174E-02    0.69870E+04
    0.18541E-02    0.71114E+04
    0.18916E-02    0.72376E+04
    0.19298E-02    0.73658E+04
    0.19688E-02    0.74959E+04
    0.20086E-02    0.76280E+04
    0.20491E-02    0.77620E+04
    0.20905E-02    0.78980E+04
    0.21328E-02    0.80361E+04
    0.21758E-02    0.81761E+04
    0.22198E-02    0.83181E+04
    0.22646E-02    0.84622E+04
    0.23104E-02    0.86083E+04
    0.23571E-02    0.87564E+04
    0.24047E-02    0.89066E+04
    0.24533E-02    0.90589E+04
    0.25028E-02    0.92133E+04
    0.25534E-02    0.93697E+04
    0.26050E-02    0.95282E+04
    0.26576E-02    0.96888E+04
    0.27113E-02    0.98515E+04
    0.27660E-02    0.10016E+05
    0.28219E-02    0.10183E+05
    0.28789E-02    0.10352E+05
    0.29371E-02    0.10523E+05
    0.29964E-02    0.10696E+05
    0.30569E-02    0.10871E+05
    0.31187E-02    0.11048E+05
    0.31817E-02    0.11228E+05
    0.32460E-02    0.11409E+05
    0.33115E-02    0.11592E+05
    0.33784E-02    0.11778E+05
    0.34467E-02    0.11965E+05
    0.35163E-02    0.12155E+05
    0.35874E-02    0.12346E+05
    0.36598E-02    0.12539E+05
    0.37338E-02    0.12734E+05
    0.38092E-02    0.12931E+05
    0.38861E-02    0.13130E+05
    0.39646E-02    0.13331E+05
    0.40447E-02    0.13534E+05
    0.41264E-02    0.13738E+05
    0.42098E-02    0.13944E+05
    0.42948E-02    0.14152E+05
    0.43816E-02    0.14361E+05
    0.44701E-02    0.14572E+05
    0.45604E-02    0.14784E+05
    0.46525E-02    0.14998E+05
    0.47465E-02    0.15213E+05
    0.48424E-02    0.15430E+05
    0.49402E-02    0.15648E+05
    0.50400E-02    0.15867E+05
    0.51419E-02    0.16088E+05
    0.52457E-02    0.16309E+05
    0.53517E-02    0.16532E+05
    0.54598E-02    0.16755E+05
    0.55701E-02    0.16980E+05
    0.56826E-02    0.17205E+05
    0.57974E-02    0.17430E+05
    0.59145E-02    0.17657E+05
    0.60340E-02    0.17883E+05
    0.61559E-02    0.18110E+05
    0.62803E-02    0.18338E+05
    0.64072E-02    0.18565E+05
    0.65366E-02    0.18793E+05
    0.66686E-02    0.19020E+05
    0.68033E-02    0.19247E+05
    0.69408E-02    0.19474E+05
    0.70810E-02    0.19701E+05
    0.72240E-02    0.19926E+05
    0.73700E-02    0.20151E+05
    0.75189E-02    0.20375E+05
    0.76708E-02    0.20598E+05
    0.78257E-02    0.20820E+05
    0.79838E-02    0.21040E+05
    0.81451E-02    0.21259E+05
    0.83096E-02    0.21476E+05
    0.84775E-02    0.21691E+05
    0.86488E-02    0.21903E+05
    0.88235E-02    0.22114E+05
    0.90017E-02    0.22322E+05
    0.91836E-02    0.22527E+05
    0.93691E-02    0.22729E+05
    0.95583E-02    0.22928E+05
    0.97514E-02    0.23124E+05
    0.99484E-02    0.23316E+05
    0.10149E-01    0.23505E+05
    0.10354E-01    0.23689E+05
    0.10564E-01    0.23869E+05
    0.10777E-01    0.24044E+05
    0.10995E-01    0.24214E+05
    0.11217E-01    0.24380E+05
    0.11443E-01    0.24540E+05
    0.11675E-01    0.24694E+05
    0.11910E-01    0.24843E+05
    0.12151E-01    0.24986E+05
    0.12397E-01    0.25122E+05
    0.12647E-01    0.25251E+05
    0.12902E-01    0.25373E+05
    0.13163E-01    0.25489E+05
    0.13429E-01    0.25596E+05
    0.13700E-01    0.25696E+05
    0.13977E-01    0.25788E+05
    0.14259E-01    0.25871E+05
    0.14547E-01    0.25945E+05
    0.14841E-01    0.26011E+05
    0.15141E-01    0.26067E+05
    0.15447E-01    0.26114E+05
    0.15759E-01    0.26151E+05
    0.16077E-01    0.26178E+05
    0.16402E-01    0.26195E+05
    0.16734E-01    0.26201E+05
    0.17072E-01    0.26196E+05
    0.17416E-01    0.26180E+05
    0.17768E-01    0.26153E+05
    0.18127E-01    0.26114E+05
    0.18493E-01    0.26063E+05
    0.18867E-01    0.26001E+05
    0.19248E-01    0.25927E+05
    0.19637E-01    0.25840E+05
    0.20034E-01    0.25742E+05
    0.20438E-01    0.25631E+05
    0.20851E-01    0.25507E+05
    0.21272E-01    0.25371E+05
    0.21702E-01    0.25223E+05
    0.22141E-01    0.25062E+05
    0.22588E-01    0.24889E+05
    0.23044E-01    0.24704E+05
    0.23510E-01    0.24506E+05
    0.23985E-01    0.24297E+05
    0.24469E-01    0.24076E+05
    0.24964E-01    0.23843E+05
    0.25468E-01    0.23599E+05
    0.25982E-01    0.23345E+05
    0.26507E-01    0.23080E+05
    0.27043E-01    0.22805E+05
    0.27589E-01    0.22521E+05
    0.28146E-01    0.22228E+05
    0.28715E-01    0.21926E+05
    0.29295E-01    0.21617E+05
    0.29887E-01    0.21301E+05
    0.30490E-01    0.20979E+05
    0.31106E-01    0.20651E+05
    0.31735E-01    0.20318E+05
    0.32376E-01    0.19982E+05
    0.33030E-01    0.19642E+05
    0.33697E-01    0.19301E+05
    0.34378E-01    0.18958E+05
    0.35072E-01    0.18615E+05
    0.35781E-01    0.18272E+05
    0.36504E-01    0.17931E+05
    0.37241E-01    0.17593E+05
    0.37993E-01    0.17258E+05
    0.38761E-01    0.16927E+05
    0.39544E-01    0.16602E+05
    0.40343E-01    0.16282E+05
    0.41158E-01    0.15970E+05
    0.41989E-01    0.15665E+05
    0.42838E-01    0.15368E+05
    0.43703E-01    0.15080E+05
    0.44586E-01    0.14801E+05
    0.45486E-01    0.14532E+05
    0.46405E-01    0.14273E+05
    0.47343E-01    0.14024E+05
    0.48299E-01    0.13786E+05
    0.49275E-01    0.13558E+05
    0.50270E-01    0.13340E+05
    0.51286E-01    0.13132E+05
    0.52322E-01    0.12934E+05
    0.53379E-01    0.12744E+05
    0.54457E-01    0.12562E+05
    0.55557E-01    0.12387E+05
    0.56680E-01    0.12219E+05
    0.57825E-01    0.12055E+05
    0.58993E-01    0.11895E+05
    0.60184E-01    0.11738E+05
    0.61400E-01    0.11581E+05
    0.62641E-01    0.11423E+05
    0.63906E-01    0.11263E+05
    0.65197E-01    0.11099E+05
    0.66514E-01    0.10929E+05
    0.67858E-01    0.10752E+05
    0.69229E-01    0.10566E+05
    0.70627E-01    0.10371E+05
    0.72054E-01    0.10166E+05
    0.73510E-01    0.99499E+04
    0.74994E-01    0.97223E+04
    0.76509E-01    0.94835E+04
    0.78055E-01    0.92339E+04
    0.79632E-01    0.89747E+04
    0.81241E-01    0.87073E+04
    0.82882E-01    0.84334E+04
    0.84556E-01    0.81552E+04
    0.86264E-01    0.78750E+04
    0.88007E-01    0.75955E+04
    0.89785E-01    0.73195E+04
    0.91598E-01    0.70496E+04
    0.93449E-01    0.67887E+04
    0.95337E-01    0.65393E+04
    0.97263E-01    0.63036E+04
    0.99227E-01    0.60834E+04
    0.10123E+00    0.58802E+04
    0.10328E+00    0.56947E+04
    0.10536E+00    0.55274E+04
    0.10749E+00    0.53777E+04
    0.10966E+00    0.52448E+04
    0.11188E+00    0.51270E+04
    0.11414E+00    0.50220E+04
    0.11644E+00    0.49273E+04
    0.11880E+00    0.48396E+04
    0.12120E+00    0.47554E+04
    0.12365E+00    0.46709E+04
    0.12614E+00    0.45827E+04
    0.12869E+00    0.44878E+04
    0.13129E+00    0.43838E+04
    0.13394E+00    0.42690E+04
    0.13665E+00    0.41426E+04
    0.13941E+00    0.40052E+04
    0.14223E+00    0.38581E+04
    0.14510E+00    0.37043E+04
    0.14803E+00    0.35473E+04
    0.15102E+00    0.33908E+04
    0.15407E+00    0.32389E+04
    0.15718E+00    0.30952E+04
    0.16036E+00    0.29631E+04
    0.16360E+00    0.28446E+04
    0.16690E+00    0.27411E+04
    0.17028E+00    0.26521E+04
    0.17371E+00    0.25765E+04
    0.17722E+00    0.25117E+04
    0.18080E+00    0.24546E+04
    0.18446E+00    0.24012E+04
    0.18818E+00    0.23475E+04
    0.19198E+00    0.22900E+04
    0.19586E+00    0.22261E+04
    0.19982E+00    0.21544E+04
    0.20386E+00    0.20751E+04
    0.20797E+00    0.19900E+04
    0.21218E+00    0.19020E+04
    0.21646E+00    0.18146E+04
    0.22083E+00    0.17312E+04
    0.22530E+00    0.16550E+04
    0.22985E+00    0.15878E+04
    0.23449E+00    0.15299E+04
    0.23923E+00    0.14805E+04
    0.24406E+00    0.14375E+04
    0.24899E+00    0.13978E+04
    0.25402E+00    0.13584E+04
    0.25915E+00    0.13167E+04
    0.26439E+00    0.12714E+04
    0.26973E+00    0.12222E+04
    0.27518E+00    0.11705E+04
    0.28074E+00    0.11185E+04
    0.28641E+00    0.10685E+04
    0.29219E+00    0.10227E+04
    0.29810E+00    0.98199E+03
    0.30412E+00    0.94627E+03
    0.31026E+00    0.91431E+03
    0.31653E+00    0.88422E+03
    0.32292E+00    0.85420E+03
    0.32945E+00    0.82299E+03
    0.33610E+00    0.79034E+03
    0.34289E+00    0.75698E+03
    0.34982E+00    0.72418E+03
    0.35689E+00    0.69328E+03
    0.36409E+00    0.66503E+03
    0.37145E+00    0.63944E+03
    0.37895E+00    0.61576E+03
    0.38661E+00    0.59298E+03
    0.39442E+00    0.57024E+03
    0.40239E+00    0.54725E+03
    0.41052E+00    0.52428E+03
    0.41881E+00    0.50201E+03
    0.42727E+00    0.48100E+03
    0.43590E+00    0.46149E+03
    0.44471E+00    0.44322E+03
    0.45369E+00    0.42573E+03
    0.46286E+00    0.40857E+03
    0.47221E+00    0.39163E+03
    0.48174E+00    0.37511E+03
    0.49148E+00    0.35928E+03
    0.50141E+00    0.34432E+03
    0.51153E+00    0.33016E+03
    0.52187E+00    0.31659E+03
    0.53241E+00    0.30342E+03
    0.54317E+00    0.29062E+03
    0.55414E+00    0.27827E+03
    0.56533E+00    0.26648E+03
    0.57675E+00    0.25524E+03
    0.58840E+00    0.24448E+03
    0.60029E+00    0.23412E+03
    0.61242E+00    0.22416E+03
    0.62479E+00    0.21459E+03
    0.63741E+00    0.20540E+03
    0.65029E+00    0.19657E+03
    0.66342E+00    0.18809E+03
    0.67683E+00    0.17996E+03
    0.69050E+00    0.17216E+03
    0.70445E+00    0.16469E+03
    0.71868E+00    0.15753E+03
    0.73320E+00    0.15067E+03
    0.74801E+00    0.14410E+03
    0.76312E+00    0.13780E+03
    0.77854E+00    0.13176E+03
    0.79426E+00    0.12598E+03
    0.81031E+00    0.12044E+03
    0.82668E+00    0.11513E+03
    0.84338E+00    0.11004E+03
    0.86041E+00    0.10517E+03
    0.87780E+00    0.10051E+03
    0.89553E+00    0.96039E+02
    0.91362E+00    0.91761E+02
    0.93208E+00    0.87664E+02
    0.95091E+00    0.83743E+02
    0.97011E+00    0.79990E+02
    0.98971E+00    0.76398E+02
    0.10097E+01    0.72961E+02
    0.10301E+01    0.69673E+02
    0.10509E+01    0.66527E+02
    0.10721E+01    0.63518E+02
    0.10938E+01    0.60640E+02
    0.11159E+01    0.57888E+02
    0.11384E+01    0.55256E+02
    0.11614E+01    0.52739E+02
    0.11849E+01    0.50333E+02
    0.12088E+01    0.48033E+02
    0.12333E+01    0.45834E+02
    0.12582E+01    0.43733E+02
    0.12836E+01    0.41724E+02
    0.13095E+01    0.39805E+02
    0.13360E+01    0.37971E+02
    0.13630E+01    0.36218E+02
    0.13905E+01    0.34544E+02
    0.14186E+01    0.32945E+02
    0.14472E+01    0.31418E+02
    0.14765E+01    0.29959E+02
    0.15063E+01    0.28566E+02
    0.15367E+01    0.27235E+02
    0.15678E+01    0.25965E+02
    0.15994E+01    0.24752E+02
    0.16318E+01    0.23594E+02
    0.16647E+01    0.22489E+02
    0.16984E+01    0.21434E+02
    0.17327E+01    0.20428E+02
    0.17677E+01    0.19467E+02
    0.18034E+01    0.18550E+02
    0.18398E+01    0.17675E+02
    0.18770E+01    0.16840E+02
    0.19149E+01    0.16044E+02
    0.19536E+01    0.15284E+02
    0.19930E+01    0.14559E+02
    0.20333E+01    0.13868E+02
    0.20744E+01    0.13209E+02
    0.21163E+01    0.12580E+02
    0.21590E+01    0.11981E+02
    0.22026E+01    0.11409E+02
    0.22471E+01    0.10864E+02
    0.22925E+01    0.10344E+02
    0.23388E+01    0.98491E+01
    0.23861E+01    0.93769E+01
    0.24343E+01    0.89269E+01
    0.24835E+01    0.84979E+01
    0.25336E+01    0.80891E+01
    0.25848E+01    0.76995E+01
    0.26370E+01    0.73282E+01
    0.26903E+01    0.69745E+01
    0.27447E+01    0.66374E+01
    0.28001E+01    0.63163E+01
    0.28567E+01    0.60104E+01
    0.29144E+01    0.57190E+01
    0.29733E+01    0.54414E+01
    0.30333E+01    0.51770E+01
    0.30946E+01    0.49253E+01
    0.31571E+01    0.46855E+01
    0.32209E+01    0.44571E+01
    0.32860E+01    0.42397E+01
    0.33523E+01    0.40326E+01
    0.34201E+01    0.38355E+01
    0.34892E+01    0.36478E+01
    0.35596E+01    0.34691E+01
    0.36316E+01    0.32990E+01
    0.37049E+01    0.31371E+01
    0.37798E+01    0.29830E+01
    0.38561E+01    0.28364E+01
    0.39340E+01    0.26968E+01
    0.40135E+01    0.25639E+01
    0.40946E+01    0.24375E+01
    0.41773E+01    0.23172E+01
    0.42617E+01    0.22028E+01
    0.43478E+01    0.20939E+01
    0.44356E+01    0.19903E+01
    0.45252E+01    0.18917E+01
    0.46166E+01    0.17979E+01
    0.47099E+01    0.17087E+01
    0.48050E+01    0.16239E+01
    0.49021E+01    0.15432E+01
    0.50011E+01    0.14664E+01
    0.51021E+01    0.13934E+01
    0.52052E+01    0.13240E+01
    0.53104E+01    0.12580E+01
    0.54176E+01    0.11952E+01
    0.55271E+01    0.11355E+01
    0.56387E+01    0.10788E+01
    0.57526E+01    0.10248E+01
    0.58689E+01    0.97351E+00
    0.59874E+01    0.92474E+00
    0.61084E+01    0.87837E+00
    0.62318E+01    0.83430E+00
    0.63577E+01    0.79241E+00
    0.64861E+01    0.75259E+00
    0.66171E+01    0.71474E+00
    0.67508E+01    0.67877E+00
    0.68872E+01    0.64458E+00
    0.70263E+01    0.61209E+00
    0.71682E+01    0.58122E+00
    0.73130E+01    0.55189E+00
    0.74608E+01    0.52401E+00
    0.76115E+01    0.49752E+00
    0.77653E+01    0.47236E+00
    0.79221E+01    0.44845E+00
    0.80822E+01    0.42573E+00
    0.82454E+01    0.40416E+00
    0.84120E+01    0.38366E+00
    0.85819E+01    0.36419E+00
    0.87553E+01    0.34569E+00
    0.89322E+01    0.32812E+00
    0.91126E+01    0.31143E+00
    0.92967E+01    0.29558E+00
    0.94845E+01    0.28053E+00
    0.96761E+01    0.26624E+00
    0.98716E+01    0.25266E+00
    0.10071E+02    0.23977E+00
    0.10274E+02    0.22753E+00
    0.10482E+02    0.21591E+00
    0.10694E+02    0.20487E+00
    0.10910E+02    0.19439E+00
    0.11130E+02    0.18445E+00
    0.11355E+02    0.17500E+00
    0.11584E+02    0.16603E+00
    0.11818E+02    0.15752E+00
    0.12057E+02    0.14944E+00
    0.12301E+02    0.14177E+00
    0.12549E+02    0.13449E+00
    0.12803E+02    0.12757E+00
    0.13061E+02    0.12101E+00
    0.13325E+02    0.11479E+00
    0.13594E+02    0.10888E+00
    0.13869E+02    0.10327E+00
    0.14149E+02    0.97947E-01
    0.14435E+02    0.92896E-01
    0.14727E+02    0.88103E-01
    0.15024E+02    0.83554E-01
    0.15328E+02    0.79238E-01
    0.15637E+02    0.75143E-01
    0.15953E+02    0.71257E-01
    0.16275E+02    0.67570E-01
    0.16604E+02    0.64072E-01
    0.16940E+02    0.60753E-01
    0.17282E+02    0.57605E-01
    0.17631E+02    0.54618E-01
    0.17987E+02    0.51784E-01
    0.18351E+02    0.49096E-01
    0.18721E+02    0.46547E-01
    0.19099E+02    0.44128E-01
    0.19485E+02    0.41834E-01
    0.19879E+02    0.39658E-01
    0.20280E+02    0.37594E-01
    0.20690E+02    0.35636E-01
    0.21108E+02    0.33780E-01
    0.21535E+02    0.32019E-01
    0.21970E+02    0.30349E-01
    0.22413E+02    0.28766E-01
    0.22866E+02    0.27264E-01
    0.23328E+02    0.25840E-01
    0.23799E+02    0.24490E-01
    0.24280E+02    0.23210E-01
    0.24771E+02    0.21996E-01
    0.25271E+02    0.20844E-01
    0.25782E+02    0.19753E-01
    0.26302E+02    0.18718E-01
    0.26834E+02    0.17737E-01
    0.27376E+02    0.16807E-01
    0.27929E+02    0.15925E-01
    0.28493E+02    0.15089E-01
    0.29069E+02    0.14297E-01
    0.29656E+02    0.13546E-01
    0.30255E+02    0.12834E-01
    0.30866E+02    0.12159E-01
    0.31490E+02    0.11519E-01
    0.32126E+02    0.10913E-01
    0.32775E+02    0.10338E-01
    0.33437E+02    0.97929E-02
    0.34112E+02    0.92766E-02
    0.34801E+02    0.87872E-02
    0.35504E+02    0.83235E-02
    0.36222E+02    0.78839E-02
    0.36953E+02    0.74674E-02
    0.37700E+02    0.70727E-02
    0.38462E+02    0.66987E-02
    0.39239E+02    0.63442E-02
    0.40031E+02    0.60083E-02
    0.40840E+02    0.56901E-02
    0.41665E+02    0.53885E-02
    0.42507E+02    0.51028E-02
    0.43365E+02    0.48321E-02
    0.44241E+02    0.45756E-02
    0.45135E+02    0.43326E-02
    0.46047E+02    0.41024E-02
    0.46977E+02    0.38843E-02
    0.47926E+02    0.36777E-02
    0.48894E+02    0.34819E-02
    0.49882E+02    0.32965E-02
    0.50890E+02    0.31209E-02
    0.51918E+02    0.29545E-02
    0.52966E+02    0.27969E-02
    0.54036E+02    0.26476E-02
    0.55128E+02    0.25062E-02
    0.56242E+02    0.23722E-02
    0.57378E+02    0.22454E-02
    0.58537E+02    0.21253E-02
    0.59720E+02    0.20115E-02
    0.60926E+02    0.19037E-02
    0.62157E+02    0.18017E-02
    0.63412E+02    0.17050E-02
    0.64693E+02    0.16135E-02
    0.66000E+02    0.15268E-02
    0.67334E+02    0.14447E-02
    0.68694E+02    0.13670E-02
    0.70082E+02    0.12934E-02
    0.71497E+02    0.12238E-02
    0.72942E+02    0.11578E-02
    0.74415E+02    0.10953E-02
    0.75918E+02    0.10362E-02
    0.77452E+02    0.98022E-03
    0.79017E+02    0.92721E-03
    0.80613E+02    0.87703E-03
    0.82241E+02    0.82953E-03
    0.83903E+02    0.78456E-03
    0.85598E+02    0.74199E-03
    0.87327E+02    0.70169E-03
    0.89091E+02    0.66355E-03
    0.90891E+02    0.62745E-03
    0.92727E+02    0.59328E-03
    0.94600E+02    0.56093E-03
    0.96511E+02    0.53033E-03
    0.98461E+02    0.50136E-03
    0.10045E+03    0.47394E-03
    0.10248E+03    0.44800E-03
    0.10455E+03    0.42345E-03
    0.10666E+03    0.40022E-03
    0.10882E+03    0.37824E-03
    0.11101E+03    0.35744E-03
    0.11326E+03    0.33776E-03
    0.11554E+03    0.31914E-03
    0.11788E+03    0.30152E-03
    0.12026E+03    0.28485E-03
    0.12269E+03    0.26909E-03
    0.12517E+03    0.25417E-03
    0.12770E+03    0.24006E-03
    0.13028E+03    0.22671E-03
    0.13291E+03    0.21409E-03
    0.13559E+03    0.20215E-03
    0.13833E+03    0.19085E-03
    0.14113E+03    0.18018E-03
    0.14398E+03    0.17008E-03
    0.14689E+03    0.16053E-03
    0.14985E+03    0.15151E-03
    0.15288E+03    0.14298E-03
    0.15597E+03    0.13491E-03
    0.15912E+03    0.12729E-03
    0.16233E+03    0.12008E-03
    0.16561E+03    0.11327E-03
    0.16896E+03    0.10683E-03
    0.17237E+03    0.10074E-03
    0.17585E+03    0.94985E-04
    0.17941E+03    0.89543E-04
    0.18303E+03    0.84398E-04
    0.18673E+03    0.79534E-04
    0.19050E+03    0.74936E-04
    0.19435E+03    0.70590E-04
    0.19828E+03    0.66486E-04
    0.20228E+03    0.62610E-04
    0.20637E+03    0.58953E-04
    0.21054E+03    0.55503E-04
    0.21479E+03    0.52250E-04
    0.21913E+03    0.49185E-04
    0.22356E+03    0.46297E-04
    0.22807E+03    0.43577E-04
