    0.10000E-03    0.16682E+00
    0.10202E-03    0.17005E+00
    0.10408E-03    0.17335E+00
    0.10618E-03    0.17671E+00
    0.10833E-03    0.18013E+00
    0.11052E-03    0.18362E+00
    0.11275E-03    0.18718E+00
    0.11503E-03    0.19081E+00
    0.11735E-03    0.19451E+00
    0.11972E-03    0.19828E+00
    0.12214E-03    0.20212E+00
    0.12461E-03    0.20604E+00
    0.12712E-03    0.21003E+00
    0.12969E-03    0.21410E+00
    0.13231E-03    0.21825E+00
    0.13499E-03    0.22248E+00
    0.13771E-03    0.22680E+00
    0.14049E-03    0.23119E+00
    0.14333E-03    0.23567E+00
    0.14623E-03    0.24024E+00
    0.14918E-03    0.24490E+00
    0.15220E-03    0.24964E+00
    0.15527E-03    0.25448E+00
    0.15841E-03    0.25941E+00
    0.16161E-03    0.26444E+00
    0.16487E-03    0.26956E+00
    0.16820E-03    0.27479E+00
    0.17160E-03    0.28011E+00
    0.17507E-03    0.28554E+00
    0.17860E-03    0.29107E+00
    0.18221E-03    0.29671E+00
    0.18589E-03    0.30246E+00
    0.18965E-03    0.30832E+00
    0.19348E-03    0.31430E+00
    0.19739E-03    0.32039E+00
    0.20138E-03    0.32660E+00
    0.20544E-03    0.33293E+00
    0.20959E-03    0.33938E+00
    0.21383E-03    0.34595E+00
    0.21815E-03    0.35265E+00
    0.22255E-03    0.35949E+00
    0.22705E-03    0.36645E+00
    0.23164E-03    0.37355E+00
    0.23632E-03    0.38079E+00
    0.24109E-03    0.38816E+00
    0.24596E-03    0.39568E+00
    0.25093E-03    0.40335E+00
    0.25600E-03    0.41116E+00
    0.26117E-03    0.41912E+00
    0.26645E-03    0.42724E+00
    0.27183E-03    0.43552E+00
    0.27732E-03    0.44395E+00
    0.28292E-03    0.45255E+00
    0.28864E-03    0.46131E+00
    0.29447E-03    0.47025E+00
    0.30042E-03    0.47935E+00
    0.30649E-03    0.48863E+00
    0.31268E-03    0.49810E+00
    0.31899E-03    0.50774E+00
    0.32544E-03    0.51757E+00
    0.33201E-03    0.52759E+00
    0.33872E-03    0.53780E+00
    0.34556E-03    0.54821E+00
    0.35254E-03    0.55883E+00
    0.35966E-03    0.56964E+00
    0.36693E-03    0.58067E+00
    0.37434E-03    0.59190E+00
    0.38190E-03    0.60336E+00
    0.38962E-03    0.61503E+00
    0.39749E-03    0.62693E+00
    0.40552E-03    0.63906E+00
    0.41371E-03    0.65143E+00
    0.42207E-03    0.66403E+00
    0.43060E-03    0.67687E+00
    0.43929E-03    0.68996E+00
    0.44817E-03    0.70331E+00
    0.45722E-03    0.71690E+00
    0.46646E-03    0.73077E+00
    0.47588E-03    0.74489E+00
    0.48550E-03    0.75929E+00
    0.49530E-03    0.77397E+00
    0.50531E-03    0.78893E+00
    0.51552E-03    0.80417E+00
    0.52593E-03    0.81971E+00
    0.53656E-03    0.83554E+00
    0.54739E-03    0.85168E+00
    0.55845E-03    0.86813E+00
    0.56973E-03    0.88490E+00
    0.58124E-03    0.90198E+00
    0.59299E-03    0.91939E+00
    0.60496E-03    0.93714E+00
    0.61719E-03    0.95522E+00
    0.62965E-03    0.97365E+00
    0.64237E-03    0.99243E+00
    0.65535E-03    0.10116E+01
    0.66859E-03    0.10311E+01
    0.68210E-03    0.10510E+01
    0.69588E-03    0.10712E+01
    0.70993E-03    0.10918E+01
    0.72427E-03    0.11129E+01
    0.73891E-03    0.11343E+01
    0.75383E-03    0.11562E+01
    0.76906E-03    0.11784E+01
    0.78460E-03    0.12011E+01
    0.80045E-03    0.12242E+01
    0.81662E-03    0.12477E+01
    0.83311E-03    0.12717E+01
    0.84994E-03    0.12962E+01
    0.86711E-03    0.13211E+01
    0.88463E-03    0.13464E+01
    0.90250E-03    0.13723E+01
    0.92073E-03    0.13986E+01
    0.93933E-03    0.14254E+01
    0.95831E-03    0.14528E+01
    0.97767E-03    0.14806E+01
    0.99742E-03    0.15090E+01
    0.10176E-02    0.15379E+01
    0.10381E-02    0.15673E+01
    0.10591E-02    0.15973E+01
    0.10805E-02    0.16278E+01
    0.11023E-02    0.16589E+01
    0.11246E-02    0.16906E+01
    0.11473E-02    0.17228E+01
    0.11705E-02    0.17557E+01
    0.11941E-02    0.17892E+01
    0.12182E-02    0.18232E+01
    0.12429E-02    0.18579E+01
    0.12680E-02    0.18933E+01
    0.12936E-02    0.19292E+01
    0.13197E-02    0.19659E+01
    0.13464E-02    0.20032E+01
    0.13736E-02    0.20411E+01
    0.14013E-02    0.20798E+01
    0.14296E-02    0.21191E+01
    0.14585E-02    0.21592E+01
    0.14880E-02    0.22000E+01
    0.15180E-02    0.22415E+01
    0.15487E-02    0.22837E+01
    0.15800E-02    0.23267E+01
    0.16119E-02    0.23704E+01
    0.16445E-02    0.24149E+01
    0.16777E-02    0.24602E+01
    0.17116E-02    0.25063E+01
    0.17462E-02    0.25531E+01
    0.17814E-02    0.26008E+01
    0.18174E-02    0.26493E+01
    0.18541E-02    0.26986E+01
    0.18916E-02    0.27488E+01
    0.19298E-02    0.27998E+01
    0.19688E-02    0.28516E+01
    0.20086E-02    0.29044E+01
    0.20491E-02    0.29580E+01
    0.20905E-02    0.30124E+01
    0.21328E-02    0.30678E+01
    0.21758E-02    0.31241E+01
    0.22198E-02    0.31813E+01
    0.22646E-02    0.32394E+01
    0.23104E-02    0.32984E+01
    0.23571E-02    0.33583E+01
    0.24047E-02    0.34192E+01
    0.24533E-02    0.34810E+01
    0.25028E-02    0.35438E+01
    0.25534E-02    0.36075E+01
    0.26050E-02    0.36722E+01
    0.26576E-02    0.37378E+01
    0.27113E-02    0.38044E+01
    0.27660E-02    0.38720E+01
    0.28219E-02    0.39406E+01
    0.28789E-02    0.40101E+01
    0.29371E-02    0.40805E+01
    0.29964E-02    0.41520E+01
    0.30569E-02    0.42244E+01
    0.31187E-02    0.42978E+01
    0.31817E-02    0.43721E+01
    0.32460E-02    0.44474E+01
    0.33115E-02    0.45237E+01
    0.33784E-02    0.46009E+01
    0.34467E-02    0.46791E+01
    0.35163E-02    0.47582E+01
    0.35874E-02    0.48382E+01
    0.36598E-02    0.49191E+01
    0.37338E-02    0.50010E+01
    0.38092E-02    0.50837E+01
    0.38861E-02    0.51673E+01
    0.39646E-02    0.52518E+01
    0.40447E-02    0.53371E+01
    0.41264E-02    0.54233E+01
    0.42098E-02    0.55103E+01
    0.42948E-02    0.55980E+01
    0.43816E-02    0.56866E+01
    0.44701E-02    0.57759E+01
    0.45604E-02    0.58659E+01
    0.46525E-02    0.59566E+01
    0.47465E-02    0.60480E+01
    0.48424E-02    0.61401E+01
    0.49402E-02    0.62327E+01
    0.50400E-02    0.63260E+01
    0.51419E-02    0.64198E+01
    0.52457E-02    0.65142E+01
    0.53517E-02    0.66090E+01
    0.54598E-02    0.67043E+01
    0.55701E-02    0.68000E+01
    0.56826E-02    0.68961E+01
    0.57974E-02    0.69925E+01
    0.59145E-02    0.70893E+01
    0.60340E-02    0.71863E+01
    0.61559E-02    0.72835E+01
    0.62803E-02    0.73808E+01
    0.64072E-02    0.74783E+01
    0.65366E-02    0.75759E+01
    0.66686E-02    0.76736E+01
    0.68033E-02    0.77711E+01
    0.69408E-02    0.78687E+01
    0.70810E-02    0.79661E+01
    0.72240E-02    0.80633E+01
    0.73700E-02    0.81603E+01
    0.75189E-02    0.82570E+01
    0.76708E-02    0.83533E+01
    0.78257E-02    0.84492E+01
    0.79838E-02    0.85447E+01
    0.81451E-02    0.86396E+01
    0.83096E-02    0.87339E+01
    0.84775E-02    0.88275E+01
    0.86488E-02    0.89203E+01
    0.88235E-02    0.90123E+01
    0.90017E-02    0.91033E+01
    0.91836E-02    0.91934E+01
    0.93691E-02    0.92824E+01
    0.95583E-02    0.93702E+01
    0.97514E-02    0.94567E+01
    0.99484E-02    0.95419E+01
    0.10149E-01    0.96256E+01
    0.10354E-01    0.97078E+01
    0.10564E-01    0.97882E+01
    0.10777E-01    0.98670E+01
    0.10995E-01    0.99438E+01
    0.11217E-01    0.10019E+02
    0.11443E-01    0.10091E+02
    0.11675E-01    0.10162E+02
    0.11910E-01    0.10230E+02
    0.12151E-01    0.10296E+02
    0.12397E-01    0.10359E+02
    0.12647E-01    0.10420E+02
    0.12902E-01    0.10477E+02
    0.13163E-01    0.10532E+02
    0.13429E-01    0.10584E+02
    0.13700E-01    0.10632E+02
    0.13977E-01    0.10678E+02
    0.14259E-01    0.10720E+02
    0.14547E-01    0.10758E+02
    0.14841E-01    0.10793E+02
    0.15141E-01    0.10824E+02
    0.15447E-01    0.10851E+02
    0.15759E-01    0.10874E+02
    0.16077E-01    0.10893E+02
    0.16402E-01    0.10907E+02
    0.16734E-01    0.10917E+02
    0.17072E-01    0.10923E+02
    0.17416E-01    0.10924E+02
    0.17768E-01    0.10921E+02
    0.18127E-01    0.10912E+02
    0.18493E-01    0.10899E+02
    0.18867E-01    0.10881E+02
    0.19248E-01    0.10858E+02
    0.19637E-01    0.10830E+02
    0.20034E-01    0.10796E+02
    0.20438E-01    0.10758E+02
    0.20851E-01    0.10714E+02
    0.21272E-01    0.10665E+02
    0.21702E-01    0.10611E+02
    0.22141E-01    0.10551E+02
    0.22588E-01    0.10486E+02
    0.23044E-01    0.10416E+02
    0.23510E-01    0.10341E+02
    0.23985E-01    0.10261E+02
    0.24469E-01    0.10176E+02
    0.24964E-01    0.10085E+02
    0.25468E-01    0.99905E+01
    0.25982E-01    0.98910E+01
    0.26507E-01    0.97869E+01
    0.27043E-01    0.96786E+01
    0.27589E-01    0.95662E+01
    0.28146E-01    0.94500E+01
    0.28715E-01    0.93301E+01
    0.29295E-01    0.92068E+01
    0.29887E-01    0.90804E+01
    0.30490E-01    0.89513E+01
    0.31106E-01    0.88197E+01
    0.31735E-01    0.86859E+01
    0.32376E-01    0.85504E+01
    0.33030E-01    0.84134E+01
    0.33697E-01    0.82754E+01
    0.34378E-01    0.81367E+01
    0.35072E-01    0.79977E+01
    0.35781E-01    0.78587E+01
    0.36504E-01    0.77203E+01
    0.37241E-01    0.75828E+01
    0.37993E-01    0.74465E+01
    0.38761E-01    0.73119E+01
    0.39544E-01    0.71793E+01
    0.40343E-01    0.70490E+01
    0.41158E-01    0.69214E+01
    0.41989E-01    0.67968E+01
    0.42838E-01    0.66755E+01
    0.43703E-01    0.65578E+01
    0.44586E-01    0.64437E+01
    0.45486E-01    0.63335E+01
    0.46405E-01    0.62274E+01
    0.47343E-01    0.61254E+01
    0.48299E-01    0.60275E+01
    0.49275E-01    0.59337E+01
    0.50270E-01    0.58440E+01
    0.51286E-01    0.57581E+01
    0.52322E-01    0.56759E+01
    0.53379E-01    0.55971E+01
    0.54457E-01    0.55214E+01
    0.55557E-01    0.54484E+01
    0.56680E-01    0.53776E+01
    0.57825E-01    0.53085E+01
    0.58993E-01    0.52405E+01
    0.60184E-01    0.51731E+01
    0.61400E-01    0.51055E+01
    0.62641E-01    0.50372E+01
    0.63906E-01    0.49674E+01
    0.65197E-01    0.48954E+01
    0.66514E-01    0.48207E+01
    0.67858E-01    0.47426E+01
    0.69229E-01    0.46606E+01
    0.70627E-01    0.45743E+01
    0.72054E-01    0.44835E+01
    0.73510E-01    0.43876E+01
    0.74994E-01    0.42868E+01
    0.76509E-01    0.41812E+01
    0.78055E-01    0.40713E+01
    0.79632E-01    0.39573E+01
    0.81241E-01    0.38402E+01
    0.82882E-01    0.37205E+01
    0.84556E-01    0.35994E+01
    0.86264E-01    0.34779E+01
    0.88007E-01    0.33572E+01
    0.89785E-01    0.32385E+01
    0.91598E-01    0.31228E+01
    0.93449E-01    0.30115E+01
    0.95337E-01    0.29056E+01
    0.97263E-01    0.28058E+01
    0.99227E-01    0.27130E+01
    0.10123E+00    0.26277E+01
    0.10328E+00    0.25501E+01
    0.10536E+00    0.24802E+01
    0.10749E+00    0.24178E+01
    0.10966E+00    0.23622E+01
    0.11188E+00    0.23127E+01
    0.11414E+00    0.22681E+01
    0.11644E+00    0.22273E+01
    0.11880E+00    0.21887E+01
    0.12120E+00    0.21508E+01
    0.12365E+00    0.21118E+01
    0.12614E+00    0.20706E+01
    0.12869E+00    0.20258E+01
    0.13129E+00    0.19765E+01
    0.13394E+00    0.19223E+01
    0.13665E+00    0.18629E+01
    0.13941E+00    0.17990E+01
    0.14223E+00    0.17314E+01
    0.14510E+00    0.16616E+01
    0.14803E+00    0.15913E+01
    0.15102E+00    0.15221E+01
    0.15407E+00    0.14558E+01
    0.15718E+00    0.13939E+01
    0.16036E+00    0.13378E+01
    0.16360E+00    0.12880E+01
    0.16690E+00    0.12449E+01
    0.17028E+00    0.12080E+01
    0.17371E+00    0.11765E+01
    0.17722E+00    0.11491E+01
    0.18080E+00    0.11242E+01
    0.18446E+00    0.10999E+01
    0.18818E+00    0.10745E+01
    0.19198E+00    0.10466E+01
    0.19586E+00    0.10154E+01
    0.19982E+00    0.98063E+00
    0.20386E+00    0.94271E+00
    0.20797E+00    0.90280E+00
    0.21218E+00    0.86242E+00
    0.21646E+00    0.82322E+00
    0.22083E+00    0.78671E+00
    0.22530E+00    0.75404E+00
    0.22985E+00    0.72568E+00
    0.23449E+00    0.70146E+00
    0.23923E+00    0.68065E+00
    0.24406E+00    0.66201E+00
    0.24899E+00    0.64406E+00
    0.25402E+00    0.62548E+00
    0.25915E+00    0.60534E+00
    0.26439E+00    0.58327E+00
    0.26973E+00    0.55965E+00
    0.27518E+00    0.53535E+00
    0.28074E+00    0.51154E+00
    0.28641E+00    0.48931E+00
    0.29219E+00    0.46938E+00
    0.29810E+00    0.45193E+00
    0.30412E+00    0.43656E+00
    0.31026E+00    0.42246E+00
    0.31653E+00    0.40869E+00
    0.32292E+00    0.39450E+00
    0.32945E+00    0.37954E+00
    0.33610E+00    0.36398E+00
    0.34289E+00    0.34837E+00
    0.34982E+00    0.33343E+00
    0.35689E+00    0.31966E+00
    0.36409E+00    0.30723E+00
    0.37145E+00    0.29592E+00
    0.37895E+00    0.28524E+00
    0.38661E+00    0.27468E+00
    0.39442E+00    0.26396E+00
    0.40239E+00    0.25311E+00
    0.41052E+00    0.24242E+00
    0.41881E+00    0.23224E+00
    0.42727E+00    0.22279E+00
    0.43590E+00    0.21402E+00
    0.44471E+00    0.20572E+00
    0.45369E+00    0.19763E+00
    0.46286E+00    0.18961E+00
    0.47221E+00    0.18170E+00
    0.48174E+00    0.17406E+00
    0.49148E+00    0.16683E+00
    0.50141E+00    0.16002E+00
    0.51153E+00    0.15353E+00
    0.52187E+00    0.14726E+00
    0.53241E+00    0.14113E+00
    0.54317E+00    0.13518E+00
    0.55414E+00    0.12948E+00
    0.56533E+00    0.12406E+00
    0.57675E+00    0.11889E+00
    0.58840E+00    0.11392E+00
    0.60029E+00    0.10913E+00
    0.61242E+00    0.10452E+00
    0.62479E+00    0.10009E+00
    0.63741E+00    0.95822E-01
    0.65029E+00    0.91726E-01
    0.66342E+00    0.87793E-01
    0.67683E+00    0.84019E-01
    0.69050E+00    0.80399E-01
    0.70445E+00    0.76929E-01
    0.71868E+00    0.73604E-01
    0.73320E+00    0.70417E-01
    0.74801E+00    0.67363E-01
    0.76312E+00    0.64436E-01
    0.77854E+00    0.61630E-01
    0.79426E+00    0.58942E-01
    0.81031E+00    0.56365E-01
    0.82668E+00    0.53896E-01
    0.84338E+00    0.51530E-01
    0.86041E+00    0.49262E-01
    0.87780E+00    0.47090E-01
    0.89553E+00    0.45008E-01
    0.91362E+00    0.43014E-01
    0.93208E+00    0.41104E-01
    0.95091E+00    0.39275E-01
    0.97011E+00    0.37524E-01
    0.98971E+00    0.35848E-01
    0.10097E+01    0.34243E-01
    0.10301E+01    0.32708E-01
    0.10509E+01    0.31238E-01
    0.10721E+01    0.29832E-01
    0.10938E+01    0.28487E-01
    0.11159E+01    0.27200E-01
    0.11384E+01    0.25970E-01
    0.11614E+01    0.24792E-01
    0.11849E+01    0.23667E-01
    0.12088E+01    0.22590E-01
    0.12333E+01    0.21561E-01
    0.12582E+01    0.20577E-01
    0.12836E+01    0.19636E-01
    0.13095E+01    0.18737E-01
    0.13360E+01    0.17877E-01
    0.13630E+01    0.17056E-01
    0.13905E+01    0.16271E-01
    0.14186E+01    0.15521E-01
    0.14472E+01    0.14804E-01
    0.14765E+01    0.14120E-01
    0.15063E+01    0.13466E-01
    0.15367E+01    0.12841E-01
    0.15678E+01    0.12245E-01
    0.15994E+01    0.11675E-01
    0.16318E+01    0.11131E-01
    0.16647E+01    0.10612E-01
    0.16984E+01    0.10116E-01
    0.17327E+01    0.96427E-02
    0.17677E+01    0.91908E-02
    0.18034E+01    0.87596E-02
    0.18398E+01    0.83480E-02
    0.18770E+01    0.79552E-02
    0.19149E+01    0.75803E-02
    0.19536E+01    0.72227E-02
    0.19930E+01    0.68814E-02
    0.20333E+01    0.65559E-02
    0.20744E+01    0.62454E-02
    0.21163E+01    0.59491E-02
    0.21590E+01    0.56666E-02
    0.22026E+01    0.53972E-02
    0.22471E+01    0.51402E-02
    0.22925E+01    0.48952E-02
    0.23388E+01    0.46615E-02
    0.23861E+01    0.44388E-02
    0.24343E+01    0.42264E-02
    0.24835E+01    0.40240E-02
    0.25336E+01    0.38310E-02
    0.25848E+01    0.36471E-02
    0.26370E+01    0.34718E-02
    0.26903E+01    0.33047E-02
    0.27447E+01    0.31455E-02
    0.28001E+01    0.29938E-02
    0.28567E+01    0.28492E-02
    0.29144E+01    0.27115E-02
    0.29733E+01    0.25803E-02
    0.30333E+01    0.24553E-02
    0.30946E+01    0.23362E-02
    0.31571E+01    0.22228E-02
    0.32209E+01    0.21147E-02
    0.32860E+01    0.20119E-02
    0.33523E+01    0.19139E-02
    0.34201E+01    0.18206E-02
    0.34892E+01    0.17317E-02
    0.35596E+01    0.16472E-02
    0.36316E+01    0.15666E-02
    0.37049E+01    0.14899E-02
    0.37798E+01    0.14169E-02
    0.38561E+01    0.13475E-02
    0.39340E+01    0.12813E-02
    0.40135E+01    0.12184E-02
    0.40946E+01    0.11584E-02
    0.41773E+01    0.11014E-02
    0.42617E+01    0.10472E-02
    0.43478E+01    0.99551E-03
    0.44356E+01    0.94637E-03
    0.45252E+01    0.89962E-03
    0.46166E+01    0.85513E-03
    0.47099E+01    0.81281E-03
    0.48050E+01    0.77255E-03
    0.49021E+01    0.73425E-03
    0.50011E+01    0.69781E-03
    0.51021E+01    0.66316E-03
    0.52052E+01    0.63020E-03
    0.53104E+01    0.59885E-03
    0.54176E+01    0.56903E-03
    0.55271E+01    0.54068E-03
    0.56387E+01    0.51371E-03
    0.57526E+01    0.48807E-03
    0.58689E+01    0.46370E-03
    0.59874E+01    0.44052E-03
    0.61084E+01    0.41848E-03
    0.62318E+01    0.39752E-03
    0.63577E+01    0.37761E-03
    0.64861E+01    0.35867E-03
    0.66171E+01    0.34067E-03
    0.67508E+01    0.32356E-03
    0.68872E+01    0.30730E-03
    0.70263E+01    0.29184E-03
    0.71682E+01    0.27716E-03
    0.73130E+01    0.26319E-03
    0.74608E+01    0.24993E-03
    0.76115E+01    0.23732E-03
    0.77653E+01    0.22534E-03
    0.79221E+01    0.21396E-03
    0.80822E+01    0.20314E-03
    0.82454E+01    0.19287E-03
    0.84120E+01    0.18310E-03
    0.85819E+01    0.17383E-03
    0.87553E+01    0.16502E-03
    0.89322E+01    0.15665E-03
    0.91126E+01    0.14870E-03
    0.92967E+01    0.14114E-03
    0.94845E+01    0.13397E-03
    0.96761E+01    0.12716E-03
    0.98716E+01    0.12069E-03
    0.10071E+02    0.11454E-03
    0.10274E+02    0.10870E-03
    0.10482E+02    0.10316E-03
    0.10694E+02    0.97898E-04
    0.10910E+02    0.92900E-04
    0.11130E+02    0.88154E-04
    0.11355E+02    0.83648E-04
    0.11584E+02    0.79370E-04
    0.11818E+02    0.75308E-04
    0.12057E+02    0.71452E-04
    0.12301E+02    0.67791E-04
    0.12549E+02    0.64315E-04
    0.12803E+02    0.61016E-04
    0.13061E+02    0.57884E-04
    0.13325E+02    0.54912E-04
    0.13594E+02    0.52090E-04
    0.13869E+02    0.49412E-04
    0.14149E+02    0.46870E-04
    0.14435E+02    0.44457E-04
    0.14727E+02    0.42167E-04
    0.15024E+02    0.39994E-04
    0.15328E+02    0.37932E-04
    0.15637E+02    0.35975E-04
    0.15953E+02    0.34119E-04
    0.16275E+02    0.32357E-04
    0.16604E+02    0.30685E-04
    0.16940E+02    0.29098E-04
    0.17282E+02    0.27593E-04
    0.17631E+02    0.26165E-04
    0.17987E+02    0.24810E-04
    0.18351E+02    0.23525E-04
    0.18721E+02    0.22306E-04
    0.19099E+02    0.21149E-04
    0.19485E+02    0.20052E-04
    0.19879E+02    0.19011E-04
    0.20280E+02    0.18023E-04
    0.20690E+02    0.17087E-04
    0.21108E+02    0.16198E-04
    0.21535E+02    0.15356E-04
    0.21970E+02    0.14557E-04
    0.22413E+02    0.13799E-04
    0.22866E+02    0.13080E-04
    0.23328E+02    0.12398E-04
    0.23799E+02    0.11752E-04
    0.24280E+02    0.11139E-04
    0.24771E+02    0.10557E-04
    0.25271E+02    0.10006E-04
    0.25782E+02    0.94835E-05
    0.26302E+02    0.89879E-05
    0.26834E+02    0.85180E-05
    0.27376E+02    0.80724E-05
    0.27929E+02    0.76499E-05
    0.28493E+02    0.72494E-05
    0.29069E+02    0.68697E-05
    0.29656E+02    0.65097E-05
    0.30255E+02    0.61684E-05
    0.30866E+02    0.58448E-05
    0.31490E+02    0.55381E-05
    0.32126E+02    0.52474E-05
    0.32775E+02    0.49718E-05
    0.33437E+02    0.47106E-05
    0.34112E+02    0.44629E-05
    0.34801E+02    0.42282E-05
    0.35504E+02    0.40058E-05
    0.36222E+02    0.37949E-05
    0.36953E+02    0.35951E-05
    0.37700E+02    0.34057E-05
    0.38462E+02    0.32262E-05
    0.39239E+02    0.30561E-05
    0.40031E+02    0.28949E-05
    0.40840E+02    0.27422E-05
    0.41665E+02    0.25974E-05
    0.42507E+02    0.24602E-05
    0.43365E+02    0.23303E-05
    0.44241E+02    0.22071E-05
    0.45135E+02    0.20904E-05
    0.46047E+02    0.19798E-05
    0.46977E+02    0.18750E-05
    0.47926E+02    0.17758E-05
    0.48894E+02    0.16817E-05
    0.49882E+02    0.15926E-05
    0.50890E+02    0.15082E-05
    0.51918E+02    0.14282E-05
    0.52966E+02    0.13524E-05
    0.54036E+02    0.12806E-05
    0.55128E+02    0.12126E-05
    0.56242E+02    0.11482E-05
    0.57378E+02    0.10872E-05
    0.58537E+02    0.10294E-05
    0.59720E+02    0.97466E-06
    0.60926E+02    0.92280E-06
    0.62157E+02    0.87369E-06
    0.63412E+02    0.82716E-06
    0.64693E+02    0.78310E-06
    0.66000E+02    0.74136E-06
    0.67334E+02    0.70183E-06
    0.68694E+02    0.66440E-06
    0.70082E+02    0.62894E-06
    0.71497E+02    0.59537E-06
    0.72942E+02    0.56357E-06
    0.74415E+02    0.53346E-06
    0.75918E+02    0.50495E-06
    0.77452E+02    0.47794E-06
    0.79017E+02    0.45237E-06
    0.80613E+02    0.42816E-06
    0.82241E+02    0.40523E-06
    0.83903E+02    0.38352E-06
    0.85598E+02    0.36297E-06
    0.87327E+02    0.34351E-06
    0.89091E+02    0.32508E-06
    0.90891E+02    0.30763E-06
    0.92727E+02    0.29112E-06
    0.94600E+02    0.27548E-06
    0.96511E+02    0.26067E-06
    0.98461E+02    0.24666E-06
    0.10045E+03    0.23339E-06
    0.10248E+03    0.22083E-06
    0.10455E+03    0.20894E-06
    0.10666E+03    0.19768E-06
    0.10882E+03    0.18702E-06
    0.11101E+03    0.17694E-06
    0.11326E+03    0.16739E-06
    0.11554E+03    0.15835E-06
    0.11788E+03    0.14980E-06
    0.12026E+03    0.14170E-06
    0.12269E+03    0.13404E-06
    0.12517E+03    0.12679E-06
    0.12770E+03    0.11992E-06
    0.13028E+03    0.11343E-06
    0.13291E+03    0.10728E-06
    0.13559E+03    0.10146E-06
    0.13833E+03    0.95953E-07
    0.14113E+03    0.90743E-07
    0.14398E+03    0.85812E-07
    0.14689E+03    0.81146E-07
    0.14985E+03    0.76732E-07
    0.15288E+03    0.72555E-07
    0.15597E+03    0.68602E-07
    0.15912E+03    0.64863E-07
    0.16233E+03    0.61325E-07
    0.16561E+03    0.57978E-07
    0.16896E+03    0.54811E-07
    0.17237E+03    0.51814E-07
    0.17585E+03    0.48978E-07
    0.17941E+03    0.46295E-07
    0.18303E+03    0.43757E-07
    0.18673E+03    0.41355E-07
    0.19050E+03    0.39082E-07
    0.19435E+03    0.36932E-07
    0.19828E+03    0.34898E-07
    0.20228E+03    0.32975E-07
    0.20637E+03    0.31156E-07
    0.21054E+03    0.29437E-07
    0.21479E+03    0.27811E-07
    0.21913E+03    0.26275E-07
    0.22356E+03    0.24823E-07
    0.22807E+03    0.23451E-07
