    0.10000E-03    0.45373E+03
    0.10202E-03    0.46252E+03
    0.10408E-03    0.47149E+03
    0.10618E-03    0.48062E+03
    0.10833E-03    0.48993E+03
    0.11052E-03    0.49943E+03
    0.11275E-03    0.50911E+03
    0.11503E-03    0.51897E+03
    0.11735E-03    0.52902E+03
    0.11972E-03    0.53927E+03
    0.12214E-03    0.54972E+03
    0.12461E-03    0.56037E+03
    0.12712E-03    0.57123E+03
    0.12969E-03    0.58230E+03
    0.13231E-03    0.59358E+03
    0.13499E-03    0.60507E+03
    0.13771E-03    0.61680E+03
    0.14049E-03    0.62874E+03
    0.14333E-03    0.64092E+03
    0.14623E-03    0.65334E+03
    0.14918E-03    0.66599E+03
    0.15220E-03    0.67889E+03
    0.15527E-03    0.69204E+03
    0.15841E-03    0.70544E+03
    0.16161E-03    0.71910E+03
    0.16487E-03    0.73303E+03
    0.16820E-03    0.74722E+03
    0.17160E-03    0.76169E+03
    0.17507E-03    0.77644E+03
    0.17860E-03    0.79148E+03
    0.18221E-03    0.80680E+03
    0.18589E-03    0.82242E+03
    0.18965E-03    0.83834E+03
    0.19348E-03    0.85457E+03
    0.19739E-03    0.87111E+03
    0.20138E-03    0.88797E+03
    0.20544E-03    0.90516E+03
    0.20959E-03    0.92268E+03
    0.21383E-03    0.94053E+03
    0.21815E-03    0.95873E+03
    0.22255E-03    0.97728E+03
    0.22705E-03    0.99619E+03
    0.23164E-03    0.10155E+04
    0.23632E-03    0.10351E+04
    0.24109E-03    0.10551E+04
    0.24596E-03    0.10755E+04
    0.25093E-03    0.10963E+04
    0.25600E-03    0.11175E+04
    0.26117E-03    0.11391E+04
    0.26645E-03    0.11612E+04
    0.27183E-03    0.11836E+04
    0.27732E-03    0.12065E+04
    0.28292E-03    0.12298E+04
    0.28864E-03    0.12536E+04
    0.29447E-03    0.12778E+04
    0.30042E-03    0.13025E+04
    0.30649E-03    0.13277E+04
    0.31268E-03    0.13533E+04
    0.31899E-03    0.13794E+04
    0.32544E-03    0.14061E+04
    0.33201E-03    0.14332E+04
    0.33872E-03    0.14609E+04
    0.34556E-03    0.14891E+04
    0.35254E-03    0.15178E+04
    0.35966E-03    0.15471E+04
    0.36693E-03    0.15769E+04
    0.37434E-03    0.16074E+04
    0.38190E-03    0.16383E+04
    0.38962E-03    0.16699E+04
    0.39749E-03    0.17021E+04
    0.40552E-03    0.17349E+04
    0.41371E-03    0.17683E+04
    0.42207E-03    0.18024E+04
    0.43060E-03    0.18371E+04
    0.43929E-03    0.18725E+04
    0.44817E-03    0.19085E+04
    0.45722E-03    0.19452E+04
    0.46646E-03    0.19827E+04
    0.47588E-03    0.20208E+04
    0.48550E-03    0.20596E+04
    0.49530E-03    0.20992E+04
    0.50531E-03    0.21395E+04
    0.51552E-03    0.21806E+04
    0.52593E-03    0.22225E+04
    0.53656E-03    0.22652E+04
    0.54739E-03    0.23086E+04
    0.55845E-03    0.23529E+04
    0.56973E-03    0.23980E+04
    0.58124E-03    0.24439E+04
    0.59299E-03    0.24907E+04
    0.60496E-03    0.25384E+04
    0.61719E-03    0.25870E+04
    0.62965E-03    0.26365E+04
    0.64237E-03    0.26869E+04
    0.65535E-03    0.27382E+04
    0.66859E-03    0.27905E+04
    0.68210E-03    0.28438E+04
    0.69588E-03    0.28980E+04
    0.70993E-03    0.29533E+04
    0.72427E-03    0.30096E+04
    0.73891E-03    0.30669E+04
    0.75383E-03    0.31253E+04
    0.76906E-03    0.31847E+04
    0.78460E-03    0.32452E+04
    0.80045E-03    0.33069E+04
    0.81662E-03    0.33696E+04
    0.83311E-03    0.34335E+04
    0.84994E-03    0.34986E+04
    0.86711E-03    0.35648E+04
    0.88463E-03    0.36323E+04
    0.90250E-03    0.37010E+04
    0.92073E-03    0.37709E+04
    0.93933E-03    0.38420E+04
    0.95831E-03    0.39145E+04
    0.97767E-03    0.39882E+04
    0.99742E-03    0.40633E+04
    0.10176E-02    0.41396E+04
    0.10381E-02    0.42174E+04
    0.10591E-02    0.42965E+04
    0.10805E-02    0.43770E+04
    0.11023E-02    0.44589E+04
    0.11246E-02    0.45423E+04
    0.11473E-02    0.46271E+04
    0.11705E-02    0.47134E+04
    0.11941E-02    0.48012E+04
    0.12182E-02    0.48905E+04
    0.12429E-02    0.49813E+04
    0.12680E-02    0.50737E+04
    0.12936E-02    0.51677E+04
    0.13197E-02    0.52632E+04
    0.13464E-02    0.53604E+04
    0.13736E-02    0.54592E+04
    0.14013E-02    0.55597E+04
    0.14296E-02    0.56618E+04
    0.14585E-02    0.57657E+04
    0.14880E-02    0.58712E+04
    0.15180E-02    0.59785E+04
    0.15487E-02    0.60875E+04
    0.15800E-02    0.61983E+04
    0.16119E-02    0.63109E+04
    0.16445E-02    0.64252E+04
    0.16777E-02    0.65414E+04
    0.17116E-02    0.66595E+04
    0.17462E-02    0.67793E+04
    0.17814E-02    0.69011E+04
    0.18174E-02    0.70247E+04
    0.18541E-02    0.71502E+04
    0.18916E-02    0.72777E+04
    0.19298E-02    0.74070E+04
    0.19688E-02    0.75383E+04
    0.20086E-02    0.76716E+04
    0.20491E-02    0.78067E+04
    0.20905E-02    0.79439E+04
    0.21328E-02    0.80830E+04
    0.21758E-02    0.82241E+04
    0.22198E-02    0.83672E+04
    0.22646E-02    0.85124E+04
    0.23104E-02    0.86595E+04
    0.23571E-02    0.88086E+04
    0.24047E-02    0.89597E+04
    0.24533E-02    0.91128E+04
    0.25028E-02    0.92680E+04
    0.25534E-02    0.94251E+04
    0.26050E-02    0.95843E+04
    0.26576E-02    0.97454E+04
    0.27113E-02    0.99086E+04
    0.27660E-02    0.10074E+05
    0.28219E-02    0.10241E+05
    0.28789E-02    0.10410E+05
    0.29371E-02    0.10581E+05
    0.29964E-02    0.10754E+05
    0.30569E-02    0.10929E+05
    0.31187E-02    0.11106E+05
    0.31817E-02    0.11285E+05
    0.32460E-02    0.11466E+05
    0.33115E-02    0.11648E+05
    0.33784E-02    0.11833E+05
    0.34467E-02    0.12019E+05
    0.35163E-02    0.12207E+05
    0.35874E-02    0.12397E+05
    0.36598E-02    0.12588E+05
    0.37338E-02    0.12782E+05
    0.38092E-02    0.12976E+05
    0.38861E-02    0.13173E+05
    0.39646E-02    0.13371E+05
    0.40447E-02    0.13571E+05
    0.41264E-02    0.13772E+05
    0.42098E-02    0.13977E+05
    0.42948E-02    0.14181E+05
    0.43816E-02    0.14387E+05
    0.44701E-02    0.14594E+05
    0.45604E-02    0.14802E+05
    0.46525E-02    0.15011E+05
    0.47465E-02    0.15222E+05
    0.48424E-02    0.15433E+05
    0.49402E-02    0.15646E+05
    0.50400E-02    0.15859E+05
    0.51419E-02    0.16074E+05
    0.52457E-02    0.16288E+05
    0.53517E-02    0.16504E+05
    0.54598E-02    0.16720E+05
    0.55701E-02    0.16937E+05
    0.56826E-02    0.17154E+05
    0.57974E-02    0.17372E+05
    0.59145E-02    0.17590E+05
    0.60340E-02    0.17808E+05
    0.61559E-02    0.18026E+05
    0.62803E-02    0.18244E+05
    0.64072E-02    0.18462E+05
    0.65366E-02    0.18679E+05
    0.66686E-02    0.18896E+05
    0.68033E-02    0.19112E+05
    0.69408E-02    0.19328E+05
    0.70810E-02    0.19543E+05
    0.72240E-02    0.19757E+05
    0.73700E-02    0.19970E+05
    0.75189E-02    0.20181E+05
    0.76708E-02    0.20391E+05
    0.78257E-02    0.20599E+05
    0.79838E-02    0.20806E+05
    0.81451E-02    0.21011E+05
    0.83096E-02    0.21213E+05
    0.84775E-02    0.21414E+05
    0.86488E-02    0.21612E+05
    0.88235E-02    0.21807E+05
    0.90017E-02    0.22000E+05
    0.91836E-02    0.22189E+05
    0.93691E-02    0.22375E+05
    0.95583E-02    0.22558E+05
    0.97514E-02    0.22737E+05
    0.99484E-02    0.22912E+05
    0.10149E-01    0.23083E+05
    0.10354E-01    0.23250E+05
    0.10564E-01    0.23413E+05
    0.10777E-01    0.23570E+05
    0.10995E-01    0.23723E+05
    0.11217E-01    0.23870E+05
    0.11443E-01    0.24012E+05
    0.11675E-01    0.24148E+05
    0.11910E-01    0.24278E+05
    0.12151E-01    0.24402E+05
    0.12397E-01    0.24519E+05
    0.12647E-01    0.24630E+05
    0.12902E-01    0.24733E+05
    0.13163E-01    0.24829E+05
    0.13429E-01    0.24918E+05
    0.13700E-01    0.24999E+05
    0.13977E-01    0.25071E+05
    0.14259E-01    0.25135E+05
    0.14547E-01    0.25191E+05
    0.14841E-01    0.25238E+05
    0.15141E-01    0.25275E+05
    0.15447E-01    0.25303E+05
    0.15759E-01    0.25322E+05
    0.16077E-01    0.25330E+05
    0.16402E-01    0.25329E+05
    0.16734E-01    0.25316E+05
    0.17072E-01    0.25290E+05
    0.17416E-01    0.25254E+05
    0.17768E-01    0.25211E+05
    0.18127E-01    0.25156E+05
    0.18493E-01    0.25090E+05
    0.18867E-01    0.25013E+05
    0.19248E-01    0.24924E+05
    0.19637E-01    0.24823E+05
    0.20034E-01    0.24711E+05
    0.20438E-01    0.24586E+05
    0.20851E-01    0.24450E+05
    0.21272E-01    0.24304E+05
    0.21702E-01    0.24147E+05
    0.22141E-01    0.23977E+05
    0.22588E-01    0.23794E+05
    0.23044E-01    0.23600E+05
    0.23510E-01    0.23395E+05
    0.23985E-01    0.23178E+05
    0.24469E-01    0.22951E+05
    0.24964E-01    0.22714E+05
    0.25468E-01    0.22466E+05
    0.25982E-01    0.22207E+05
    0.26507E-01    0.21939E+05
    0.27043E-01    0.21663E+05
    0.27589E-01    0.21379E+05
    0.28146E-01    0.21087E+05
    0.28715E-01    0.20787E+05
    0.29295E-01    0.20481E+05
    0.29887E-01    0.20169E+05
    0.30490E-01    0.19852E+05
    0.31106E-01    0.19531E+05
    0.31735E-01    0.19205E+05
    0.32376E-01    0.18877E+05
    0.33030E-01    0.18546E+05
    0.33697E-01    0.18215E+05
    0.34378E-01    0.17882E+05
    0.35072E-01    0.17551E+05
    0.35781E-01    0.17221E+05
    0.36504E-01    0.16893E+05
    0.37241E-01    0.16568E+05
    0.37993E-01    0.16247E+05
    0.38761E-01    0.15932E+05
    0.39544E-01    0.15621E+05
    0.40343E-01    0.15318E+05
    0.41158E-01    0.15021E+05
    0.41989E-01    0.14732E+05
    0.42838E-01    0.14451E+05
    0.43703E-01    0.14180E+05
    0.44586E-01    0.13917E+05
    0.45486E-01    0.13664E+05
    0.46405E-01    0.13421E+05
    0.47343E-01    0.13188E+05
    0.48299E-01    0.12964E+05
    0.49275E-01    0.12751E+05
    0.50270E-01    0.12547E+05
    0.51286E-01    0.12353E+05
    0.52322E-01    0.12167E+05
    0.53379E-01    0.11989E+05
    0.54457E-01    0.11818E+05
    0.55557E-01    0.11654E+05
    0.56680E-01    0.11495E+05
    0.57825E-01    0.11340E+05
    0.58993E-01    0.11188E+05
    0.60184E-01    0.11037E+05
    0.61400E-01    0.10886E+05
    0.62641E-01    0.10733E+05
    0.63906E-01    0.10577E+05
    0.65197E-01    0.10416E+05
    0.66514E-01    0.10249E+05
    0.67858E-01    0.10075E+05
    0.69229E-01    0.98917E+04
    0.70627E-01    0.96989E+04
    0.72054E-01    0.95108E+04
    0.73510E-01    0.92979E+04
    0.74994E-01    0.90746E+04
    0.76509E-01    0.88410E+04
    0.78055E-01    0.85981E+04
    0.79632E-01    0.83469E+04
    0.81241E-01    0.80890E+04
    0.82882E-01    0.78267E+04
    0.84556E-01    0.75616E+04
    0.86264E-01    0.72960E+04
    0.88007E-01    0.70328E+04
    0.89785E-01    0.67746E+04
    0.91598E-01    0.65241E+04
    0.93449E-01    0.62836E+04
    0.95337E-01    0.60555E+04
    0.97263E-01    0.58417E+04
    0.99227E-01    0.56437E+04
    0.10123E+00    0.54624E+04
    0.10328E+00    0.52983E+04
    0.10536E+00    0.51512E+04
    0.10749E+00    0.50203E+04
    0.10966E+00    0.49044E+04
    0.11188E+00    0.48015E+04
    0.11414E+00    0.47091E+04
    0.11644E+00    0.46243E+04
    0.11880E+00    0.45440E+04
    0.12120E+00    0.44647E+04
    0.12365E+00    0.43831E+04
    0.12614E+00    0.42960E+04
    0.12869E+00    0.42013E+04
    0.13129E+00    0.40965E+04
    0.13394E+00    0.39802E+04
    0.13665E+00    0.38531E+04
    0.13941E+00    0.37161E+04
    0.14223E+00    0.35716E+04
    0.14510E+00    0.34227E+04
    0.14803E+00    0.32731E+04
    0.15102E+00    0.31267E+04
    0.15407E+00    0.29873E+04
    0.15718E+00    0.28580E+04
    0.16036E+00    0.27413E+04
    0.16360E+00    0.26386E+04
    0.16690E+00    0.25501E+04
    0.17028E+00    0.24750E+04
    0.17371E+00    0.24110E+04
    0.17722E+00    0.23555E+04
    0.18080E+00    0.23047E+04
    0.18446E+00    0.22548E+04
    0.18818E+00    0.22022E+04
    0.19198E+00    0.21439E+04
    0.19586E+00    0.20783E+04
    0.19982E+00    0.20050E+04
    0.20386E+00    0.19253E+04
    0.20797E+00    0.18417E+04
    0.21218E+00    0.17574E+04
    0.21646E+00    0.16761E+04
    0.22083E+00    0.16008E+04
    0.22530E+00    0.15339E+04
    0.22985E+00    0.14762E+04
    0.23449E+00    0.14272E+04
    0.23923E+00    0.13852E+04
    0.24406E+00    0.13474E+04
    0.24899E+00    0.13107E+04
    0.25402E+00    0.12724E+04
    0.25915E+00    0.12305E+04
    0.26439E+00    0.11846E+04
    0.26973E+00    0.11355E+04
    0.27518E+00    0.10852E+04
    0.28074E+00    0.10364E+04
    0.28641E+00    0.99105E+03
    0.29219E+00    0.95067E+03
    0.29810E+00    0.91541E+03
    0.30412E+00    0.88432E+03
    0.31026E+00    0.85567E+03
    0.31653E+00    0.82752E+03
    0.32292E+00    0.79833E+03
    0.32945E+00    0.76752E+03
    0.33610E+00    0.73554E+03
    0.34289E+00    0.70362E+03
    0.34982E+00    0.67320E+03
    0.35689E+00    0.64534E+03
    0.36409E+00    0.62028E+03
    0.37145E+00    0.59743E+03
    0.37895E+00    0.57572E+03
    0.38661E+00    0.55414E+03
    0.39442E+00    0.53221E+03
    0.40239E+00    0.51007E+03
    0.41052E+00    0.48836E+03
    0.41881E+00    0.46777E+03
    0.42727E+00    0.44868E+03
    0.43590E+00    0.43097E+03
    0.44471E+00    0.41416E+03
    0.45369E+00    0.39773E+03
    0.46286E+00    0.38143E+03
    0.47221E+00    0.36538E+03
    0.48174E+00    0.34993E+03
    0.49148E+00    0.33535E+03
    0.50141E+00    0.32160E+03
    0.51153E+00    0.30849E+03
    0.52187E+00    0.29578E+03
    0.53241E+00    0.28339E+03
    0.54317E+00    0.27137E+03
    0.55414E+00    0.25987E+03
    0.56533E+00    0.24895E+03
    0.57675E+00    0.23853E+03
    0.58840E+00    0.22850E+03
    0.60029E+00    0.21885E+03
    0.61242E+00    0.20955E+03
    0.62479E+00    0.20062E+03
    0.63741E+00    0.19203E+03
    0.65029E+00    0.18378E+03
    0.66342E+00    0.17586E+03
    0.67683E+00    0.16826E+03
    0.69050E+00    0.16098E+03
    0.70445E+00    0.15400E+03
    0.71868E+00    0.14731E+03
    0.73320E+00    0.14090E+03
    0.74801E+00    0.13476E+03
    0.76312E+00    0.12888E+03
    0.77854E+00    0.12325E+03
    0.79426E+00    0.11785E+03
    0.81031E+00    0.11268E+03
    0.82668E+00    0.10772E+03
    0.84338E+00    0.10297E+03
    0.86041E+00    0.98420E+02
    0.87780E+00    0.94062E+02
    0.89553E+00    0.89887E+02
    0.91362E+00    0.85889E+02
    0.93208E+00    0.82061E+02
    0.95091E+00    0.78396E+02
    0.97011E+00    0.74887E+02
    0.98971E+00    0.71529E+02
    0.10097E+01    0.68316E+02
    0.10301E+01    0.65242E+02
    0.10509E+01    0.62300E+02
    0.10721E+01    0.59487E+02
    0.10938E+01    0.56795E+02
    0.11159E+01    0.54221E+02
    0.11384E+01    0.51760E+02
    0.11614E+01    0.49406E+02
    0.11849E+01    0.47155E+02
    0.12088E+01    0.45004E+02
    0.12333E+01    0.42947E+02
    0.12582E+01    0.40980E+02
    0.12836E+01    0.39101E+02
    0.13095E+01    0.37305E+02
    0.13360E+01    0.35588E+02
    0.13630E+01    0.33948E+02
    0.13905E+01    0.32381E+02
    0.14186E+01    0.30884E+02
    0.14472E+01    0.29454E+02
    0.14765E+01    0.28088E+02
    0.15063E+01    0.26784E+02
    0.15367E+01    0.25538E+02
    0.15678E+01    0.24348E+02
    0.15994E+01    0.23213E+02
    0.16318E+01    0.22128E+02
    0.16647E+01    0.21093E+02
    0.16984E+01    0.20105E+02
    0.17327E+01    0.19161E+02
    0.17677E+01    0.18261E+02
    0.18034E+01    0.17402E+02
    0.18398E+01    0.16582E+02
    0.18770E+01    0.15800E+02
    0.19149E+01    0.15054E+02
    0.19536E+01    0.14342E+02
    0.19930E+01    0.13663E+02
    0.20333E+01    0.13015E+02
    0.20744E+01    0.12397E+02
    0.21163E+01    0.11807E+02
    0.21590E+01    0.11245E+02
    0.22026E+01    0.10709E+02
    0.22471E+01    0.10198E+02
    0.22925E+01    0.97111E+01
    0.23388E+01    0.92465E+01
    0.23861E+01    0.88037E+01
    0.24343E+01    0.83816E+01
    0.24835E+01    0.79792E+01
    0.25336E+01    0.75957E+01
    0.25848E+01    0.72303E+01
    0.26370E+01    0.68820E+01
    0.26903E+01    0.65501E+01
    0.27447E+01    0.62339E+01
    0.28001E+01    0.59326E+01
    0.28567E+01    0.56455E+01
    0.29144E+01    0.53721E+01
    0.29733E+01    0.51116E+01
    0.30333E+01    0.48635E+01
    0.30946E+01    0.46271E+01
    0.31571E+01    0.44021E+01
    0.32209E+01    0.41877E+01
    0.32860E+01    0.39836E+01
    0.33523E+01    0.37892E+01
    0.34201E+01    0.36042E+01
    0.34892E+01    0.34280E+01
    0.35596E+01    0.32602E+01
    0.36316E+01    0.31005E+01
    0.37049E+01    0.29485E+01
    0.37798E+01    0.28038E+01
    0.38561E+01    0.26660E+01
    0.39340E+01    0.25349E+01
    0.40135E+01    0.24101E+01
    0.40946E+01    0.22914E+01
    0.41773E+01    0.21784E+01
    0.42617E+01    0.20709E+01
    0.43478E+01    0.19686E+01
    0.44356E+01    0.18713E+01
    0.45252E+01    0.17787E+01
    0.46166E+01    0.16906E+01
    0.47099E+01    0.16068E+01
    0.48050E+01    0.15270E+01
    0.49021E+01    0.14512E+01
    0.50011E+01    0.13791E+01
    0.51021E+01    0.13105E+01
    0.52052E+01    0.12452E+01
    0.53104E+01    0.11832E+01
    0.54176E+01    0.11242E+01
    0.55271E+01    0.10681E+01
    0.56387E+01    0.10147E+01
    0.57526E+01    0.96402E+00
    0.58689E+01    0.91579E+00
    0.59874E+01    0.86994E+00
    0.61084E+01    0.82635E+00
    0.62318E+01    0.78491E+00
    0.63577E+01    0.74553E+00
    0.64861E+01    0.70809E+00
    0.66171E+01    0.67250E+00
    0.67508E+01    0.63868E+00
    0.68872E+01    0.60653E+00
    0.70263E+01    0.57598E+00
    0.71682E+01    0.54695E+00
    0.73130E+01    0.51936E+00
    0.74608E+01    0.49314E+00
    0.76115E+01    0.46823E+00
    0.77653E+01    0.44456E+00
    0.79221E+01    0.42207E+00
    0.80822E+01    0.40070E+00
    0.82454E+01    0.38041E+00
    0.84120E+01    0.36112E+00
    0.85819E+01    0.34281E+00
    0.87553E+01    0.32540E+00
    0.89322E+01    0.30888E+00
    0.91126E+01    0.29318E+00
    0.92967E+01    0.27827E+00
    0.94845E+01    0.26410E+00
    0.96761E+01    0.25065E+00
    0.98716E+01    0.23788E+00
    0.10071E+02    0.22575E+00
    0.10274E+02    0.21423E+00
    0.10482E+02    0.20329E+00
    0.10694E+02    0.19291E+00
    0.10910E+02    0.18304E+00
    0.11130E+02    0.17368E+00
    0.11355E+02    0.16479E+00
    0.11584E+02    0.15635E+00
    0.11818E+02    0.14834E+00
    0.12057E+02    0.14073E+00
    0.12301E+02    0.13351E+00
    0.12549E+02    0.12666E+00
    0.12803E+02    0.12015E+00
    0.13061E+02    0.11398E+00
    0.13325E+02    0.10811E+00
    0.13594E+02    0.10255E+00
    0.13869E+02    0.97271E-01
    0.14149E+02    0.92260E-01
    0.14435E+02    0.87504E-01
    0.14727E+02    0.82991E-01
    0.15024E+02    0.78709E-01
    0.15328E+02    0.74645E-01
    0.15637E+02    0.70788E-01
    0.15953E+02    0.67129E-01
    0.16275E+02    0.63658E-01
    0.16604E+02    0.60364E-01
    0.16940E+02    0.57238E-01
    0.17282E+02    0.54273E-01
    0.17631E+02    0.51460E-01
    0.17987E+02    0.48791E-01
    0.18351E+02    0.46260E-01
    0.18721E+02    0.43858E-01
    0.19099E+02    0.41580E-01
    0.19485E+02    0.39419E-01
    0.19879E+02    0.37370E-01
    0.20280E+02    0.35426E-01
    0.20690E+02    0.33582E-01
    0.21108E+02    0.31833E-01
    0.21535E+02    0.30175E-01
    0.21970E+02    0.28602E-01
    0.22413E+02    0.27110E-01
    0.22866E+02    0.25695E-01
    0.23328E+02    0.24354E-01
    0.23799E+02    0.23082E-01
    0.24280E+02    0.21875E-01
    0.24771E+02    0.20731E-01
    0.25271E+02    0.19647E-01
    0.25782E+02    0.18619E-01
    0.26302E+02    0.17644E-01
    0.26834E+02    0.16719E-01
    0.27376E+02    0.15843E-01
    0.27929E+02    0.15012E-01
    0.28493E+02    0.14224E-01
    0.29069E+02    0.13477E-01
    0.29656E+02    0.12770E-01
    0.30255E+02    0.12099E-01
    0.30866E+02    0.11462E-01
    0.31490E+02    0.10859E-01
    0.32126E+02    0.10288E-01
    0.32775E+02    0.97462E-02
    0.33437E+02    0.92328E-02
    0.34112E+02    0.87462E-02
    0.34801E+02    0.82849E-02
    0.35504E+02    0.78478E-02
    0.36222E+02    0.74335E-02
    0.36953E+02    0.70409E-02
    0.37700E+02    0.66689E-02
    0.38462E+02    0.63163E-02
    0.39239E+02    0.59822E-02
    0.40031E+02    0.56656E-02
    0.40840E+02    0.53656E-02
    0.41665E+02    0.50813E-02
    0.42507E+02    0.48120E-02
    0.43365E+02    0.45568E-02
    0.44241E+02    0.43150E-02
    0.45135E+02    0.40859E-02
    0.46047E+02    0.38689E-02
    0.46977E+02    0.36632E-02
    0.47926E+02    0.34684E-02
    0.48894E+02    0.32839E-02
    0.49882E+02    0.31091E-02
    0.50890E+02    0.29435E-02
    0.51918E+02    0.27866E-02
    0.52966E+02    0.26380E-02
    0.54036E+02    0.24972E-02
    0.55128E+02    0.23639E-02
    0.56242E+02    0.22376E-02
    0.57378E+02    0.21180E-02
    0.58537E+02    0.20047E-02
    0.59720E+02    0.18974E-02
    0.60926E+02    0.17958E-02
    0.62157E+02    0.16995E-02
    0.63412E+02    0.16084E-02
    0.64693E+02    0.15221E-02
    0.66000E+02    0.14403E-02
    0.67334E+02    0.13629E-02
    0.68694E+02    0.12897E-02
    0.70082E+02    0.12203E-02
    0.71497E+02    0.11545E-02
    0.72942E+02    0.10923E-02
    0.74415E+02    0.10334E-02
    0.75918E+02    0.97764E-03
    0.77452E+02    0.92483E-03
    0.79017E+02    0.87483E-03
    0.80613E+02    0.82750E-03
    0.82241E+02    0.78269E-03
    0.83903E+02    0.74028E-03
    0.85598E+02    0.70012E-03
    0.87327E+02    0.66211E-03
    0.89091E+02    0.62613E-03
    0.90891E+02    0.59208E-03
    0.92727E+02    0.55984E-03
    0.94600E+02    0.52933E-03
    0.96511E+02    0.50046E-03
    0.98461E+02    0.47313E-03
    0.10045E+03    0.44727E-03
    0.10248E+03    0.42279E-03
    0.10455E+03    0.39963E-03
    0.10666E+03    0.37771E-03
    0.10882E+03    0.35697E-03
    0.11101E+03    0.33735E-03
    0.11326E+03    0.31878E-03
    0.11554E+03    0.30122E-03
    0.11788E+03    0.28459E-03
    0.12026E+03    0.26887E-03
    0.12269E+03    0.25399E-03
    0.12517E+03    0.23991E-03
    0.12770E+03    0.22660E-03
    0.13028E+03    0.21400E-03
    0.13291E+03    0.20209E-03
    0.13559E+03    0.19082E-03
    0.13833E+03    0.18017E-03
    0.14113E+03    0.17009E-03
    0.14398E+03    0.16056E-03
    0.14689E+03    0.15155E-03
    0.14985E+03    0.14304E-03
    0.15288E+03    0.13499E-03
    0.15597E+03    0.12737E-03
    0.15912E+03    0.12018E-03
    0.16233E+03    0.11338E-03
    0.16561E+03    0.10695E-03
    0.16896E+03    0.10087E-03
    0.17237E+03    0.95123E-04
    0.17585E+03    0.89690E-04
    0.17941E+03    0.84553E-04
    0.18303E+03    0.79696E-04
    0.18673E+03    0.75104E-04
    0.19050E+03    0.70763E-04
    0.19435E+03    0.66661E-04
    0.19828E+03    0.62785E-04
    0.20228E+03    0.59127E-04
    0.20637E+03    0.55674E-04
    0.21054E+03    0.52417E-04
    0.21479E+03    0.49347E-04
    0.21913E+03    0.46453E-04
    0.22356E+03    0.43727E-04
    0.22807E+03    0.41159E-04
