    0.10000E-03    0.16599E+00
    0.10202E-03    0.16921E+00
    0.10408E-03    0.17249E+00
    0.10618E-03    0.17583E+00
    0.10833E-03    0.17924E+00
    0.11052E-03    0.18271E+00
    0.11275E-03    0.18625E+00
    0.11503E-03    0.18986E+00
    0.11735E-03    0.19354E+00
    0.11972E-03    0.19729E+00
    0.12214E-03    0.20112E+00
    0.12461E-03    0.20501E+00
    0.12712E-03    0.20899E+00
    0.12969E-03    0.21304E+00
    0.13231E-03    0.21717E+00
    0.13499E-03    0.22138E+00
    0.13771E-03    0.22567E+00
    0.14049E-03    0.23004E+00
    0.14333E-03    0.23450E+00
    0.14623E-03    0.23904E+00
    0.14918E-03    0.24368E+00
    0.15220E-03    0.24840E+00
    0.15527E-03    0.25321E+00
    0.15841E-03    0.25812E+00
    0.16161E-03    0.26312E+00
    0.16487E-03    0.26822E+00
    0.16820E-03    0.27342E+00
    0.17160E-03    0.27872E+00
    0.17507E-03    0.28412E+00
    0.17860E-03    0.28962E+00
    0.18221E-03    0.29524E+00
    0.18589E-03    0.30096E+00
    0.18965E-03    0.30679E+00
    0.19348E-03    0.31273E+00
    0.19739E-03    0.31879E+00
    0.20138E-03    0.32497E+00
    0.20544E-03    0.33126E+00
    0.20959E-03    0.33768E+00
    0.21383E-03    0.34423E+00
    0.21815E-03    0.35089E+00
    0.22255E-03    0.35769E+00
    0.22705E-03    0.36462E+00
    0.23164E-03    0.37169E+00
    0.23632E-03    0.37889E+00
    0.24109E-03    0.38622E+00
    0.24596E-03    0.39371E+00
    0.25093E-03    0.40133E+00
    0.25600E-03    0.40911E+00
    0.26117E-03    0.41703E+00
    0.26645E-03    0.42511E+00
    0.27183E-03    0.43334E+00
    0.27732E-03    0.44173E+00
    0.28292E-03    0.45029E+00
    0.28864E-03    0.45901E+00
    0.29447E-03    0.46789E+00
    0.30042E-03    0.47695E+00
    0.30649E-03    0.48619E+00
    0.31268E-03    0.49560E+00
    0.31899E-03    0.50520E+00
    0.32544E-03    0.51498E+00
    0.33201E-03    0.52495E+00
    0.33872E-03    0.53511E+00
    0.34556E-03    0.54547E+00
    0.35254E-03    0.55602E+00
    0.35966E-03    0.56678E+00
    0.36693E-03    0.57775E+00
    0.37434E-03    0.58893E+00
    0.38190E-03    0.60033E+00
    0.38962E-03    0.61194E+00
    0.39749E-03    0.62378E+00
    0.40552E-03    0.63585E+00
    0.41371E-03    0.64815E+00
    0.42207E-03    0.66069E+00
    0.43060E-03    0.67346E+00
    0.43929E-03    0.68649E+00
    0.44817E-03    0.69976E+00
    0.45722E-03    0.71329E+00
    0.46646E-03    0.72708E+00
    0.47588E-03    0.74113E+00
    0.48550E-03    0.75546E+00
    0.49530E-03    0.77006E+00
    0.50531E-03    0.78494E+00
    0.51552E-03    0.80010E+00
    0.52593E-03    0.81556E+00
    0.53656E-03    0.83131E+00
    0.54739E-03    0.84736E+00
    0.55845E-03    0.86372E+00
    0.56973E-03    0.88040E+00
    0.58124E-03    0.89739E+00
    0.59299E-03    0.91471E+00
    0.60496E-03    0.93236E+00
    0.61719E-03    0.95035E+00
    0.62965E-03    0.96868E+00
    0.64237E-03    0.98736E+00
    0.65535E-03    0.10064E+01
    0.66859E-03    0.10258E+01
    0.68210E-03    0.10456E+01
    0.69588E-03    0.10657E+01
    0.70993E-03    0.10862E+01
    0.72427E-03    0.11071E+01
    0.73891E-03    0.11285E+01
    0.75383E-03    0.11502E+01
    0.76906E-03    0.11723E+01
    0.78460E-03    0.11949E+01
    0.80045E-03    0.12178E+01
    0.81662E-03    0.12412E+01
    0.83311E-03    0.12651E+01
    0.84994E-03    0.12894E+01
    0.86711E-03    0.13142E+01
    0.88463E-03    0.13394E+01
    0.90250E-03    0.13651E+01
    0.92073E-03    0.13913E+01
    0.93933E-03    0.14179E+01
    0.95831E-03    0.14451E+01
    0.97767E-03    0.14728E+01
    0.99742E-03    0.15010E+01
    0.10176E-02    0.15297E+01
    0.10381E-02    0.15589E+01
    0.10591E-02    0.15887E+01
    0.10805E-02    0.16191E+01
    0.11023E-02    0.16500E+01
    0.11246E-02    0.16815E+01
    0.11473E-02    0.17135E+01
    0.11705E-02    0.17462E+01
    0.11941E-02    0.17794E+01
    0.12182E-02    0.18133E+01
    0.12429E-02    0.18477E+01
    0.12680E-02    0.18828E+01
    0.12936E-02    0.19186E+01
    0.13197E-02    0.19549E+01
    0.13464E-02    0.19920E+01
    0.13736E-02    0.20297E+01
    0.14013E-02    0.20681E+01
    0.14296E-02    0.21072E+01
    0.14585E-02    0.21469E+01
    0.14880E-02    0.21874E+01
    0.15180E-02    0.22286E+01
    0.15487E-02    0.22705E+01
    0.15800E-02    0.23132E+01
    0.16119E-02    0.23566E+01
    0.16445E-02    0.24007E+01
    0.16777E-02    0.24457E+01
    0.17116E-02    0.24914E+01
    0.17462E-02    0.25379E+01
    0.17814E-02    0.25851E+01
    0.18174E-02    0.26332E+01
    0.18541E-02    0.26821E+01
    0.18916E-02    0.27319E+01
    0.19298E-02    0.27824E+01
    0.19688E-02    0.28338E+01
    0.20086E-02    0.28861E+01
    0.20491E-02    0.29392E+01
    0.20905E-02    0.29931E+01
    0.21328E-02    0.30480E+01
    0.21758E-02    0.31037E+01
    0.22198E-02    0.31603E+01
    0.22646E-02    0.32178E+01
    0.23104E-02    0.32762E+01
    0.23571E-02    0.33356E+01
    0.24047E-02    0.33958E+01
    0.24533E-02    0.34569E+01
    0.25028E-02    0.35190E+01
    0.25534E-02    0.35820E+01
    0.26050E-02    0.36459E+01
    0.26576E-02    0.37108E+01
    0.27113E-02    0.37765E+01
    0.27660E-02    0.38433E+01
    0.28219E-02    0.39109E+01
    0.28789E-02    0.39795E+01
    0.29371E-02    0.40490E+01
    0.29964E-02    0.41195E+01
    0.30569E-02    0.41909E+01
    0.31187E-02    0.42632E+01
    0.31817E-02    0.43364E+01
    0.32460E-02    0.44106E+01
    0.33115E-02    0.44856E+01
    0.33784E-02    0.45616E+01
    0.34467E-02    0.46385E+01
    0.35163E-02    0.47162E+01
    0.35874E-02    0.47948E+01
    0.36598E-02    0.48743E+01
    0.37338E-02    0.49546E+01
    0.38092E-02    0.50358E+01
    0.38861E-02    0.51177E+01
    0.39646E-02    0.52005E+01
    0.40447E-02    0.52841E+01
    0.41264E-02    0.53684E+01
    0.42098E-02    0.54535E+01
    0.42948E-02    0.55393E+01
    0.43816E-02    0.56257E+01
    0.44701E-02    0.57129E+01
    0.45604E-02    0.58007E+01
    0.46525E-02    0.58891E+01
    0.47465E-02    0.59781E+01
    0.48424E-02    0.60677E+01
    0.49402E-02    0.61578E+01
    0.50400E-02    0.62484E+01
    0.51419E-02    0.63395E+01
    0.52457E-02    0.64309E+01
    0.53517E-02    0.65228E+01
    0.54598E-02    0.66150E+01
    0.55701E-02    0.67076E+01
    0.56826E-02    0.68004E+01
    0.57974E-02    0.68934E+01
    0.59145E-02    0.69867E+01
    0.60340E-02    0.70800E+01
    0.61559E-02    0.71735E+01
    0.62803E-02    0.72670E+01
    0.64072E-02    0.73606E+01
    0.65366E-02    0.74541E+01
    0.66686E-02    0.75475E+01
    0.68033E-02    0.76408E+01
    0.69408E-02    0.77338E+01
    0.70810E-02    0.78267E+01
    0.72240E-02    0.79192E+01
    0.73700E-02    0.80114E+01
    0.75189E-02    0.81031E+01
    0.76708E-02    0.81944E+01
    0.78257E-02    0.82851E+01
    0.79838E-02    0.83752E+01
    0.81451E-02    0.84647E+01
    0.83096E-02    0.85534E+01
    0.84775E-02    0.86414E+01
    0.86488E-02    0.87284E+01
    0.88235E-02    0.88145E+01
    0.90017E-02    0.88995E+01
    0.91836E-02    0.89835E+01
    0.93691E-02    0.90662E+01
    0.95583E-02    0.91477E+01
    0.97514E-02    0.92278E+01
    0.99484E-02    0.93064E+01
    0.10149E-01    0.93834E+01
    0.10354E-01    0.94589E+01
    0.10564E-01    0.95325E+01
    0.10777E-01    0.96043E+01
    0.10995E-01    0.96742E+01
    0.11217E-01    0.97420E+01
    0.11443E-01    0.98076E+01
    0.11675E-01    0.98710E+01
    0.11910E-01    0.99319E+01
    0.12151E-01    0.99904E+01
    0.12397E-01    0.10046E+02
    0.12647E-01    0.10099E+02
    0.12902E-01    0.10150E+02
    0.13163E-01    0.10197E+02
    0.13429E-01    0.10241E+02
    0.13700E-01    0.10283E+02
    0.13977E-01    0.10320E+02
    0.14259E-01    0.10355E+02
    0.14547E-01    0.10386E+02
    0.14841E-01    0.10413E+02
    0.15141E-01    0.10437E+02
    0.15447E-01    0.10457E+02
    0.15759E-01    0.10472E+02
    0.16077E-01    0.10484E+02
    0.16402E-01    0.10492E+02
    0.16734E-01    0.10495E+02
    0.17072E-01    0.10494E+02
    0.17416E-01    0.10488E+02
    0.17768E-01    0.10478E+02
    0.18127E-01    0.10464E+02
    0.18493E-01    0.10444E+02
    0.18867E-01    0.10420E+02
    0.19248E-01    0.10391E+02
    0.19637E-01    0.10357E+02
    0.20034E-01    0.10318E+02
    0.20438E-01    0.10274E+02
    0.20851E-01    0.10225E+02
    0.21272E-01    0.10171E+02
    0.21702E-01    0.10112E+02
    0.22141E-01    0.10049E+02
    0.22588E-01    0.99796E+01
    0.23044E-01    0.99058E+01
    0.23510E-01    0.98271E+01
    0.23985E-01    0.97436E+01
    0.24469E-01    0.96554E+01
    0.24964E-01    0.95626E+01
    0.25468E-01    0.94653E+01
    0.25982E-01    0.93636E+01
    0.26507E-01    0.92578E+01
    0.27043E-01    0.91479E+01
    0.27589E-01    0.90343E+01
    0.28146E-01    0.89170E+01
    0.28715E-01    0.87964E+01
    0.29295E-01    0.86727E+01
    0.29887E-01    0.85462E+01
    0.30490E-01    0.84172E+01
    0.31106E-01    0.82859E+01
    0.31735E-01    0.81527E+01
    0.32376E-01    0.80180E+01
    0.33030E-01    0.78820E+01
    0.33697E-01    0.77451E+01
    0.34378E-01    0.76078E+01
    0.35072E-01    0.74703E+01
    0.35781E-01    0.73330E+01
    0.36504E-01    0.71964E+01
    0.37241E-01    0.70608E+01
    0.37993E-01    0.69265E+01
    0.38761E-01    0.67939E+01
    0.39544E-01    0.66634E+01
    0.40343E-01    0.65353E+01
    0.41158E-01    0.64100E+01
    0.41989E-01    0.62876E+01
    0.42838E-01    0.61686E+01
    0.43703E-01    0.60530E+01
    0.44586E-01    0.59412E+01
    0.45486E-01    0.58333E+01
    0.46405E-01    0.57294E+01
    0.47343E-01    0.56296E+01
    0.48299E-01    0.55340E+01
    0.49275E-01    0.54425E+01
    0.50270E-01    0.53551E+01
    0.51286E-01    0.52716E+01
    0.52322E-01    0.51919E+01
    0.53379E-01    0.51157E+01
    0.54457E-01    0.50427E+01
    0.55557E-01    0.49726E+01
    0.56680E-01    0.49050E+01
    0.57825E-01    0.48394E+01
    0.58993E-01    0.47752E+01
    0.60184E-01    0.47119E+01
    0.61400E-01    0.46489E+01
    0.62641E-01    0.45856E+01
    0.63906E-01    0.45212E+01
    0.65197E-01    0.44553E+01
    0.66514E-01    0.43871E+01
    0.67858E-01    0.43161E+01
    0.69229E-01    0.42417E+01
    0.70627E-01    0.41635E+01
    0.72054E-01    0.40811E+01
    0.73510E-01    0.39943E+01
    0.74994E-01    0.39030E+01
    0.76509E-01    0.38072E+01
    0.78055E-01    0.37071E+01
    0.79632E-01    0.36031E+01
    0.81241E-01    0.34958E+01
    0.82882E-01    0.33859E+01
    0.84556E-01    0.32742E+01
    0.86264E-01    0.31618E+01
    0.88007E-01    0.30496E+01
    0.89785E-01    0.29389E+01
    0.91598E-01    0.28306E+01
    0.93449E-01    0.27258E+01
    0.95337E-01    0.26257E+01
    0.97263E-01    0.25311E+01
    0.99227E-01    0.24427E+01
    0.10123E+00    0.23611E+01
    0.10328E+00    0.22866E+01
    0.10536E+00    0.22194E+01
    0.10749E+00    0.21593E+01
    0.10966E+00    0.21059E+01
    0.11188E+00    0.20586E+01
    0.11414E+00    0.20164E+01
    0.11644E+00    0.19783E+01
    0.11880E+00    0.19431E+01
    0.12120E+00    0.19093E+01
    0.12365E+00    0.18753E+01
    0.12614E+00    0.18399E+01
    0.12869E+00    0.18018E+01
    0.13129E+00    0.17600E+01
    0.13394E+00    0.17140E+01
    0.13665E+00    0.16632E+01
    0.13941E+00    0.16081E+01
    0.14223E+00    0.15490E+01
    0.14510E+00    0.14873E+01
    0.14803E+00    0.14243E+01
    0.15102E+00    0.13615E+01
    0.15407E+00    0.13005E+01
    0.15718E+00    0.12429E+01
    0.16036E+00    0.11898E+01
    0.16360E+00    0.11423E+01
    0.16690E+00    0.11007E+01
    0.17028E+00    0.10649E+01
    0.17371E+00    0.10345E+01
    0.17722E+00    0.10085E+01
    0.18080E+00    0.98558E+00
    0.18446E+00    0.96412E+00
    0.18818E+00    0.94255E+00
    0.19198E+00    0.91944E+00
    0.19586E+00    0.89378E+00
    0.19982E+00    0.86502E+00
    0.20386E+00    0.83320E+00
    0.20797E+00    0.79903E+00
    0.21218E+00    0.76370E+00
    0.21646E+00    0.72860E+00
    0.22083E+00    0.69515E+00
    0.22530E+00    0.66455E+00
    0.22985E+00    0.63756E+00
    0.23449E+00    0.61433E+00
    0.23923E+00    0.59448E+00
    0.24406E+00    0.57718E+00
    0.24899E+00    0.56124E+00
    0.25402E+00    0.54541E+00
    0.25915E+00    0.52870E+00
    0.26439E+00    0.51049E+00
    0.26973E+00    0.49074E+00
    0.27518E+00    0.46999E+00
    0.28074E+00    0.44910E+00
    0.28641E+00    0.42905E+00
    0.29219E+00    0.41065E+00
    0.29810E+00    0.39431E+00
    0.30412E+00    0.37996E+00
    0.31026E+00    0.36712E+00
    0.31653E+00    0.35504E+00
    0.32292E+00    0.34298E+00
    0.32945E+00    0.33045E+00
    0.33610E+00    0.31734E+00
    0.34289E+00    0.30395E+00
    0.34982E+00    0.29078E+00
    0.35689E+00    0.27838E+00
    0.36409E+00    0.26703E+00
    0.37145E+00    0.25676E+00
    0.37895E+00    0.24725E+00
    0.38661E+00    0.23810E+00
    0.39442E+00    0.22897E+00
    0.40239E+00    0.21974E+00
    0.41052E+00    0.21052E+00
    0.41881E+00    0.20157E+00
    0.42727E+00    0.19314E+00
    0.43590E+00    0.18531E+00
    0.44471E+00    0.17797E+00
    0.45369E+00    0.17094E+00
    0.46286E+00    0.16405E+00
    0.47221E+00    0.15725E+00
    0.48174E+00    0.15062E+00
    0.49148E+00    0.14426E+00
    0.50141E+00    0.13826E+00
    0.51153E+00    0.13257E+00
    0.52187E+00    0.12712E+00
    0.53241E+00    0.12183E+00
    0.54317E+00    0.11669E+00
    0.55414E+00    0.11173E+00
    0.56533E+00    0.10700E+00
    0.57675E+00    0.10249E+00
    0.58840E+00    0.98167E-01
    0.60029E+00    0.94009E-01
    0.61242E+00    0.90010E-01
    0.62479E+00    0.86166E-01
    0.63741E+00    0.82474E-01
    0.65029E+00    0.78928E-01
    0.66342E+00    0.75525E-01
    0.67683E+00    0.72261E-01
    0.69050E+00    0.69130E-01
    0.70445E+00    0.66130E-01
    0.71868E+00    0.63255E-01
    0.73320E+00    0.60500E-01
    0.74801E+00    0.57860E-01
    0.76312E+00    0.55330E-01
    0.77854E+00    0.52907E-01
    0.79426E+00    0.50585E-01
    0.81031E+00    0.48360E-01
    0.82668E+00    0.46228E-01
    0.84338E+00    0.44187E-01
    0.86041E+00    0.42231E-01
    0.87780E+00    0.40357E-01
    0.89553E+00    0.38563E-01
    0.91362E+00    0.36845E-01
    0.93208E+00    0.35201E-01
    0.95091E+00    0.33626E-01
    0.97011E+00    0.32119E-01
    0.98971E+00    0.30677E-01
    0.10097E+01    0.29297E-01
    0.10301E+01    0.27976E-01
    0.10509E+01    0.26713E-01
    0.10721E+01    0.25505E-01
    0.10938E+01    0.24349E-01
    0.11159E+01    0.23244E-01
    0.11384E+01    0.22187E-01
    0.11614E+01    0.21177E-01
    0.11849E+01    0.20211E-01
    0.12088E+01    0.19287E-01
    0.12333E+01    0.18404E-01
    0.12582E+01    0.17560E-01
    0.12836E+01    0.16754E-01
    0.13095E+01    0.15983E-01
    0.13360E+01    0.15247E-01
    0.13630E+01    0.14543E-01
    0.13905E+01    0.13871E-01
    0.14186E+01    0.13229E-01
    0.14472E+01    0.12615E-01
    0.14765E+01    0.12030E-01
    0.15063E+01    0.11470E-01
    0.15367E+01    0.10936E-01
    0.15678E+01    0.10426E-01
    0.15994E+01    0.99390E-02
    0.16318E+01    0.94741E-02
    0.16647E+01    0.90304E-02
    0.16984E+01    0.86068E-02
    0.17327E+01    0.82025E-02
    0.17677E+01    0.78167E-02
    0.18034E+01    0.74485E-02
    0.18398E+01    0.70972E-02
    0.18770E+01    0.67620E-02
    0.19149E+01    0.64422E-02
    0.19536E+01    0.61372E-02
    0.19930E+01    0.58462E-02
    0.20333E+01    0.55686E-02
    0.20744E+01    0.53039E-02
    0.21163E+01    0.50515E-02
    0.21590E+01    0.48108E-02
    0.22026E+01    0.45812E-02
    0.22471E+01    0.43624E-02
    0.22925E+01    0.41538E-02
    0.23388E+01    0.39549E-02
    0.23861E+01    0.37653E-02
    0.24343E+01    0.35845E-02
    0.24835E+01    0.34123E-02
    0.25336E+01    0.32481E-02
    0.25848E+01    0.30917E-02
    0.26370E+01    0.29426E-02
    0.26903E+01    0.28006E-02
    0.27447E+01    0.26652E-02
    0.28001E+01    0.25363E-02
    0.28567E+01    0.24135E-02
    0.29144E+01    0.22964E-02
    0.29733E+01    0.21850E-02
    0.30333E+01    0.20788E-02
    0.30946E+01    0.19777E-02
    0.31571E+01    0.18814E-02
    0.32209E+01    0.17897E-02
    0.32860E+01    0.17024E-02
    0.33523E+01    0.16193E-02
    0.34201E+01    0.15401E-02
    0.34892E+01    0.14648E-02
    0.35596E+01    0.13930E-02
    0.36316E+01    0.13247E-02
    0.37049E+01    0.12597E-02
    0.37798E+01    0.11978E-02
    0.38561E+01    0.11390E-02
    0.39340E+01    0.10829E-02
    0.40135E+01    0.10296E-02
    0.40946E+01    0.97880E-03
    0.41773E+01    0.93050E-03
    0.42617E+01    0.88454E-03
    0.43478E+01    0.84081E-03
    0.44356E+01    0.79921E-03
    0.45252E+01    0.75963E-03
    0.46166E+01    0.72198E-03
    0.47099E+01    0.68616E-03
    0.48050E+01    0.65209E-03
    0.49021E+01    0.61969E-03
    0.50011E+01    0.58887E-03
    0.51021E+01    0.55955E-03
    0.52052E+01    0.53168E-03
    0.53104E+01    0.50517E-03
    0.54176E+01    0.47996E-03
    0.55271E+01    0.45599E-03
    0.56387E+01    0.43320E-03
    0.57526E+01    0.41153E-03
    0.58689E+01    0.39093E-03
    0.59874E+01    0.37135E-03
    0.61084E+01    0.35273E-03
    0.62318E+01    0.33503E-03
    0.63577E+01    0.31821E-03
    0.64861E+01    0.30222E-03
    0.66171E+01    0.28702E-03
    0.67508E+01    0.27258E-03
    0.68872E+01    0.25885E-03
    0.70263E+01    0.24581E-03
    0.71682E+01    0.23341E-03
    0.73130E+01    0.22163E-03
    0.74608E+01    0.21044E-03
    0.76115E+01    0.19980E-03
    0.77653E+01    0.18970E-03
    0.79221E+01    0.18010E-03
    0.80822E+01    0.17098E-03
    0.82454E+01    0.16231E-03
    0.84120E+01    0.15408E-03
    0.85819E+01    0.14626E-03
    0.87553E+01    0.13883E-03
    0.89322E+01    0.13178E-03
    0.91126E+01    0.12508E-03
    0.92967E+01    0.11871E-03
    0.94845E+01    0.11267E-03
    0.96761E+01    0.10693E-03
    0.98716E+01    0.10148E-03
    0.10071E+02    0.96301E-04
    0.10274E+02    0.91386E-04
    0.10482E+02    0.86718E-04
    0.10694E+02    0.82287E-04
    0.10910E+02    0.78079E-04
    0.11130E+02    0.74084E-04
    0.11355E+02    0.70291E-04
    0.11584E+02    0.66690E-04
    0.11818E+02    0.63271E-04
    0.12057E+02    0.60026E-04
    0.12301E+02    0.56946E-04
    0.12549E+02    0.54021E-04
    0.12803E+02    0.51246E-04
    0.13061E+02    0.48611E-04
    0.13325E+02    0.46111E-04
    0.13594E+02    0.43738E-04
    0.13869E+02    0.41486E-04
    0.14149E+02    0.39348E-04
    0.14435E+02    0.37320E-04
    0.14727E+02    0.35395E-04
    0.15024E+02    0.33568E-04
    0.15328E+02    0.31835E-04
    0.15637E+02    0.30190E-04
    0.15953E+02    0.28630E-04
    0.16275E+02    0.27149E-04
    0.16604E+02    0.25744E-04
    0.16940E+02    0.24411E-04
    0.17282E+02    0.23147E-04
    0.17631E+02    0.21947E-04
    0.17987E+02    0.20809E-04
    0.18351E+02    0.19730E-04
    0.18721E+02    0.18706E-04
    0.19099E+02    0.17734E-04
    0.19485E+02    0.16813E-04
    0.19879E+02    0.15939E-04
    0.20280E+02    0.15110E-04
    0.20690E+02    0.14324E-04
    0.21108E+02    0.13578E-04
    0.21535E+02    0.12871E-04
    0.21970E+02    0.12200E-04
    0.22413E+02    0.11564E-04
    0.22866E+02    0.10961E-04
    0.23328E+02    0.10389E-04
    0.23799E+02    0.98468E-05
    0.24280E+02    0.93325E-05
    0.24771E+02    0.88448E-05
    0.25271E+02    0.83824E-05
    0.25782E+02    0.79440E-05
    0.26302E+02    0.75283E-05
    0.26834E+02    0.71342E-05
    0.27376E+02    0.67606E-05
    0.27929E+02    0.64064E-05
    0.28493E+02    0.60706E-05
    0.29069E+02    0.57522E-05
    0.29656E+02    0.54504E-05
    0.30255E+02    0.51643E-05
    0.30866E+02    0.48931E-05
    0.31490E+02    0.46361E-05
    0.32126E+02    0.43924E-05
    0.32775E+02    0.41615E-05
    0.33437E+02    0.39426E-05
    0.34112E+02    0.37351E-05
    0.34801E+02    0.35385E-05
    0.35504E+02    0.33521E-05
    0.36222E+02    0.31755E-05
    0.36953E+02    0.30081E-05
    0.37700E+02    0.28494E-05
    0.38462E+02    0.26991E-05
    0.39239E+02    0.25567E-05
    0.40031E+02    0.24217E-05
    0.40840E+02    0.22937E-05
    0.41665E+02    0.21725E-05
    0.42507E+02    0.20577E-05
    0.43365E+02    0.19488E-05
    0.44241E+02    0.18457E-05
    0.45135E+02    0.17480E-05
    0.46047E+02    0.16555E-05
    0.46977E+02    0.15678E-05
    0.47926E+02    0.14847E-05
    0.48894E+02    0.14060E-05
    0.49882E+02    0.13314E-05
    0.50890E+02    0.12608E-05
    0.51918E+02    0.11938E-05
    0.52966E+02    0.11304E-05
    0.54036E+02    0.10704E-05
    0.55128E+02    0.10135E-05
    0.56242E+02    0.95961E-06
    0.57378E+02    0.90857E-06
    0.58537E+02    0.86022E-06
    0.59720E+02    0.81443E-06
    0.60926E+02    0.77106E-06
    0.62157E+02    0.72998E-06
    0.63412E+02    0.69107E-06
    0.64693E+02    0.65423E-06
    0.66000E+02    0.61933E-06
    0.67334E+02    0.58628E-06
    0.68694E+02    0.55498E-06
    0.70082E+02    0.52534E-06
    0.71497E+02    0.49727E-06
    0.72942E+02    0.47069E-06
    0.74415E+02    0.44552E-06
    0.75918E+02    0.42168E-06
    0.77452E+02    0.39912E-06
    0.79017E+02    0.37775E-06
    0.80613E+02    0.35751E-06
    0.82241E+02    0.33835E-06
    0.83903E+02    0.32021E-06
    0.85598E+02    0.30304E-06
    0.87327E+02    0.28677E-06
    0.89091E+02    0.27138E-06
    0.90891E+02    0.25680E-06
    0.92727E+02    0.24300E-06
    0.94600E+02    0.22994E-06
    0.96511E+02    0.21757E-06
    0.98461E+02    0.20586E-06
    0.10045E+03    0.19478E-06
    0.10248E+03    0.18429E-06
    0.10455E+03    0.17436E-06
    0.10666E+03    0.16496E-06
    0.10882E+03    0.15606E-06
    0.11101E+03    0.14764E-06
    0.11326E+03    0.13967E-06
    0.11554E+03    0.13212E-06
    0.11788E+03    0.12498E-06
    0.12026E+03    0.11822E-06
    0.12269E+03    0.11182E-06
    0.12517E+03    0.10577E-06
    0.12770E+03    0.10004E-06
    0.13028E+03    0.94613E-07
    0.13291E+03    0.89481E-07
    0.13559E+03    0.84624E-07
    0.13833E+03    0.80029E-07
    0.14113E+03    0.75680E-07
    0.14398E+03    0.71565E-07
    0.14689E+03    0.67671E-07
    0.14985E+03    0.63987E-07
    0.15288E+03    0.60502E-07
    0.15597E+03    0.57204E-07
    0.15912E+03    0.54084E-07
    0.16233E+03    0.51133E-07
    0.16561E+03    0.48340E-07
    0.16896E+03    0.45698E-07
    0.17237E+03    0.43198E-07
    0.17585E+03    0.40832E-07
    0.17941E+03    0.38594E-07
    0.18303E+03    0.36477E-07
    0.18673E+03    0.34473E-07
    0.19050E+03    0.32578E-07
    0.19435E+03    0.30784E-07
    0.19828E+03    0.29088E-07
    0.20228E+03    0.27484E-07
    0.20637E+03    0.25968E-07
    0.21054E+03    0.24534E-07
    0.21479E+03    0.23178E-07
    0.21913E+03    0.21897E-07
    0.22356E+03    0.20687E-07
    0.22807E+03    0.19543E-07
