#           k/h    P           
    0.10000E-03    0.45446E+03
    0.10202E-03    0.46327E+03
    0.10408E-03    0.47224E+03
    0.10618E-03    0.48139E+03
    0.10833E-03    0.49072E+03
    0.11052E-03    0.50023E+03
    0.11275E-03    0.50992E+03
    0.11503E-03    0.51980E+03
    0.11735E-03    0.52987E+03
    0.11972E-03    0.54014E+03
    0.12214E-03    0.55060E+03
    0.12461E-03    0.56127E+03
    0.12712E-03    0.57214E+03
    0.12969E-03    0.58323E+03
    0.13231E-03    0.59452E+03
    0.13499E-03    0.60604E+03
    0.13771E-03    0.61778E+03
    0.14049E-03    0.62975E+03
    0.14333E-03    0.64194E+03
    0.14623E-03    0.65438E+03
    0.14918E-03    0.66705E+03
    0.15220E-03    0.67997E+03
    0.15527E-03    0.69314E+03
    0.15841E-03    0.70656E+03
    0.16161E-03    0.72024E+03
    0.16487E-03    0.73419E+03
    0.16820E-03    0.74841E+03
    0.17160E-03    0.76290E+03
    0.17507E-03    0.77767E+03
    0.17860E-03    0.79272E+03
    0.18221E-03    0.80807E+03
    0.18589E-03    0.82371E+03
    0.18965E-03    0.83966E+03
    0.19348E-03    0.85591E+03
    0.19739E-03    0.87248E+03
    0.20138E-03    0.88936E+03
    0.20544E-03    0.90657E+03
    0.20959E-03    0.92411E+03
    0.21383E-03    0.94200E+03
    0.21815E-03    0.96022E+03
    0.22255E-03    0.97880E+03
    0.22705E-03    0.99773E+03
    0.23164E-03    0.10170E+04
    0.23632E-03    0.10367E+04
    0.24109E-03    0.10568E+04
    0.24596E-03    0.10772E+04
    0.25093E-03    0.10980E+04
    0.25600E-03    0.11192E+04
    0.26117E-03    0.11409E+04
    0.26645E-03    0.11629E+04
    0.27183E-03    0.11854E+04
    0.27732E-03    0.12083E+04
    0.28292E-03    0.12317E+04
    0.28864E-03    0.12555E+04
    0.29447E-03    0.12797E+04
    0.30042E-03    0.13044E+04
    0.30649E-03    0.13296E+04
    0.31268E-03    0.13553E+04
    0.31899E-03    0.13815E+04
    0.32544E-03    0.14081E+04
    0.33201E-03    0.14353E+04
    0.33872E-03    0.14630E+04
    0.34556E-03    0.14912E+04
    0.35254E-03    0.15200E+04
    0.35966E-03    0.15493E+04
    0.36693E-03    0.15792E+04
    0.37434E-03    0.16096E+04
    0.38190E-03    0.16407E+04
    0.38962E-03    0.16723E+04
    0.39749E-03    0.17045E+04
    0.40552E-03    0.17373E+04
    0.41371E-03    0.17708E+04
    0.42207E-03    0.18049E+04
    0.43060E-03    0.18396E+04
    0.43929E-03    0.18750E+04
    0.44817E-03    0.19111E+04
    0.45722E-03    0.19478E+04
    0.46646E-03    0.19853E+04
    0.47588E-03    0.20234E+04
    0.48550E-03    0.20623E+04
    0.49530E-03    0.21019E+04
    0.50531E-03    0.21423E+04
    0.51552E-03    0.21834E+04
    0.52593E-03    0.22253E+04
    0.53656E-03    0.22679E+04
    0.54739E-03    0.23114E+04
    0.55845E-03    0.23557E+04
    0.56973E-03    0.24008E+04
    0.58124E-03    0.24468E+04
    0.59299E-03    0.24936E+04
    0.60496E-03    0.25413E+04
    0.61719E-03    0.25899E+04
    0.62965E-03    0.26394E+04
    0.64237E-03    0.26898E+04
    0.65535E-03    0.27411E+04
    0.66859E-03    0.27934E+04
    0.68210E-03    0.28467E+04
    0.69588E-03    0.29009E+04
    0.70993E-03    0.29561E+04
    0.72427E-03    0.30124E+04
    0.73891E-03    0.30697E+04
    0.75383E-03    0.31280E+04
    0.76906E-03    0.31874E+04
    0.78460E-03    0.32479E+04
    0.80045E-03    0.33095E+04
    0.81662E-03    0.33722E+04
    0.83311E-03    0.34361E+04
    0.84994E-03    0.35011E+04
    0.86711E-03    0.35672E+04
    0.88463E-03    0.36346E+04
    0.90250E-03    0.37032E+04
    0.92073E-03    0.37730E+04
    0.93933E-03    0.38441E+04
    0.95831E-03    0.39164E+04
    0.97767E-03    0.39900E+04
    0.99742E-03    0.40649E+04
    0.10176E-02    0.41412E+04
    0.10381E-02    0.42187E+04
    0.10591E-02    0.42977E+04
    0.10805E-02    0.43780E+04
    0.11023E-02    0.44597E+04
    0.11246E-02    0.45429E+04
    0.11473E-02    0.46275E+04
    0.11705E-02    0.47135E+04
    0.11941E-02    0.48010E+04
    0.12182E-02    0.48900E+04
    0.12429E-02    0.49806E+04
    0.12680E-02    0.50727E+04
    0.12936E-02    0.51663E+04
    0.13197E-02    0.52615E+04
    0.13464E-02    0.53583E+04
    0.13736E-02    0.54567E+04
    0.14013E-02    0.55567E+04
    0.14296E-02    0.56584E+04
    0.14585E-02    0.57617E+04
    0.14880E-02    0.58667E+04
    0.15180E-02    0.59735E+04
    0.15487E-02    0.60819E+04
    0.15800E-02    0.61921E+04
    0.16119E-02    0.63040E+04
    0.16445E-02    0.64177E+04
    0.16777E-02    0.65332E+04
    0.17116E-02    0.66504E+04
    0.17462E-02    0.67695E+04
    0.17814E-02    0.68904E+04
    0.18174E-02    0.70131E+04
    0.18541E-02    0.71377E+04
    0.18916E-02    0.72641E+04
    0.19298E-02    0.73924E+04
    0.19688E-02    0.75226E+04
    0.20086E-02    0.76547E+04
    0.20491E-02    0.77886E+04
    0.20905E-02    0.79245E+04
    0.21328E-02    0.80623E+04
    0.21758E-02    0.82020E+04
    0.22198E-02    0.83437E+04
    0.22646E-02    0.84872E+04
    0.23104E-02    0.86327E+04
    0.23571E-02    0.87801E+04
    0.24047E-02    0.89295E+04
    0.24533E-02    0.90808E+04
    0.25028E-02    0.92340E+04
    0.25534E-02    0.93891E+04
    0.26050E-02    0.95461E+04
    0.26576E-02    0.97051E+04
    0.27113E-02    0.98660E+04
    0.27660E-02    0.10029E+05
    0.28219E-02    0.10193E+05
    0.28789E-02    0.10360E+05
    0.29371E-02    0.10528E+05
    0.29964E-02    0.10699E+05
    0.30569E-02    0.10871E+05
    0.31187E-02    0.11045E+05
    0.31817E-02    0.11220E+05
    0.32460E-02    0.11398E+05
    0.33115E-02    0.11577E+05
    0.33784E-02    0.11758E+05
    0.34467E-02    0.11940E+05
    0.35163E-02    0.12125E+05
    0.35874E-02    0.12310E+05
    0.36598E-02    0.12498E+05
    0.37338E-02    0.12687E+05
    0.38092E-02    0.12878E+05
    0.38861E-02    0.13069E+05
    0.39646E-02    0.13263E+05
    0.40447E-02    0.13460E+05
    0.41264E-02    0.13657E+05
    0.42098E-02    0.13854E+05
    0.42948E-02    0.14053E+05
    0.43816E-02    0.14254E+05
    0.44701E-02    0.14455E+05
    0.45604E-02    0.14657E+05
    0.46525E-02    0.14861E+05
    0.47465E-02    0.15065E+05
    0.48424E-02    0.15270E+05
    0.49402E-02    0.15476E+05
    0.50400E-02    0.15683E+05
    0.51419E-02    0.15890E+05
    0.52457E-02    0.16098E+05
    0.53517E-02    0.16307E+05
    0.54598E-02    0.16516E+05
    0.55701E-02    0.16725E+05
    0.56826E-02    0.16934E+05
    0.57974E-02    0.17144E+05
    0.59145E-02    0.17354E+05
    0.60340E-02    0.17563E+05
    0.61559E-02    0.17773E+05
    0.62803E-02    0.17982E+05
    0.64072E-02    0.18191E+05
    0.65366E-02    0.18399E+05
    0.66686E-02    0.18607E+05
    0.68033E-02    0.18814E+05
    0.69408E-02    0.19019E+05
    0.70810E-02    0.19224E+05
    0.72240E-02    0.19428E+05
    0.73700E-02    0.19630E+05
    0.75189E-02    0.19831E+05
    0.76708E-02    0.20030E+05
    0.78257E-02    0.20228E+05
    0.79838E-02    0.20423E+05
    0.81451E-02    0.20617E+05
    0.83096E-02    0.20808E+05
    0.84775E-02    0.20997E+05
    0.86488E-02    0.21183E+05
    0.88235E-02    0.21366E+05
    0.90017E-02    0.21546E+05
    0.91836E-02    0.21723E+05
    0.93691E-02    0.21897E+05
    0.95583E-02    0.22067E+05
    0.97514E-02    0.22233E+05
    0.99484E-02    0.22396E+05
    0.10149E-01    0.22554E+05
    0.10354E-01    0.22708E+05
    0.10564E-01    0.22857E+05
    0.10777E-01    0.23001E+05
    0.10995E-01    0.23140E+05
    0.11217E-01    0.23274E+05
    0.11443E-01    0.23402E+05
    0.11675E-01    0.23525E+05
    0.11910E-01    0.23641E+05
    0.12151E-01    0.23752E+05
    0.12397E-01    0.23855E+05
    0.12647E-01    0.23952E+05
    0.12902E-01    0.24042E+05
    0.13163E-01    0.24125E+05
    0.13429E-01    0.24200E+05
    0.13700E-01    0.24267E+05
    0.13977E-01    0.24327E+05
    0.14259E-01    0.24378E+05
    0.14547E-01    0.24420E+05
    0.14841E-01    0.24454E+05
    0.15141E-01    0.24480E+05
    0.15447E-01    0.24495E+05
    0.15759E-01    0.24502E+05
    0.16077E-01    0.24499E+05
    0.16402E-01    0.24486E+05
    0.16734E-01    0.24463E+05
    0.17072E-01    0.24430E+05
    0.17416E-01    0.24386E+05
    0.17768E-01    0.24332E+05
    0.18127E-01    0.24267E+05
    0.18493E-01    0.24192E+05
    0.18867E-01    0.24105E+05
    0.19248E-01    0.24007E+05
    0.19637E-01    0.23898E+05
    0.20034E-01    0.23778E+05
    0.20438E-01    0.23647E+05
    0.20851E-01    0.23504E+05
    0.21272E-01    0.23350E+05
    0.21702E-01    0.23185E+05
    0.22141E-01    0.23008E+05
    0.22588E-01    0.22821E+05
    0.23044E-01    0.22623E+05
    0.23510E-01    0.22414E+05
    0.23985E-01    0.22194E+05
    0.24469E-01    0.21965E+05
    0.24964E-01    0.21725E+05
    0.25468E-01    0.21475E+05
    0.25982E-01    0.21217E+05
    0.26507E-01    0.20949E+05
    0.27043E-01    0.20673E+05
    0.27589E-01    0.20390E+05
    0.28146E-01    0.20098E+05
    0.28715E-01    0.19800E+05
    0.29295E-01    0.19496E+05
    0.29887E-01    0.19187E+05
    0.30490E-01    0.18872E+05
    0.31106E-01    0.18554E+05
    0.31735E-01    0.18232E+05
    0.32376E-01    0.17907E+05
    0.33030E-01    0.17581E+05
    0.33697E-01    0.17254E+05
    0.34378E-01    0.16927E+05
    0.35072E-01    0.16601E+05
    0.35781E-01    0.16276E+05
    0.36504E-01    0.15953E+05
    0.37241E-01    0.15634E+05
    0.37993E-01    0.15319E+05
    0.38761E-01    0.15009E+05
    0.39544E-01    0.14705E+05
    0.40343E-01    0.14407E+05
    0.41158E-01    0.14116E+05
    0.41989E-01    0.13833E+05
    0.42838E-01    0.13559E+05
    0.43703E-01    0.13293E+05
    0.44586E-01    0.13036E+05
    0.45486E-01    0.12789E+05
    0.46405E-01    0.12552E+05
    0.47343E-01    0.12324E+05
    0.48299E-01    0.12107E+05
    0.49275E-01    0.11899E+05
    0.50270E-01    0.11701E+05
    0.51286E-01    0.11512E+05
    0.52322E-01    0.11332E+05
    0.53379E-01    0.11160E+05
    0.54457E-01    0.10996E+05
    0.55557E-01    0.10838E+05
    0.56680E-01    0.10686E+05
    0.57825E-01    0.10538E+05
    0.58993E-01    0.10394E+05
    0.60184E-01    0.10252E+05
    0.61400E-01    0.10110E+05
    0.62641E-01    0.99671E+04
    0.63906E-01    0.98220E+04
    0.65197E-01    0.96731E+04
    0.66514E-01    0.95190E+04
    0.67858E-01    0.93585E+04
    0.69229E-01    0.91902E+04
    0.70627E-01    0.90134E+04
    0.72054E-01    0.88272E+04
    0.73510E-01    0.86312E+04
    0.74994E-01    0.84252E+04
    0.76509E-01    0.82092E+04
    0.78055E-01    0.79841E+04
    0.79632E-01    0.77509E+04
    0.81241E-01    0.75107E+04
    0.82882E-01    0.72655E+04
    0.84556E-01    0.70170E+04
    0.86264E-01    0.67676E+04
    0.88007E-01    0.65196E+04
    0.89785E-01    0.62756E+04
    0.91598E-01    0.60380E+04
    0.93449E-01    0.58091E+04
    0.95337E-01    0.55912E+04
    0.97263E-01    0.53862E+04
    0.99227E-01    0.51956E+04
    0.10123E+00    0.50205E+04
    0.10328E+00    0.48616E+04
    0.10536E+00    0.47188E+04
    0.10749E+00    0.45918E+04
    0.10966E+00    0.44794E+04
    0.11188E+00    0.43802E+04
    0.11414E+00    0.42919E+04
    0.11644E+00    0.42121E+04
    0.11880E+00    0.41377E+04
    0.12120E+00    0.40657E+04
    0.12365E+00    0.39928E+04
    0.12614E+00    0.39160E+04
    0.12869E+00    0.38326E+04
    0.13129E+00    0.37406E+04
    0.13394E+00    0.36386E+04
    0.13665E+00    0.35264E+04
    0.13941E+00    0.34046E+04
    0.14223E+00    0.32749E+04
    0.14510E+00    0.31399E+04
    0.14803E+00    0.30027E+04
    0.15102E+00    0.28669E+04
    0.15407E+00    0.27360E+04
    0.15718E+00    0.26133E+04
    0.16036E+00    0.25013E+04
    0.16360E+00    0.24018E+04
    0.16690E+00    0.23154E+04
    0.17028E+00    0.22419E+04
    0.17371E+00    0.21797E+04
    0.17722E+00    0.21265E+04
    0.18080E+00    0.20792E+04
    0.18446E+00    0.20343E+04
    0.18818E+00    0.19883E+04
    0.19198E+00    0.19383E+04
    0.19586E+00    0.18822E+04
    0.19982E+00    0.18191E+04
    0.20386E+00    0.17496E+04
    0.20797E+00    0.16753E+04
    0.21218E+00    0.15992E+04
    0.21646E+00    0.15243E+04
    0.22083E+00    0.14537E+04
    0.22530E+00    0.13899E+04
    0.22985E+00    0.13342E+04
    0.23449E+00    0.12867E+04
    0.23923E+00    0.12462E+04
    0.24406E+00    0.12106E+04
    0.24899E+00    0.11774E+04
    0.25402E+00    0.11438E+04
    0.25915E+00    0.11078E+04
    0.26439E+00    0.10683E+04
    0.26973E+00    0.10257E+04
    0.27518E+00    0.98118E+03
    0.28074E+00    0.93685E+03
    0.28641E+00    0.89478E+03
    0.29219E+00    0.85659E+03
    0.29810E+00    0.82298E+03
    0.30412E+00    0.79356E+03
    0.31026E+00    0.76707E+03
    0.31653E+00    0.74181E+03
    0.32292E+00    0.71622E+03
    0.32945E+00    0.68942E+03
    0.33610E+00    0.66139E+03
    0.34289E+00    0.63297E+03
    0.34982E+00    0.60536E+03
    0.35689E+00    0.57958E+03
    0.36409E+00    0.55615E+03
    0.37145E+00    0.53491E+03
    0.37895E+00    0.51515E+03
    0.38661E+00    0.49596E+03
    0.39442E+00    0.47668E+03
    0.40239E+00    0.45714E+03
    0.41052E+00    0.43773E+03
    0.41881E+00    0.41904E+03
    0.42727E+00    0.40156E+03
    0.43590E+00    0.38533E+03
    0.44471E+00    0.37007E+03
    0.45369E+00    0.35536E+03
    0.46286E+00    0.34091E+03
    0.47221E+00    0.32665E+03
    0.48174E+00    0.31279E+03
    0.49148E+00    0.29956E+03
    0.50141E+00    0.28709E+03
    0.51153E+00    0.27527E+03
    0.52187E+00    0.26389E+03
    0.53241E+00    0.25284E+03
    0.54317E+00    0.24211E+03
    0.55414E+00    0.23180E+03
    0.56533E+00    0.22194E+03
    0.57675E+00    0.21257E+03
    0.58840E+00    0.20357E+03
    0.60029E+00    0.19492E+03
    0.61242E+00    0.18660E+03
    0.62479E+00    0.17861E+03
    0.63741E+00    0.17092E+03
    0.65029E+00    0.16355E+03
    0.66342E+00    0.15647E+03
    0.67683E+00    0.14968E+03
    0.69050E+00    0.14318E+03
    0.70445E+00    0.13694E+03
    0.71868E+00    0.13097E+03
    0.73320E+00    0.12525E+03
    0.74801E+00    0.11976E+03
    0.76312E+00    0.11451E+03
    0.77854E+00    0.10948E+03
    0.79426E+00    0.10466E+03
    0.81031E+00    0.10005E+03
    0.82668E+00    0.95626E+02
    0.84338E+00    0.91392E+02
    0.86041E+00    0.87335E+02
    0.87780E+00    0.83451E+02
    0.89553E+00    0.79731E+02
    0.91362E+00    0.76170E+02
    0.93208E+00    0.72761E+02
    0.95091E+00    0.69499E+02
    0.97011E+00    0.66376E+02
    0.98971E+00    0.63388E+02
    0.10097E+01    0.60529E+02
    0.10301E+01    0.57795E+02
    0.10509E+01    0.55179E+02
    0.10721E+01    0.52677E+02
    0.10938E+01    0.50285E+02
    0.11159E+01    0.47997E+02
    0.11384E+01    0.45810E+02
    0.11614E+01    0.43719E+02
    0.11849E+01    0.41720E+02
    0.12088E+01    0.39809E+02
    0.12333E+01    0.37983E+02
    0.12582E+01    0.36238E+02
    0.12836E+01    0.34570E+02
    0.13095E+01    0.32977E+02
    0.13360E+01    0.31454E+02
    0.13630E+01    0.30000E+02
    0.13905E+01    0.28611E+02
    0.14186E+01    0.27284E+02
    0.14472E+01    0.26016E+02
    0.14765E+01    0.24806E+02
    0.15063E+01    0.23650E+02
    0.15367E+01    0.22547E+02
    0.15678E+01    0.21493E+02
    0.15994E+01    0.20488E+02
    0.16318E+01    0.19528E+02
    0.16647E+01    0.18611E+02
    0.16984E+01    0.17737E+02
    0.17327E+01    0.16902E+02
    0.17677E+01    0.16106E+02
    0.18034E+01    0.15346E+02
    0.18398E+01    0.14621E+02
    0.18770E+01    0.13929E+02
    0.19149E+01    0.13269E+02
    0.19536E+01    0.12640E+02
    0.19930E+01    0.12040E+02
    0.20333E+01    0.11467E+02
    0.20744E+01    0.10921E+02
    0.21163E+01    0.10401E+02
    0.21590E+01    0.99044E+01
    0.22026E+01    0.94311E+01
    0.22471E+01    0.89799E+01
    0.22925E+01    0.85498E+01
    0.23388E+01    0.81398E+01
    0.23861E+01    0.77490E+01
    0.24343E+01    0.73765E+01
    0.24835E+01    0.70215E+01
    0.25336E+01    0.66833E+01
    0.25848E+01    0.63609E+01
    0.26370E+01    0.60538E+01
    0.26903E+01    0.57612E+01
    0.27447E+01    0.54824E+01
    0.28001E+01    0.52168E+01
    0.28567E+01    0.49638E+01
    0.29144E+01    0.47228E+01
    0.29733E+01    0.44933E+01
    0.30333E+01    0.42747E+01
    0.30946E+01    0.40666E+01
    0.31571E+01    0.38683E+01
    0.32209E+01    0.36796E+01
    0.32860E+01    0.34998E+01
    0.33523E+01    0.33287E+01
    0.34201E+01    0.31658E+01
    0.34892E+01    0.30107E+01
    0.35596E+01    0.28631E+01
    0.36316E+01    0.27225E+01
    0.37049E+01    0.25888E+01
    0.37798E+01    0.24615E+01
    0.38561E+01    0.23403E+01
    0.39340E+01    0.22250E+01
    0.40135E+01    0.21153E+01
    0.40946E+01    0.20109E+01
    0.41773E+01    0.19115E+01
    0.42617E+01    0.18170E+01
    0.43478E+01    0.17271E+01
    0.44356E+01    0.16415E+01
    0.45252E+01    0.15601E+01
    0.46166E+01    0.14827E+01
    0.47099E+01    0.14091E+01
    0.48050E+01    0.13391E+01
    0.49021E+01    0.12724E+01
    0.50011E+01    0.12091E+01
    0.51021E+01    0.11488E+01
    0.52052E+01    0.10915E+01
    0.53104E+01    0.10371E+01
    0.54176E+01    0.98527E+00
    0.55271E+01    0.93602E+00
    0.56387E+01    0.88919E+00
    0.57526E+01    0.84467E+00
    0.58689E+01    0.80234E+00
    0.59874E+01    0.76211E+00
    0.61084E+01    0.72386E+00
    0.62318E+01    0.68751E+00
    0.63577E+01    0.65296E+00
    0.64861E+01    0.62011E+00
    0.66171E+01    0.58890E+00
    0.67508E+01    0.55924E+00
    0.68872E+01    0.53105E+00
    0.70263E+01    0.50426E+00
    0.71682E+01    0.47880E+00
    0.73130E+01    0.45462E+00
    0.74608E+01    0.43163E+00
    0.76115E+01    0.40980E+00
    0.77653E+01    0.38905E+00
    0.79221E+01    0.36934E+00
    0.80822E+01    0.35062E+00
    0.82454E+01    0.33284E+00
    0.84120E+01    0.31594E+00
    0.85819E+01    0.29989E+00
    0.87553E+01    0.28465E+00
    0.89322E+01    0.27017E+00
    0.91126E+01    0.25642E+00
    0.92967E+01    0.24336E+00
    0.94845E+01    0.23096E+00
    0.96761E+01    0.21918E+00
    0.98716E+01    0.20800E+00
    0.10071E+02    0.19738E+00
    0.10274E+02    0.18729E+00
    0.10482E+02    0.17772E+00
    0.10694E+02    0.16863E+00
    0.10910E+02    0.16000E+00
    0.11130E+02    0.15180E+00
    0.11355E+02    0.14402E+00
    0.11584E+02    0.13664E+00
    0.11818E+02    0.12963E+00
    0.12057E+02    0.12297E+00
    0.12301E+02    0.11666E+00
    0.12549E+02    0.11066E+00
    0.12803E+02    0.10497E+00
    0.13061E+02    0.99568E-01
    0.13325E+02    0.94441E-01
    0.13594E+02    0.89576E-01
    0.13869E+02    0.84959E-01
    0.14149E+02    0.80577E-01
    0.14435E+02    0.76419E-01
    0.14727E+02    0.72473E-01
    0.15024E+02    0.68729E-01
    0.15328E+02    0.65177E-01
    0.15637E+02    0.61806E-01
    0.15953E+02    0.58608E-01
    0.16275E+02    0.55573E-01
    0.16604E+02    0.52695E-01
    0.16940E+02    0.49964E-01
    0.17282E+02    0.47373E-01
    0.17631E+02    0.44915E-01
    0.17987E+02    0.42583E-01
    0.18351E+02    0.40371E-01
    0.18721E+02    0.38273E-01
    0.19099E+02    0.36284E-01
    0.19485E+02    0.34396E-01
    0.19879E+02    0.32606E-01
    0.20280E+02    0.30908E-01
    0.20690E+02    0.29298E-01
    0.21108E+02    0.27770E-01
    0.21535E+02    0.26322E-01
    0.21970E+02    0.24949E-01
    0.22413E+02    0.23646E-01
    0.22866E+02    0.22411E-01
    0.23328E+02    0.21240E-01
    0.23799E+02    0.20129E-01
    0.24280E+02    0.19076E-01
    0.24771E+02    0.18078E-01
    0.25271E+02    0.17131E-01
    0.25782E+02    0.16234E-01
    0.26302E+02    0.15383E-01
    0.26834E+02    0.14576E-01
    0.27376E+02    0.13811E-01
    0.27929E+02    0.13086E-01
    0.28493E+02    0.12399E-01
    0.29069E+02    0.11748E-01
    0.29656E+02    0.11130E-01
    0.30255E+02    0.10545E-01
    0.30866E+02    0.99898E-02
    0.31490E+02    0.94638E-02
    0.32126E+02    0.89653E-02
    0.32775E+02    0.84928E-02
    0.33437E+02    0.80450E-02
    0.34112E+02    0.76206E-02
    0.34801E+02    0.72184E-02
    0.35504E+02    0.68372E-02
    0.36222E+02    0.64760E-02
    0.36953E+02    0.61336E-02
    0.37700E+02    0.58092E-02
    0.38462E+02    0.55018E-02
    0.39239E+02    0.52106E-02
    0.40031E+02    0.49346E-02
    0.40840E+02    0.46731E-02
    0.41665E+02    0.44253E-02
    0.42507E+02    0.41905E-02
    0.43365E+02    0.39681E-02
    0.44241E+02    0.37573E-02
    0.45135E+02    0.35577E-02
    0.46047E+02    0.33685E-02
    0.46977E+02    0.31893E-02
    0.47926E+02    0.30196E-02
    0.48894E+02    0.28588E-02
    0.49882E+02    0.27064E-02
    0.50890E+02    0.25622E-02
    0.51918E+02    0.24255E-02
    0.52966E+02    0.22960E-02
    0.54036E+02    0.21734E-02
    0.55128E+02    0.20572E-02
    0.56242E+02    0.19472E-02
    0.57378E+02    0.18430E-02
    0.58537E+02    0.17444E-02
    0.59720E+02    0.16509E-02
    0.60926E+02    0.15624E-02
    0.62157E+02    0.14786E-02
    0.63412E+02    0.13992E-02
    0.64693E+02    0.13241E-02
    0.66000E+02    0.12529E-02
    0.67334E+02    0.11855E-02
    0.68694E+02    0.11217E-02
    0.70082E+02    0.10613E-02
    0.71497E+02    0.10041E-02
    0.72942E+02    0.94992E-03
    0.74415E+02    0.89864E-03
    0.75918E+02    0.85009E-03
    0.77452E+02    0.80412E-03
    0.79017E+02    0.76061E-03
    0.80613E+02    0.71941E-03
    0.82241E+02    0.68041E-03
    0.83903E+02    0.64350E-03
    0.85598E+02    0.60856E-03
    0.87327E+02    0.57548E-03
    0.89091E+02    0.54417E-03
    0.90891E+02    0.51454E-03
    0.92727E+02    0.48649E-03
    0.94600E+02    0.45995E-03
    0.96511E+02    0.43483E-03
    0.98461E+02    0.41106E-03
    0.10045E+03    0.38856E-03
    0.10248E+03    0.36727E-03
    0.10455E+03    0.34712E-03
    0.10666E+03    0.32806E-03
    0.10882E+03    0.31003E-03
    0.11101E+03    0.29296E-03
    0.11326E+03    0.27681E-03
    0.11554E+03    0.26154E-03
    0.11788E+03    0.24708E-03
    0.12026E+03    0.23341E-03
    0.12269E+03    0.22047E-03
    0.12517E+03    0.20824E-03
    0.12770E+03    0.19666E-03
    0.13028E+03    0.18571E-03
    0.13291E+03    0.17536E-03
    0.13559E+03    0.16556E-03
    0.13833E+03    0.15630E-03
    0.14113E+03    0.14755E-03
    0.14398E+03    0.13927E-03
    0.14689E+03    0.13144E-03
    0.14985E+03    0.12404E-03
    0.15288E+03    0.11704E-03
    0.15597E+03    0.11043E-03
    0.15912E+03    0.10418E-03
    0.16233E+03    0.98274E-04
    0.16561E+03    0.92689E-04
    0.16896E+03    0.87410E-04
    0.17237E+03    0.82419E-04
    0.17585E+03    0.77701E-04
    0.17941E+03    0.73241E-04
    0.18303E+03    0.69024E-04
    0.18673E+03    0.65038E-04
    0.19050E+03    0.61270E-04
    0.19435E+03    0.57709E-04
    0.19828E+03    0.54346E-04
    0.20228E+03    0.51171E-04
    0.20637E+03    0.48175E-04
    0.21054E+03    0.45349E-04
    0.21479E+03    0.42686E-04
    0.21913E+03    0.40176E-04
    0.22356E+03    0.37811E-04
    0.22807E+03    0.35585E-04
