1.000000000000000048e-04 1.000555754039140766e+00
1.020200000000000024e-04 1.000583907509050574e+00
1.040800000000000064e-04 1.000572584647097196e+00
1.061800000000000032e-04 1.000598936887025614e+00
1.083300000000000013e-04 1.000550600154167968e+00
1.105200000000000057e-04 1.000575933191749645e+00
1.127500000000000030e-04 1.000600070596540769e+00
1.150300000000000015e-04 1.000588438906195865e+00
1.173500000000000064e-04 1.000543072432285685e+00
1.197199999999999989e-04 1.000565836772733253e+00
1.221399999999999927e-04 1.000554866505646512e+00
1.246099999999999877e-04 1.000544104468057860e+00
1.271199999999999891e-04 1.000564954019020236e+00
1.296899999999999865e-04 1.000584777322951036e+00
1.323100000000000122e-04 1.000573446412941658e+00
1.349900000000000069e-04 1.000562329821238272e+00
1.377100000000000080e-04 1.000580450429533474e+00
1.404900000000000051e-04 1.000540725140873111e+00
1.433299999999999982e-04 1.000558160303639088e+00
1.462299999999999874e-04 1.000574712643678144e+00
1.491800000000000049e-04 1.000536725438102126e+00
1.522000000000000132e-04 1.000552646122266243e+00
1.552699999999999957e-04 1.000567741935483923e+00
1.584099999999999961e-04 1.000556736511792666e+00
1.616099999999999926e-04 1.000521117673333737e+00
1.648700000000000122e-04 1.000535357959799532e+00
1.681999999999999956e-04 1.000548847420417164e+00
1.715999999999999969e-04 1.000538200538200639e+00
1.750699999999999891e-04 1.000527777140365782e+00
1.786000000000000044e-04 1.000517540109358450e+00
1.822100000000000054e-04 1.000529579205189812e+00
1.858899999999999973e-04 1.000519311911717057e+00
1.896500000000000020e-04 1.000530470208793155e+00
1.934799999999999975e-04 1.000520193928296386e+00
1.973900000000000058e-04 1.000510110387887952e+00
2.013799999999999998e-04 1.000500220096842474e+00
2.054400000000000117e-04 1.000490523093827244e+00
2.095900000000000042e-04 1.000500259750254806e+00
2.138300000000000042e-04 1.000490566037735674e+00
2.181499999999999900e-04 1.000499565193257778e+00
2.225499999999999885e-04 1.000489884786355699e+00
2.270499999999999895e-04 1.000480392854601108e+00
2.316399999999999980e-04 1.000471080868882368e+00
2.363199999999999871e-04 1.000479066504696535e+00
2.410900000000000109e-04 1.000469782893191661e+00
2.459599999999999829e-04 1.000460677854557279e+00
2.509300000000000115e-04 1.000467892868667441e+00
2.559999999999999884e-04 1.000458824460090268e+00
2.611700000000000219e-04 1.000434418344866128e+00
2.664499999999999985e-04 1.000441218981544811e+00
2.718299999999999775e-04 1.000432674375233200e+00
2.773200000000000079e-04 1.000438923758943055e+00
2.829199999999999814e-04 1.000430422244221518e+00
2.886400000000000012e-04 1.000422083403680773e+00
2.944700000000000182e-04 1.000400110375275986e+00
3.004199999999999731e-04 1.000405893574704663e+00
3.064899999999999743e-04 1.000398031072958993e+00
3.126800000000000217e-04 1.000377309393702951e+00
3.189900000000000070e-04 1.000382765352080483e+00
3.254399999999999741e-04 1.000362840162652533e+00
3.320099999999999874e-04 1.000355815123369796e+00
3.387199999999999825e-04 1.000348926749446532e+00
3.455600000000000186e-04 1.000330371786249284e+00
3.525399999999999823e-04 1.000323976581121377e+00
3.596599999999999819e-04 1.000306355167758010e+00
3.669300000000000122e-04 1.000300427274345649e+00
3.743400000000000243e-04 1.000283700325164116e+00
3.819000000000000129e-04 1.000267508426515350e+00
3.896200000000000271e-04 1.000262332238533336e+00
3.974900000000000178e-04 1.000246964395966165e+00
4.055199999999999799e-04 1.000232095825302370e+00
4.137100000000000217e-04 1.000197921820880742e+00
4.220699999999999756e-04 1.000194080543425512e+00
4.306000000000000040e-04 1.000190331176246561e+00
4.392900000000000038e-04 1.000186654223051974e+00
4.481700000000000137e-04 1.000183049606443220e+00
4.572199999999999897e-04 1.000089750493627694e+00
4.664599999999999758e-04 1.000088012673824966e+00
4.758799999999999771e-04 1.000086311065078615e+00
4.854999999999999832e-04 1.000084645336041911e+00
4.952999999999999504e-04 1.000083008217813596e+00
5.053100000000000256e-04 1.000081406707912679e+00
5.155199999999999973e-04 1.000000000000000000e+00
5.259299999999999739e-04 1.000000000000000000e+00
5.365600000000000534e-04 9.999232245681382025e-01
5.473900000000000293e-04 9.999247044650252381e-01
5.584500000000000488e-04 9.999261611164439456e-01
5.697299999999999543e-04 9.998551774076755994e-01
5.812400000000000119e-04 9.997869620792501077e-01
5.929900000000000535e-04 9.997910718016574938e-01
6.049599999999999813e-04 9.997950959633905565e-01
6.171899999999999912e-04 9.997320830542530956e-01
6.296500000000000447e-04 9.997372397030809266e-01
6.423699999999999636e-04 9.996778973136636326e-01
6.553499999999999647e-04 9.996209249431388111e-01
6.685900000000000480e-04 9.996282297540121098e-01
6.821000000000000457e-04 9.995746232377248353e-01
6.958799999999999578e-04 9.995232419547079861e-01
7.099300000000000012e-04 9.994739610731193658e-01
7.242699999999999486e-04 9.993694829760404463e-01
7.389099999999999575e-04 9.993816055767934525e-01
7.538300000000000382e-04 9.993383690797815744e-01
7.690600000000000127e-04 9.992970313091440460e-01
7.845999999999999893e-04 9.992044972422572391e-01
8.004499999999999680e-04 9.991677936128159354e-01
8.166199999999999978e-04 9.990817731979798610e-01
8.331099999999999704e-04 9.990493820983639139e-01
8.499399999999999837e-04 9.989695274547327752e-01
8.671100000000000379e-04 9.988930599672730670e-01
8.846299999999999650e-04 9.988199197545433172e-01
9.024999999999999819e-04 9.987962405666930277e-01
9.207300000000000293e-04 9.986831350467714197e-01
9.393300000000000477e-04 9.986192766791377462e-01
9.583099999999999778e-04 9.985583853916386587e-01
9.776699999999999280e-04 9.984146707228245265e-01
9.974199999999999473e-04 9.983609313272254759e-01
1.017600000000000015e-03 9.982274619728761511e-01
1.038099999999999917e-03 9.981804949053858511e-01
1.059100000000000102e-03 9.980566352026652988e-01
1.080500000000000080e-03 9.979770472670687065e-01
1.102300000000000068e-03 9.978630847897428380e-01
1.124599999999999905e-03 9.977541548135947513e-01
1.147299999999999969e-03 9.976500826142830070e-01
1.170500000000000099e-03 9.975148568341437594e-01
1.194100000000000023e-03 9.973855285472017496e-01
1.218200000000000012e-03 9.972619831559976777e-01
1.242899999999999908e-03 9.971101213749021808e-01
1.268000000000000030e-03 9.969649468031884787e-01
1.293600000000000002e-03 9.967936134013872795e-01
1.319700000000000040e-03 9.966618520301717687e-01
1.346399999999999984e-03 9.965047076235160617e-01
1.373599999999999995e-03 9.963546493666975978e-01
1.401300000000000072e-03 9.961509319593877532e-01
1.429600000000000055e-03 9.959858463917219407e-01
1.458499999999999944e-03 9.957991773388954471e-01
1.487999999999999956e-03 9.955921918827638217e-01
1.518000000000000035e-03 9.953944227582914861e-01
1.548700000000000077e-03 9.951781335243711224e-01
1.580000000000000024e-03 9.949713420568834232e-01
1.611900000000000095e-03 9.947474533106961392e-01
1.644499999999999912e-03 9.945076398469427925e-01
1.677700000000000068e-03 9.942530203570789649e-01
1.711599999999999970e-03 9.940095746547359390e-01
1.746200000000000052e-03 9.937280173155913499e-01
1.781400000000000041e-03 9.934588462466811265e-01
1.817400000000000048e-03 9.931544164672998498e-01
1.854100000000000019e-03 9.928400399841922352e-01
1.891600000000000009e-03 9.925395268189181053e-01
1.929799999999999962e-03 9.922076177254303131e-01
1.968800000000000151e-03 9.918683105865805372e-01
2.008600000000000142e-03 9.915223159393403707e-01
2.049099999999999880e-03 9.911493182010671088e-01
2.090499999999999910e-03 9.907717248976367630e-01
2.132799999999999800e-03 9.903699018627710737e-01
2.175799999999999870e-03 9.899455215510334360e-01
2.219800000000000072e-03 9.895198395532659452e-01
2.264599999999999860e-03 9.890739918537537756e-01
2.310400000000000214e-03 9.886094422227696965e-01
2.357099999999999994e-03 9.881091944397922822e-01
2.404700000000000067e-03 9.876119130275899938e-01
2.453299999999999838e-03 9.870819578010621154e-01
2.502799999999999903e-03 9.865219612748639122e-01
2.553399999999999941e-03 9.859681298337283906e-01
2.605000000000000111e-03 9.853698322883213123e-01
2.657599999999999980e-03 9.847630173564752010e-01
2.711299999999999821e-03 9.841163164278923237e-01
2.765999999999999796e-03 9.834481870290461281e-01
2.821900000000000016e-03 9.827758007117437522e-01
2.878900000000000209e-03 9.820382541680261479e-01
2.937100000000000214e-03 9.813002793509287836e-01
2.996400000000000192e-03 9.805174353205848847e-01
3.056899999999999982e-03 9.797073256996329249e-01
3.118699999999999858e-03 9.788719136919846742e-01
3.181699999999999980e-03 9.779988330558282428e-01
3.246000000000000187e-03 9.770769230769230651e-01
3.311500000000000207e-03 9.761361449426771975e-01
3.378400000000000153e-03 9.751645114651317225e-01
3.446700000000000024e-03 9.741382745566845580e-01
3.516299999999999981e-03 9.730732064039280260e-01
3.587400000000000137e-03 9.719722161593077336e-01
3.659799999999999946e-03 9.708247591874866744e-01
3.733799999999999793e-03 9.696337678460583698e-01
3.809199999999999999e-03 9.684020316468060496e-01
3.886099999999999971e-03 9.671201950211953946e-01
3.964600000000000415e-03 9.657909657909657941e-01
4.044700000000000031e-03 9.644060706068282585e-01
4.126399999999999686e-03 9.629570347334962532e-01
4.209799999999999653e-03 9.614700985465507443e-01
4.294799999999999660e-03 9.599140937219781122e-01
4.381600000000000251e-03 9.583147205909591237e-01
4.470100000000000288e-03 9.566425017158546318e-01
4.560400000000000044e-03 9.549115861704936536e-01
4.652500000000000385e-03 9.531154185937744661e-01
4.746499999999999851e-03 9.512464693601866417e-01
4.842400000000000176e-03 9.493187406780343451e-01
4.940199999999999626e-03 9.473250620347395401e-01
5.040000000000000209e-03 9.452776691435276213e-01
5.141899999999999596e-03 9.430511412886449785e-01
5.245699999999999842e-03 9.408426646422470840e-01
5.351700000000000033e-03 9.385636805685431128e-01
5.459799999999999896e-03 9.361349184406966284e-01
5.570099999999999704e-03 9.336845930232559043e-01
5.682600000000000325e-03 9.310468344228530757e-01
5.797400000000000296e-03 9.283948437224086581e-01
5.914499999999999619e-03 9.257292120156725979e-01
6.034000000000000301e-03 9.227994847574066961e-01
6.155899999999999740e-03 9.199491740787801852e-01
6.280299999999999945e-03 9.168477352498747290e-01
6.407200000000000048e-03 9.136637255710398087e-01
6.536600000000000049e-03 9.104003906249998890e-01
6.668600000000000222e-03 9.070608080970359310e-01
6.803299999999999972e-03 9.037195653898009162e-01
6.940799999999999574e-03 9.000783085356304225e-01
7.080999999999999621e-03 8.963730569948186178e-01
7.224000000000000386e-03 8.925979680696662921e-01
7.369999999999999815e-03 8.886121802128141844e-01
7.518900000000000236e-03 8.846383296047725109e-01
7.670800000000000188e-03 8.804540094339622369e-01
7.825699999999999670e-03 8.761474573801544263e-01
7.983799999999999231e-03 8.717764010949431430e-01
8.145100000000000603e-03 8.672793331908527081e-01
8.309600000000000319e-03 8.625986471251410048e-01
8.477500000000000660e-03 8.578499721137757827e-01
8.648799999999999891e-03 8.529837875129355762e-01
8.823499999999999746e-03 8.478661659269375317e-01
9.001699999999999632e-03 8.427528393726337885e-01
9.183600000000000096e-03 8.373945641986878519e-01
9.369099999999999998e-03 8.319740070287117151e-01
9.558300000000000476e-03 8.264354224149258465e-01
9.751400000000000345e-03 8.207682291666666963e-01
9.948399999999999604e-03 8.149725717973540506e-01
1.014900000000000004e-02 8.089966726388533313e-01
1.035400000000000036e-02 8.029447229802627595e-01
1.056400000000000047e-02 7.967510389119758507e-01
1.077700000000000012e-02 7.903780068728523123e-01
1.099499999999999957e-02 7.839732059790361918e-01
1.121699999999999954e-02 7.774835252817640097e-01
1.144300000000000005e-02 7.707836300238575244e-01
1.167499999999999961e-02 7.639944083145930875e-01
1.191000000000000045e-02 7.570979823607587589e-01
1.215100000000000034e-02 7.500900900900902002e-01
1.239700000000000003e-02 7.430261035780419965e-01
1.264700000000000026e-02 7.358849399738499608e-01
1.290200000000000027e-02 7.285148163482580985e-01
1.316299999999999935e-02 7.211589423473293570e-01
1.342899999999999996e-02 7.137662032963810743e-01
1.370000000000000037e-02 7.062123780024545106e-01
1.397699999999999984e-02 6.986077940234169947e-01
1.425900000000000084e-02 6.909270446096653640e-01
1.454699999999999917e-02 6.832193765210338166e-01
1.484100000000000003e-02 6.754177991094663103e-01
1.514099999999999994e-02 6.675711563997459574e-01
1.544700000000000066e-02 6.596701649175412685e-01
1.575899999999999870e-02 6.517229457185663710e-01
1.607700000000000101e-02 6.437582810069704120e-01
1.640199999999999991e-02 6.357455634938925515e-01
1.673399999999999888e-02 6.277313346785817760e-01
1.707200000000000037e-02 6.196467736349994260e-01
1.741600000000000092e-02 6.115735923228119431e-01
1.776799999999999907e-02 6.034992178900411286e-01
1.812700000000000075e-02 5.953763940520445663e-01
1.849299999999999902e-02 5.872516459826371271e-01
1.886699999999999836e-02 5.791345029239766129e-01
1.924800000000000122e-02 5.710082799929531161e-01
1.963700000000000168e-02 5.629159782865235107e-01
2.003399999999999972e-02 5.548075212052908656e-01
2.043800000000000130e-02 5.467036572996838428e-01
2.085100000000000148e-02 5.386153476642248084e-01
2.127199999999999924e-02 5.305157506499788012e-01
2.170199999999999907e-02 5.224686243450711309e-01
2.214100000000000096e-02 5.143901240633828031e-01
2.258800000000000044e-02 5.063816604708797353e-01
2.304399999999999851e-02 4.983490713526358973e-01
2.350999999999999965e-02 4.903682182782795329e-01
2.398499999999999938e-02 4.823844779167730801e-01
2.446900000000000117e-02 4.744433688286543993e-01
2.496400000000000008e-02 4.665230166503427922e-01
2.546800000000000105e-02 4.586633172473061348e-01
2.598200000000000162e-02 4.507901432971742617e-01
2.650699999999999931e-02 4.429754309759739161e-01
2.704300000000000107e-02 4.352078744493392271e-01
2.758899999999999894e-02 4.274708388628902789e-01
2.814600000000000088e-02 4.197560629697915657e-01
2.871500000000000094e-02 4.121020025932862763e-01
2.929500000000000159e-02 4.044955337531117578e-01
2.988700000000000037e-02 3.969324696597423818e-01
3.048999999999999974e-02 3.894250435573062274e-01
3.110600000000000170e-02 3.819569743233865444e-01
3.173499999999999932e-02 3.745288944723617619e-01
3.237600000000000200e-02 3.671412573988161454e-01
3.302999999999999686e-02 3.597896967720899397e-01
3.369699999999999779e-02 3.524929366794083418e-01
3.437799999999999884e-02 3.452042026775122840e-01
3.507199999999999901e-02 3.379742459597269155e-01
3.578100000000000031e-02 3.307970375595132850e-01
3.650400000000000172e-02 3.236214806152739043e-01
3.724100000000000327e-02 3.165121615419917434e-01
3.799299999999999899e-02 3.094502200992788055e-01
3.876099999999999685e-02 3.024658319793558370e-01
3.954400000000000276e-02 2.955241345685031829e-01
4.034299999999999692e-02 2.886501541828309647e-01
4.115800000000000014e-02 2.818806245751449002e-01
4.198899999999999855e-02 2.751988909694705887e-01
4.283800000000000108e-02 2.686288570645181673e-01
4.370299999999999879e-02 2.621670123255139817e-01
4.458600000000000063e-02 2.558147171174326440e-01
4.548599999999999866e-02 2.495848980910884418e-01
4.640500000000000180e-02 2.434482836827959740e-01
4.734300000000000314e-02 2.374103208839880852e-01
4.829900000000000165e-02 2.314556412842100341e-01
4.927499999999999936e-02 2.255781534832183577e-01
5.027000000000000218e-02 2.197577473651093627e-01
5.128599999999999826e-02 2.139961674528301772e-01
5.232200000000000045e-02 2.082865903821703446e-01
5.337900000000000283e-02 2.026249573254770286e-01
5.445699999999999846e-02 1.970250689235109320e-01
5.555700000000000222e-02 1.914965544142504528e-01
5.668000000000000121e-02 1.860416062435731877e-01
5.782500000000000140e-02 1.806673261503087824e-01
5.899299999999999683e-02 1.754050572842519307e-01
6.018400000000000138e-02 1.702388158256754602e-01
6.140000000000000319e-02 1.651816886853057220e-01
6.264100000000000223e-02 1.602423141855945088e-01
6.390600000000000447e-02 1.554007270209450953e-01
6.519700000000000495e-02 1.506555668120219127e-01
6.651400000000000368e-02 1.460274710476703597e-01
6.785800000000000165e-02 1.414945108637564453e-01
6.922899999999999887e-02 1.370634499547454810e-01
7.062699999999999534e-02 1.327348242811501600e-01
7.205400000000000693e-02 1.285108195324913549e-01
7.351000000000000589e-02 1.243870424905342831e-01
7.499400000000000510e-02 1.203599140917278737e-01
7.650899999999999368e-02 1.164220150719668528e-01
7.805499999999999938e-02 1.125659375115275335e-01
7.963199999999999446e-02 1.087866587799805329e-01
8.124099999999999377e-02 1.050842096939985787e-01
8.288199999999999734e-02 1.014619043713606145e-01
8.455600000000000616e-02 9.793094640044276711e-02
8.626399999999999346e-02 9.449431742802813505e-02
8.800700000000000189e-02 9.115113367485239149e-02
8.978500000000000369e-02 8.788919905518573217e-02
9.159799999999999887e-02 8.470186212361330291e-02
9.344900000000000428e-02 8.157759638585142248e-02
9.533700000000000507e-02 7.852247370098820733e-02
9.726300000000000223e-02 7.555354350152276854e-02
9.922699999999999576e-02 7.269154650834040721e-02
1.012300000000000005e-01 6.994565691203394331e-02
1.032799999999999968e-01 6.730923934094092120e-02
1.053599999999999953e-01 6.476306567118696178e-02
1.074900000000000022e-01 6.227412683108884961e-02
1.096599999999999936e-01 5.982445578123514462e-02
1.118799999999999933e-01 5.741833542936376766e-02
1.141400000000000053e-01 5.507265391806343002e-02
1.164400000000000018e-01 5.281022628662973561e-02
1.188000000000000028e-01 5.064599483204135222e-02
1.212000000000000022e-01 4.857370905052748461e-02
1.236499999999999960e-01 4.658166708101004611e-02
1.261400000000000021e-01 4.465633546034639828e-02
1.286899999999999988e-01 4.278950928082963373e-02
1.312899999999999900e-01 4.097870024875621686e-02
1.339400000000000035e-01 3.921940587665483091e-02
1.366499999999999937e-01 3.751146065525508277e-02
1.394100000000000061e-01 3.586508459679191296e-02
1.422299999999999953e-01 3.429360077287573610e-02
1.451000000000000068e-01 3.279855421686746902e-02
1.480299999999999949e-01 3.136182451183208014e-02
1.510199999999999876e-01 2.995834651481598526e-02
1.540700000000000125e-01 2.858672964956607623e-02
1.571799999999999864e-01 2.727003305596717442e-02
1.603600000000000025e-01 2.602401836698652049e-02
1.635999999999999954e-01 2.484380675626588972e-02
1.668999999999999928e-01 2.370448483344705579e-02
1.702799999999999869e-01 2.259017432646592827e-02
1.737100000000000033e-01 2.150650359153562577e-02
1.772199999999999886e-01 2.046942148760330649e-02
1.807999999999999885e-01 1.948469664138678323e-02
1.844600000000000128e-01 1.855740444196895059e-02
1.881799999999999862e-01 1.767587397496762913e-02
1.919800000000000118e-01 1.682256257004108996e-02
1.958600000000000063e-01 1.598814999610197185e-02
1.998199999999999976e-01 1.519147546337878789e-02
2.038600000000000134e-01 1.444177876788621182e-02
2.079699999999999882e-01 1.372067942841736186e-02
2.121800000000000075e-01 1.302360575566632178e-02
2.164600000000000135e-01 1.235911006566696099e-02
2.208299999999999985e-01 1.173487535442433241e-02
2.253000000000000003e-01 1.114292006166042737e-02
2.298499999999999988e-01 1.057068000733161518e-02
2.344900000000000040e-01 1.001394561211275958e-02
2.392299999999999982e-01 9.483033114992720294e-03
2.440599999999999992e-01 8.989193370683793913e-03
2.489899999999999891e-01 8.521615651625118193e-03
2.540200000000000236e-01 8.068333964885689158e-03
2.591499999999999915e-01 7.637530199215810528e-03
2.643900000000000139e-01 7.228907330567082082e-03
2.697300000000000253e-01 6.836141820131273229e-03
2.751799999999999802e-01 6.462714815655992012e-03
2.807399999999999896e-01 6.112765722750121943e-03
2.864099999999999979e-01 5.783061697749615829e-03
2.921900000000000053e-01 5.461708481668325899e-03
2.980999999999999761e-01 5.154834889229483082e-03
3.041200000000000014e-01 4.869892492481677632e-03
3.102599999999999802e-01 4.598396950843562994e-03
3.165299999999999780e-01 4.340540645738862925e-03
3.229199999999999848e-01 4.095493736782170394e-03
3.294500000000000206e-01 3.861059706889584213e-03
3.361000000000000099e-01 3.639717320769811967e-03
3.428899999999999726e-01 3.434822875665663380e-03
3.498200000000000198e-01 3.236489574063830272e-03
3.568899999999999850e-01 3.047457542582108960e-03
3.640900000000000247e-01 2.870777507630231391e-03
3.714500000000000024e-01 2.703886887801730532e-03
3.789500000000000091e-01 2.546330532212885168e-03
3.866100000000000092e-01 2.395799818655122964e-03
3.944199999999999928e-01 2.252811048643363172e-03
4.023900000000000254e-01 2.120983167559296195e-03
4.105199999999999960e-01 1.993824701195219019e-03
4.188100000000000156e-01 1.874106557094022988e-03
4.272699999999999831e-01 1.761672173538284805e-03
4.359000000000000097e-01 1.655932076600838019e-03
4.447099999999999942e-01 1.555403823644167316e-03
4.536899999999999822e-01 1.460118950627342519e-03
4.628599999999999937e-01 1.371858655440745187e-03
4.722100000000000186e-01 1.287304332402110793e-03
4.817400000000000015e-01 1.208113852693835921e-03
4.914799999999999724e-01 1.133522727272727156e-03
5.014100000000000223e-01 1.063576558027419299e-03
5.115300000000000402e-01 9.970121088221418643e-04
5.218699999999999450e-01 9.353073176071370100e-04
5.324100000000000499e-01 8.762639245929733194e-04
5.431700000000000417e-01 8.211348194063654076e-04
5.541399999999999659e-01 7.697282507306759270e-04
5.653299999999999992e-01 7.206283266259898854e-04
5.767499999999999849e-01 6.751982647597098248e-04
5.884000000000000341e-01 6.320118929633300464e-04
6.002899999999999903e-01 5.914756764749372082e-04
6.124199999999999644e-01 5.535057915057914986e-04
6.247899999999999565e-01 5.178980480722696154e-04
6.374100000000000321e-01 4.844566133108677204e-04
6.502900000000000347e-01 4.531197747073836216e-04
6.634200000000000097e-01 4.237679293858035833e-04
6.768300000000000427e-01 3.962055715658021260e-04
6.905000000000000027e-01 3.703752032601931180e-04
7.044500000000000206e-01 3.461445669390452416e-04
7.186799999999999855e-01 3.234336457819437399e-04
7.331999999999999629e-01 3.021440931437150302e-04
7.480099999999999527e-01 2.821956537364927868e-04
7.631200000000000205e-01 2.635053044251556352e-04
7.785400000000000098e-01 2.460087748019120619e-04
7.942599999999999660e-01 2.296103540368417460e-04
8.103099999999999747e-01 2.142836680321998511e-04
8.266799999999999704e-01 1.999340794342816896e-04
8.433800000000000185e-01 1.865126629889669006e-04
8.604100000000000081e-01 1.739515362166770603e-04
8.778000000000000247e-01 1.622199732409344982e-04
8.955300000000000482e-01 1.512500673044133619e-04
9.136199999999999877e-01 1.409983848552003960e-04
9.320800000000000196e-01 1.314190251572326846e-04
9.509100000000000330e-01 1.224704309369536136e-04
9.701100000000000279e-01 1.141107068271363074e-04
9.897099999999999786e-01 1.063057784188226789e-04
1.009700000000000042e+00 9.901854385882130638e-05
1.030100000000000016e+00 9.221212270908461035e-05
1.050899999999999945e+00 8.586391496625029479e-05
1.072100000000000053e+00 7.993663344887347549e-05
1.093800000000000106e+00 7.440943765419844361e-05
1.115899999999999892e+00 6.925247245404056440e-05
1.138400000000000079e+00 6.444257807639666464e-05
1.161399999999999988e+00 5.995699205004561373e-05
1.184900000000000064e+00 5.577323458138503396e-05
1.208800000000000097e+00 5.187900025029499262e-05
1.233300000000000063e+00 4.824305087285532485e-05
1.258199999999999985e+00 4.486183074265976539e-05
1.283600000000000074e+00 4.170779861796643435e-05
1.309500000000000108e+00 3.877112068965517456e-05
1.336000000000000076e+00 3.603767618359234140e-05
1.362999999999999989e+00 3.349100378787878515e-05
1.390500000000000069e+00 3.112065114894039066e-05
1.418600000000000083e+00 2.891420841787628482e-05
1.447200000000000042e+00 2.686010362694300511e-05
1.476499999999999924e+00 2.494967978042085858e-05
1.506299999999999972e+00 2.317225253312548848e-05
1.536699999999999955e+00 2.151819953479600035e-05
1.567800000000000082e+00 1.998022282286241393e-05
1.599399999999999933e+00 1.854891116488074468e-05
1.631799999999999917e+00 1.721940255220417537e-05
1.664700000000000069e+00 1.598250950570342268e-05
1.698399999999999910e+00 1.483407785577536699e-05
1.732699999999999907e+00 1.376537528240314646e-05
1.767700000000000049e+00 1.277299859550561983e-05
1.803399999999999892e+00 1.185007827608435498e-05
1.839800000000000102e+00 1.099333268914871077e-05
1.877000000000000002e+00 1.019628120120850986e-05
1.914900000000000047e+00 9.456791174186409283e-06
1.953600000000000003e+00 8.769802726328833670e-06
1.993000000000000105e+00 8.131766415147396063e-06
2.033300000000000107e+00 7.539413168056272305e-06
2.074399999999999800e+00 6.989441619123835199e-06
2.116299999999999848e+00 6.478924763233839607e-06
2.158999999999999808e+00 6.005063363154076653e-06
2.202599999999999891e+00 5.565377092261060235e-06
2.247100000000000097e+00 5.157467354328980095e-06
2.292499999999999982e+00 4.779037806343302063e-06
2.338799999999999990e+00 4.427969030830914221e-06
2.386099999999999888e+00 4.102275614270678208e-06
2.434299999999999908e+00 3.800213430901745626e-06
2.483499999999999819e+00 3.520182513158158174e-06
2.533599999999999852e+00 3.260682233758591060e-06
2.584799999999999986e+00 3.019800887397629681e-06
2.637000000000000011e+00 2.796661256665894005e-06
2.690300000000000136e+00 2.589624939113492350e-06
2.744699999999999918e+00 2.397922636103152414e-06
2.800100000000000033e+00 2.220167705869705472e-06
2.856700000000000017e+00 2.055425360702487548e-06
2.914400000000000102e+00 1.902788490062296079e-06
2.973300000000000054e+00 1.761314050617129902e-06
3.033300000000000107e+00 1.630313748608109076e-06
3.094599999999999795e+00 1.508878794135866217e-06
3.157099999999999795e+00 1.396427021553594646e-06
3.220899999999999874e+00 1.292262085740346499e-06
3.286000000000000032e+00 1.195798050806838237e-06
3.352300000000000058e+00 1.106460685949372440e-06
3.420100000000000140e+00 1.023783259056612072e-06
3.489199999999999857e+00 9.471731366819719256e-07
3.559600000000000097e+00 8.762187987519500854e-07
3.631600000000000161e+00 8.106293562935629781e-07
3.704899999999999860e+00 7.498383620689655652e-07
3.779799999999999827e+00 6.936105131981421126e-07
3.856100000000000083e+00 6.415341552021916736e-07
3.934000000000000163e+00 5.933500313087038138e-07
4.013499999999999623e+00 5.487555965235711924e-07
4.094599999999999795e+00 5.074702298532262544e-07
4.177299999999999791e+00 4.692559697146185068e-07
4.261700000000000266e+00 4.339254268432739205e-07
4.347800000000000331e+00 4.011916264090176816e-07
4.435599999999999987e+00 3.709289524938606114e-07
4.525199999999999889e+00 3.429194869967937633e-07
4.616600000000000037e+00 3.170414090312909997e-07
4.709900000000000198e+00 2.930725266062278540e-07
4.804999999999999716e+00 2.709048127455350100e-07
4.902099999999999902e+00 2.504143586164783709e-07
5.001100000000000101e+00 2.314566269759331762e-07
5.102100000000000080e+00 2.139245242031836151e-07
5.205199999999999605e+00 1.977195967393788613e-07
5.310399999999999565e+00 1.827241637276904763e-07
5.417600000000000193e+00 1.688711468450866814e-07
5.527099999999999902e+00 1.560669703602910633e-07
5.638700000000000045e+00 1.442189469752384961e-07
5.752600000000000158e+00 1.332710984457655551e-07
5.868900000000000006e+00 1.231519622205753313e-07
5.987400000000000055e+00 1.137959805557570993e-07
6.108399999999999608e+00 1.051503292927364800e-07
6.231799999999999784e+00 9.715709320314225168e-08
6.357700000000000351e+00 8.977140561229883953e-08
6.486100000000000421e+00 8.294566741603045281e-08
6.617099999999999760e+00 7.663652125017571669e-08
6.750799999999999912e+00 7.080425185587096897e-08
6.887199999999999989e+00 6.541616906381432325e-08
7.026299999999999990e+00 6.043346360928147415e-08
7.168199999999999683e+00 5.583081570996979081e-08
7.312999999999999723e+00 5.157518478129165239e-08
7.460799999999999876e+00 4.764152447775474396e-08
7.611500000000000377e+00 4.400940228341168830e-08
7.765299999999999869e+00 4.064986034013365537e-08
7.922100000000000364e+00 3.754653760238272037e-08
8.082200000000000273e+00 3.467735612356908495e-08
8.245400000000000063e+00 3.202567701453104011e-08
8.412000000000000810e+00 2.957701169412685173e-08
8.581899999999999196e+00 2.731447145538616125e-08
8.755300000000000082e+00 2.522613307618129268e-08
8.932199999999999918e+00 2.329609505915807752e-08
9.112600000000000477e+00 2.151353085891539246e-08
9.296699999999999520e+00 1.986874718341595475e-08
9.484500000000000597e+00 1.834935326925358697e-08
9.676099999999999923e+00 1.694644084744703351e-08
9.871600000000000819e+00 1.565174456879525803e-08
1.007099999999999973e+01 1.445561719833564241e-08
1.027399999999999913e+01 1.335086565855796687e-08
1.048199999999999932e+01 1.233107588117592764e-08
1.069400000000000084e+01 1.138884384627857990e-08
1.091000000000000014e+01 1.051849320919108205e-08
1.113000000000000078e+01 9.713822894168465974e-09
1.135500000000000043e+01 8.971363550161198290e-09
1.158399999999999963e+01 8.284115884115884443e-09
1.181799999999999962e+01 7.650111583645626673e-09
1.205700000000000038e+01 7.063912860216961806e-09
1.230100000000000016e+01 6.522394688858758616e-09
1.254899999999999949e+01 6.022170218007144315e-09
1.280300000000000082e+01 5.560127198390550387e-09
1.306099999999999994e+01 5.133501121628275392e-09
1.332499999999999929e+01 4.739444436435974718e-09
1.359399999999999942e+01 4.375674156449873956e-09
1.386899999999999977e+01 4.039708590184933624e-09
1.414899999999999913e+01 3.729517187842786844e-09
1.443500000000000050e+01 3.443375251240639696e-09
1.472700000000000031e+01 3.178912240574439078e-09
1.502399999999999913e+01 2.934945854082681439e-09
1.532799999999999940e+01 2.709813152248630467e-09
1.563700000000000045e+01 2.501811474869902814e-09
1.595299999999999940e+01 2.309747008309608369e-09
1.627499999999999858e+01 2.132445160188370905e-09
1.660399999999999920e+01 1.968771704180063899e-09
1.694000000000000128e+01 1.817627118644067601e-09
1.728200000000000003e+01 1.678074163021413981e-09
1.763100000000000023e+01 1.549192187123221482e-09
1.798699999999999832e+01 1.430242166147587826e-09
1.835099999999999909e+01 1.320399410266720220e-09
1.872100000000000009e+01 1.218979649519502523e-09
1.909900000000000020e+01 1.125316644315303154e-09
1.948499999999999943e+01 1.038887579542776424e-09
1.987900000000000134e+01 9.590771652238744133e-10
2.028000000000000114e+01 8.854335007643590274e-10
2.069000000000000128e+01 8.174658007461655880e-10
2.110800000000000054e+01 7.546629104332621034e-10
2.153500000000000014e+01 6.967523819280811336e-10
2.196999999999999886e+01 6.432931770298741717e-10
2.241300000000000026e+01 5.938924339106654761e-10
2.286599999999999966e+01 5.483146067415730293e-10
2.332799999999999940e+01 5.062357414448669278e-10
2.379899999999999949e+01 4.674085956821067700e-10
2.428000000000000114e+01 4.315637337845459759e-10
2.477100000000000080e+01 3.984309934562760172e-10
2.527100000000000080e+01 3.678719899599968899e-10
2.578200000000000003e+01 3.396293538512451859e-10
2.630199999999999960e+01 3.135800314190958036e-10
2.683399999999999963e+01 2.895139016755661743e-10
2.737600000000000122e+01 2.672914441099349354e-10
2.792899999999999849e+01 2.467778620166792892e-10
2.849299999999999855e+01 2.278293576593422158e-10
2.906899999999999906e+01 2.103330710726462143e-10
2.965599999999999881e+01 1.941751076678776672e-10
3.025499999999999901e+01 1.792486356136565731e-10
3.086599999999999966e+01 1.654682039127465547e-10
3.148999999999999844e+01 1.527408872562870839e-10
3.212599999999999767e+01 1.409805763010002558e-10
3.277499999999999858e+01 1.301252005410676684e-10
3.343699999999999761e+01 1.201048893019550470e-10
3.411200000000000188e+01 1.108558219358002097e-10
3.480100000000000193e+01 1.023191351750900958e-10
3.550399999999999778e+01 9.444065284792233506e-11
3.622200000000000131e+01 8.717410539745252220e-11
3.695300000000000296e+01 8.046556067054632860e-11
3.770000000000000284e+01 7.428158944039599287e-11
3.846200000000000330e+01 6.857799274486094361e-11
3.923899999999999721e+01 6.331640335877082929e-11
4.003099999999999881e+01 5.846464646464645702e-11
4.084000000000000341e+01 5.398567204912439711e-11
4.166499999999999915e+01 4.985148069249002676e-11
4.250699999999999790e+01 4.603204762809551359e-11
4.336500000000000199e+01 4.250618356842034871e-11
4.424099999999999966e+01 3.924854471688128630e-11
4.513499999999999801e+01 3.624027110564927569e-11
4.604699999999999704e+01 3.345754716981131910e-11
4.697699999999999676e+01 3.088502551761338008e-11
4.792600000000000193e+01 2.850816871797118033e-11
4.889399999999999835e+01 2.630987608655446706e-11
4.988199999999999790e+01 2.427909019914095740e-11
5.089000000000000057e+01 2.240313272877163950e-11
5.191799999999999926e+01 2.067177980852915429e-11
5.296600000000000108e+01 1.907482915063458579e-11
5.403600000000000136e+01 1.760033951740026584e-11
5.512800000000000011e+01 1.624015874031876194e-11
5.624199999999999733e+01 1.498682165303777909e-11
5.737800000000000011e+01 1.383089546914020708e-11
5.853699999999999903e+01 1.276480337501883232e-11
5.971999999999999886e+01 1.178346989101901253e-11
6.092600000000000193e+01 1.087770871829329732e-11
6.215699999999999648e+01 1.004345898004434681e-11
6.341199999999999903e+01 9.272616594867952346e-12
6.469299999999999784e+01 8.561906645569620136e-12
6.600000000000000000e+01 7.905971302658785509e-12
6.733400000000000318e+01 7.300558018482983040e-12
6.869400000000000261e+01 6.741667248969325199e-12
7.008199999999999363e+01 6.225663227028422753e-12
7.149699999999999989e+01 5.749003104339580953e-12
7.294199999999999307e+01 5.308787621059563071e-12
7.441500000000000625e+01 4.902349975370171395e-12
7.591800000000000637e+01 4.526633104313629200e-12
7.745199999999999818e+01 4.179461486246242280e-12
7.901699999999999591e+01 3.858825537726186516e-12
8.061299999999999955e+01 3.562323073871729148e-12
8.224099999999999966e+01 3.288386089208852202e-12
8.390300000000000580e+01 3.034985012171323867e-12
8.559799999999999898e+01 2.800918055083304996e-12
8.732699999999999818e+01 2.584577393646874033e-12
8.909099999999999397e+01 2.384566129912016573e-12
9.089100000000000534e+01 2.200025053238131225e-12
9.272700000000000387e+01 2.029564342808744770e-12
9.459999999999999432e+01 1.872242261555238774e-12
9.651099999999999568e+01 1.727178729689807908e-12
9.846099999999999852e+01 1.593420313377863670e-12
1.004500000000000028e+02 1.470105200672756674e-12
1.024800000000000040e+02 1.356493257604794687e-12
1.045499999999999972e+02 1.251831670409778776e-12
1.066599999999999966e+02 1.155462184873949605e-12
1.088199999999999932e+02 1.066680369989722469e-12
1.110100000000000051e+02 9.847958297132927174e-13
1.132600000000000051e+02 9.093329660744616106e-13
1.155400000000000063e+02 8.397050261983310799e-13
1.178799999999999955e+02 7.753794093519278368e-13
1.202600000000000051e+02 7.160119208886481021e-13
1.226899999999999977e+02 6.611877899318481626e-13
1.251700000000000017e+02 6.104957327038314535e-13
1.277000000000000028e+02 5.636468330134357879e-13
1.302800000000000011e+02 5.203354297693920109e-13
1.329099999999999966e+02 4.802916577310744731e-13
1.355900000000000034e+02 4.433159525428852347e-13
1.383300000000000125e+02 4.091388400702987080e-13
1.411299999999999955e+02 3.775947977366776408e-13
1.439799999999999898e+02 3.484821428571428634e-13
1.468899999999999864e+02 3.215971304511987636e-13
1.498499999999999943e+02 2.968063872255489138e-13
1.528799999999999955e+02 2.739513533477549654e-13
1.559699999999999989e+02 2.528815147897303399e-13
1.591200000000000045e+02 2.334465996507622008e-13
1.623300000000000125e+02 2.155306858304949270e-13
1.656100000000000136e+02 1.990051720498206057e-13
1.689600000000000080e+02 1.837665871321528549e-13
1.723700000000000045e+02 1.696943759868955201e-13
1.758499999999999943e+02 1.566928888056439998e-13
1.794099999999999966e+02 1.446913539482590888e-13
1.830300000000000011e+02 1.336040236810394423e-13
1.867299999999999898e+02 1.233571652903249618e-13
1.905000000000000000e+02 1.138886717223047491e-13
1.943499999999999943e+02 1.051366888622358215e-13
1.982800000000000011e+02 9.704395772706386098e-14
2.022800000000000011e+02 8.956958625639601554e-14
2.063700000000000045e+02 8.266078647556045031e-14
2.105399999999999920e+02 7.628283247335805529e-14
2.147899999999999920e+02 7.038937518865076783e-14
2.191299999999999955e+02 6.495033978044955197e-14
2.235600000000000023e+02 5.992930690026125665e-14
2.280699999999999932e+02 5.529603122966817819e-14
2.326800000000000068e+02 5.101914336868199758e-14
