1.000000000000000048e-04 1.000000000000000000e+00
1.020200000000000024e-04 1.000000000000000000e+00
1.040800000000000064e-04 1.000062274255822725e+00
1.061800000000000032e-04 1.000000000000000000e+00
1.083300000000000013e-04 1.000000000000000000e+00
1.105200000000000057e-04 1.000000000000000000e+00
1.127500000000000030e-04 1.000000000000000000e+00
1.150300000000000015e-04 1.000000000000000000e+00
1.173500000000000064e-04 1.000055370985603487e+00
1.197199999999999989e-04 1.000054297659770830e+00
1.221399999999999927e-04 1.000053245301102178e+00
1.246099999999999877e-04 1.000000000000000000e+00
1.271199999999999891e-04 1.000051200655368344e+00
1.296899999999999865e-04 1.000050208364713367e+00
1.323100000000000122e-04 1.000049234405002041e+00
1.349900000000000069e-04 1.000000000000000000e+00
1.377100000000000080e-04 1.000047344001514960e+00
1.404900000000000051e-04 1.000000000000000000e+00
1.433299999999999982e-04 1.000045526974732368e+00
1.462299999999999874e-04 1.000000000000000000e+00
1.491800000000000049e-04 1.000000000000000000e+00
1.522000000000000132e-04 1.000042929509744827e+00
1.552699999999999957e-04 1.000000000000000000e+00
1.584099999999999961e-04 1.000041281373843960e+00
1.616099999999999926e-04 1.000040480913249485e+00
1.648700000000000122e-04 1.000039696717081261e+00
1.681999999999999956e-04 1.000038927167270053e+00
1.715999999999999969e-04 1.000038172309806406e+00
1.750699999999999891e-04 1.000037432154220474e+00
1.786000000000000044e-04 1.000036706676944664e+00
1.822100000000000054e-04 1.000000000000000000e+00
1.858899999999999973e-04 1.000035297024460812e+00
1.896500000000000020e-04 1.000034612855214444e+00
1.934799999999999975e-04 1.000033942027017897e+00
1.973900000000000058e-04 1.000033284516043119e+00
2.013799999999999998e-04 1.000032639206214435e+00
2.054400000000000117e-04 1.000032006145179952e+00
2.095900000000000042e-04 1.000031386334390149e+00
2.138300000000000042e-04 1.000030777753839528e+00
2.181499999999999900e-04 1.000030181390154871e+00
2.225499999999999885e-04 1.000029596306380997e+00
2.270499999999999895e-04 1.000029022521476740e+00
2.316399999999999980e-04 1.000028460027890809e+00
2.363199999999999871e-04 1.000027908794061116e+00
2.410900000000000109e-04 1.000027367268746525e+00
2.459599999999999829e-04 1.000026836992109924e+00
2.509300000000000115e-04 1.000026317174588231e+00
2.559999999999999884e-04 1.000025807117603138e+00
2.611700000000000219e-04 1.000025306845501838e+00
2.664499999999999985e-04 1.000024816358943802e+00
2.718299999999999775e-04 1.000024335637107020e+00
2.773200000000000079e-04 1.000023864070255675e+00
2.829199999999999814e-04 1.000023401666198630e+00
2.886400000000000012e-04 1.000022948411969814e+00
2.944700000000000182e-04 1.000022503769381288e+00
3.004199999999999731e-04 1.000022067747986299e+00
3.064899999999999743e-04 1.000021639869295154e+00
3.126800000000000217e-04 1.000021220609455863e+00
3.189900000000000070e-04 1.000020809489126972e+00
3.254399999999999741e-04 1.000020406497428738e+00
3.320099999999999874e-04 1.000020011206275594e+00
3.387199999999999825e-04 1.000019623618987996e+00
3.455600000000000186e-04 1.000019243351421894e+00
3.525399999999999823e-04 1.000018870772946933e+00
3.596599999999999819e-04 1.000018505153685178e+00
3.669300000000000122e-04 1.000018146844263711e+00
3.743400000000000243e-04 1.000035590988361811e+00
3.819000000000000129e-04 1.000017450788775575e+00
3.896200000000000271e-04 1.000017112738722735e+00
3.974900000000000178e-04 1.000016781339150951e+00
4.055199999999999799e-04 1.000032913142217650e+00
4.137100000000000217e-04 1.000016137882064449e+00
4.220699999999999756e-04 1.000015825288811389e+00
4.306000000000000040e-04 1.000015519034095357e+00
4.392900000000000038e-04 1.000015218615410539e+00
4.481700000000000137e-04 1.000014924036653596e+00
4.572199999999999897e-04 1.000014635074419456e+00
4.664599999999999758e-04 1.000028703876458591e+00
4.758799999999999771e-04 1.000014074001097653e+00
4.854999999999999832e-04 1.000013801670001978e+00
4.952999999999999504e-04 1.000027069460234896e+00
5.053100000000000256e-04 1.000013272809322951e+00
5.155199999999999973e-04 1.000013015918468140e+00
5.259299999999999739e-04 1.000012764219340378e+00
5.365600000000000534e-04 1.000012517211165353e+00
5.473900000000000293e-04 1.000024550420425928e+00
5.584500000000000488e-04 1.000012037750385163e+00
5.697299999999999543e-04 1.000011804981702390e+00
5.812400000000000119e-04 1.000011576753878195e+00
5.929900000000000535e-04 1.000011352928487751e+00
6.049599999999999813e-04 1.000011133377866734e+00
6.171899999999999912e-04 1.000010918222513423e+00
6.296500000000000447e-04 1.000010707211306915e+00
6.423699999999999636e-04 1.000010500341260933e+00
6.553499999999999647e-04 1.000010297388582270e+00
6.685900000000000480e-04 1.000010098459984897e+00
6.821000000000000457e-04 1.000000000000000000e+00
6.958799999999999578e-04 1.000000000000000000e+00
7.099300000000000012e-04 1.000000000000000000e+00
7.242699999999999486e-04 1.000000000000000000e+00
7.389099999999999575e-04 1.000000000000000000e+00
7.538300000000000382e-04 1.000000000000000000e+00
7.690600000000000127e-04 1.000000000000000000e+00
7.845999999999999893e-04 1.000000000000000000e+00
8.004499999999999680e-04 1.000000000000000000e+00
8.166199999999999978e-04 1.000000000000000000e+00
8.331099999999999704e-04 1.000000000000000000e+00
8.499399999999999837e-04 1.000000000000000000e+00
8.671100000000000379e-04 1.000000000000000000e+00
8.846299999999999650e-04 1.000000000000000000e+00
9.024999999999999819e-04 1.000000000000000000e+00
9.207300000000000293e-04 1.000000000000000000e+00
9.393300000000000477e-04 1.000000000000000000e+00
9.583099999999999778e-04 1.000000000000000000e+00
9.776699999999999280e-04 1.000000000000000000e+00
9.974199999999999473e-04 1.000000000000000000e+00
1.017600000000000015e-03 1.000000000000000000e+00
1.038099999999999917e-03 1.000000000000000000e+00
1.059100000000000102e-03 1.000000000000000000e+00
1.080500000000000080e-03 9.999366928336287375e-01
1.102300000000000068e-03 1.000000000000000000e+00
1.124599999999999905e-03 1.000000000000000000e+00
1.147299999999999969e-03 1.000000000000000000e+00
1.170500000000000099e-03 9.999414142597691235e-01
1.194100000000000023e-03 1.000000000000000000e+00
1.218200000000000012e-03 9.999436365685943073e-01
1.242899999999999908e-03 1.000000000000000000e+00
1.268000000000000030e-03 1.000000000000000000e+00
1.293600000000000002e-03 9.999468113398222169e-01
1.319700000000000040e-03 9.999478269943131714e-01
1.346399999999999984e-03 9.999488255462872788e-01
1.373599999999999995e-03 9.999498017167812725e-01
1.401300000000000072e-03 9.999507607464671599e-01
1.429600000000000055e-03 9.999034003091190614e-01
1.458499999999999944e-03 9.999052402160523156e-01
1.487999999999999956e-03 9.999070459193158955e-01
1.518000000000000035e-03 9.999088132038480570e-01
1.548700000000000077e-03 9.999552732802576838e-01
1.580000000000000024e-03 9.999561230310208826e-01
1.611900000000000095e-03 9.999139155511557187e-01
1.644499999999999912e-03 9.999155476733384562e-01
1.677700000000000068e-03 9.998757249378623646e-01
1.711599999999999970e-03 9.998780785174348207e-01
1.746200000000000052e-03 9.998803827751195916e-01
1.781400000000000041e-03 9.998826428822908952e-01
1.817400000000000048e-03 9.998848589522163488e-01
1.854100000000000019e-03 9.998870311793943699e-01
1.891600000000000009e-03 9.998891598315230445e-01
1.929799999999999962e-03 9.998549989124918547e-01
1.968800000000000151e-03 9.998577221313225127e-01
2.008600000000000142e-03 9.998603936897946243e-01
2.049099999999999880e-03 9.998287671232877205e-01
2.090499999999999910e-03 9.998319723090366429e-01
2.132799999999999800e-03 9.998351141010419774e-01
2.175799999999999870e-03 9.998381929387397671e-01
2.219800000000000072e-03 9.998094572707929562e-01
2.264599999999999860e-03 9.998130025556317690e-01
2.310400000000000214e-03 9.997858934361044669e-01
2.357099999999999994e-03 9.997898655139288993e-01
2.404700000000000067e-03 9.997642968680946485e-01
2.453299999999999838e-03 9.997686590902519210e-01
2.502799999999999903e-03 9.997729272515682997e-01
2.553399999999999941e-03 9.997213941437047557e-01
2.605000000000000111e-03 9.997265144263640657e-01
2.657599999999999980e-03 9.997046900587935880e-01
2.711299999999999821e-03 9.997100990934008058e-01
2.765999999999999796e-03 9.996636568264727352e-01
2.821900000000000016e-03 9.996697909522720416e-01
2.878900000000000209e-03 9.996508554042594641e-01
2.937100000000000214e-03 9.996571904307156586e-01
2.996400000000000192e-03 9.996393537218696279e-01
3.056899999999999982e-03 9.995986495738603539e-01
3.118699999999999858e-03 9.995826957852276262e-01
3.181699999999999980e-03 9.995674248116021010e-01
3.246000000000000187e-03 9.995528028083984218e-01
3.311500000000000207e-03 9.995388264230498088e-01
3.378400000000000153e-03 9.995039040593589608e-01
3.446700000000000024e-03 9.994915146507341586e-01
3.516299999999999981e-03 9.994588857208266397e-01
3.587400000000000137e-03 9.994479769377031531e-01
3.659799999999999946e-03 9.994174952294867520e-01
3.733799999999999793e-03 9.993882222923903269e-01
3.809199999999999999e-03 9.993601054856412480e-01
3.886099999999999971e-03 9.993521588354101759e-01
3.964600000000000415e-03 9.993071939482455202e-01
4.044700000000000031e-03 9.992823230650326183e-01
4.126399999999999686e-03 9.992403827024289864e-01
4.209799999999999653e-03 9.992355691454374300e-01
4.294799999999999660e-03 9.991961414790997420e-01
4.381600000000000251e-03 9.991410410582374224e-01
4.470100000000000288e-03 9.991048355768743505e-01
4.560400000000000044e-03 9.990700146140559790e-01
4.652500000000000385e-03 9.990365302023286320e-01
4.746499999999999851e-03 9.990043359563191006e-01
4.842400000000000176e-03 9.989575929874437987e-01
4.940199999999999626e-03 9.989125537897500795e-01
5.040000000000000209e-03 9.988538944666025543e-01
5.141899999999999596e-03 9.988123515439430999e-01
5.245699999999999842e-03 9.987575434859780055e-01
5.351700000000000033e-03 9.987046820649405632e-01
5.459799999999999896e-03 9.986537001761647270e-01
5.570099999999999704e-03 9.985904375281910994e-01
5.682600000000000325e-03 9.985293301515066888e-01
5.797400000000000296e-03 9.984703423974650160e-01
5.914499999999999619e-03 9.983864895390739402e-01
6.034000000000000301e-03 9.983186379643604891e-01
6.155899999999999740e-03 9.982530473893488354e-01
6.280299999999999945e-03 9.981767991269179241e-01
6.407200000000000048e-03 9.981030427194780286e-01
6.536600000000000049e-03 9.980192099263743843e-01
6.668600000000000222e-03 9.979380431047180089e-01
6.803299999999999972e-03 9.978352622476991396e-01
6.940799999999999574e-03 9.977475330123468655e-01
7.080999999999999621e-03 9.976507623276245074e-01
7.224000000000000386e-03 9.975453587597116201e-01
7.369999999999999815e-03 9.974430683180182111e-01
7.518900000000000236e-03 9.973325229605618514e-01
7.670800000000000188e-03 9.972140827561711829e-01
7.825699999999999670e-03 9.970880588518631349e-01
7.983799999999999231e-03 9.969547751716988371e-01
8.145100000000000603e-03 9.968357801879355051e-01
8.309600000000000319e-03 9.966989760518072394e-01
8.477500000000000660e-03 9.965554448871181137e-01
8.648799999999999891e-03 9.963951785513124326e-01
8.823499999999999746e-03 9.962390051562025617e-01
9.001699999999999632e-03 9.960866526904263996e-01
9.183600000000000096e-03 9.959578034112195333e-01
9.369099999999999998e-03 9.957152595189404654e-01
9.558300000000000476e-03 9.955743698287473631e-01
9.751400000000000345e-03 9.953417625249548761e-01
9.948399999999999604e-03 9.952081180118387271e-01
1.014900000000000004e-02 9.948917990155103919e-01
1.035400000000000036e-02 9.946740128558310134e-01
1.056400000000000047e-02 9.944605884489647885e-01
1.077700000000000012e-02 9.942513248899669254e-01
1.099499999999999957e-02 9.939571669776948726e-01
1.121699999999999954e-02 9.936681030692110506e-01
1.144300000000000005e-02 9.934714484679666446e-01
1.167499999999999961e-02 9.931058255773871357e-01
1.191000000000000045e-02 9.928315412186380362e-01
1.215100000000000034e-02 9.924767540152155121e-01
1.239700000000000003e-02 9.921273031825795785e-01
1.264700000000000026e-02 9.918651946542706987e-01
1.290200000000000027e-02 9.914424421953426103e-01
1.316299999999999935e-02 9.911063968668407664e-01
1.342899999999999996e-02 9.906927808352217202e-01
1.370000000000000037e-02 9.902039505379798268e-01
1.397699999999999984e-02 9.898788651577939968e-01
1.425900000000000084e-02 9.893196202531645556e-01
1.454699999999999917e-02 9.889211911683821743e-01
1.484100000000000003e-02 9.883702778645020448e-01
1.514099999999999994e-02 9.878228496083145682e-01
1.544700000000000066e-02 9.873544606369033527e-01
1.575899999999999870e-02 9.867351633185094117e-01
1.607700000000000101e-02 9.861937452326469122e-01
1.640199999999999991e-02 9.855017458630637162e-01
1.673399999999999888e-02 9.849607013301088232e-01
1.707200000000000037e-02 9.842691555020322003e-01
1.741600000000000092e-02 9.835020622422196990e-01
1.776799999999999907e-02 9.827341355856192839e-01
1.812700000000000075e-02 9.819631810389805038e-01
1.849299999999999902e-02 9.811138374600342216e-01
1.886699999999999836e-02 9.802597402597402754e-01
1.924800000000000122e-02 9.793997776954428414e-01
1.963700000000000168e-02 9.784588052409504133e-01
2.003399999999999972e-02 9.774358215580380982e-01
2.043800000000000130e-02 9.763278591507619231e-01
2.085100000000000148e-02 9.752812314979277808e-01
2.127199999999999924e-02 9.741462330543002590e-01
2.170199999999999907e-02 9.729950293048446053e-01
2.214100000000000096e-02 9.716770740410347607e-01
2.258800000000000044e-02 9.704106730267570979e-01
2.304399999999999851e-02 9.689742822966508351e-01
2.350999999999999965e-02 9.675821701936064834e-01
2.398499999999999938e-02 9.660135644310475778e-01
2.446900000000000117e-02 9.644831503218478375e-01
2.496400000000000008e-02 9.627683873915029444e-01
2.546800000000000105e-02 9.610847249885091648e-01
2.598200000000000162e-02 9.592072794571252503e-01
2.650699999999999931e-02 9.573525984618970197e-01
2.704300000000000107e-02 9.552928280613842693e-01
2.758899999999999894e-02 9.531706546631919519e-01
2.814600000000000088e-02 9.509045987088545759e-01
2.871500000000000094e-02 9.485672891178364985e-01
2.929500000000000159e-02 9.461525947616723498e-01
2.988700000000000037e-02 9.435762460931074180e-01
3.048999999999999974e-02 9.409071993341655560e-01
3.110600000000000170e-02 9.380635375410801835e-01
3.173499999999999932e-02 9.350294544523179985e-01
3.237600000000000200e-02 9.319657231887820137e-01
3.302999999999999686e-02 9.286153305821407411e-01
3.369699999999999779e-02 9.252228163992869403e-01
3.437799999999999884e-02 9.216076762922058574e-01
3.507199999999999901e-02 9.178288868445263482e-01
3.578100000000000031e-02 9.139582748620076469e-01
3.650400000000000172e-02 9.098324766799923413e-01
3.724100000000000327e-02 9.054839647320995777e-01
3.799299999999999899e-02 9.009670416419971462e-01
3.876099999999999685e-02 8.962635992519155659e-01
3.954400000000000276e-02 8.913500271624931193e-01
4.034299999999999692e-02 8.862279830659071100e-01
4.115800000000000014e-02 8.809000746507410495e-01
4.198899999999999855e-02 8.753605206734796917e-01
4.283800000000000108e-02 8.695946846806807962e-01
4.370299999999999879e-02 8.636275966916644453e-01
4.458600000000000063e-02 8.574457976522937841e-01
4.548599999999999866e-02 8.510482143068528460e-01
4.640500000000000180e-02 8.444643332285139969e-01
4.734300000000000314e-02 8.376711651589303642e-01
4.829900000000000165e-02 8.306917063436934923e-01
4.927499999999999936e-02 8.235286525554981196e-01
5.027000000000000218e-02 8.162032395926765993e-01
5.128599999999999826e-02 8.087085467781072179e-01
5.232200000000000045e-02 8.010801576148356418e-01
5.337900000000000283e-02 7.933481652538793005e-01
5.445699999999999846e-02 7.854994459395282513e-01
5.555700000000000222e-02 7.775604159618750844e-01
5.668000000000000121e-02 7.695441698238016937e-01
5.782500000000000140e-02 7.615146997802332285e-01
5.899299999999999683e-02 7.534214289081281324e-01
6.018400000000000138e-02 7.452999967863226383e-01
6.140000000000000319e-02 7.372530326440710491e-01
6.264100000000000223e-02 7.292178301093356074e-01
6.390600000000000447e-02 7.212558556076054117e-01
6.519700000000000495e-02 7.133656815174238552e-01
6.651400000000000368e-02 7.055790730489526208e-01
6.785800000000000165e-02 6.978781859696671086e-01
6.922899999999999887e-02 6.902982228662954967e-01
7.062699999999999534e-02 6.828306992431075750e-01
7.205400000000000693e-02 6.755097920452250992e-01
7.351000000000000589e-02 6.683042591281901368e-01
7.499400000000000510e-02 6.612282625051052465e-01
7.650899999999999368e-02 6.542907959092929548e-01
7.805499999999999938e-02 6.474584859163039496e-01
7.963199999999999446e-02 6.407351640735163834e-01
8.124099999999999377e-02 6.340893846421384872e-01
8.288199999999999734e-02 6.275153897884226950e-01
8.455600000000000616e-02 6.209947135613335112e-01
8.626399999999999346e-02 6.144768342486973678e-01
8.800700000000000189e-02 6.079568879203721687e-01
8.978500000000000369e-02 6.013498936727587063e-01
9.159799999999999887e-02 5.947001484733070997e-01
9.344900000000000428e-02 5.879011260271193029e-01
9.533700000000000507e-02 5.809422600070845988e-01
9.726300000000000223e-02 5.737917733021772326e-01
9.922699999999999576e-02 5.664286822908582986e-01
1.012300000000000005e-01 5.588616831522620343e-01
1.032799999999999968e-01 5.510316252325383468e-01
1.053599999999999953e-01 5.429740791268758970e-01
1.074900000000000022e-01 5.347104794113614057e-01
1.096599999999999936e-01 5.262086273024291216e-01
1.118799999999999933e-01 5.176447555185748062e-01
1.141400000000000053e-01 5.089100913726083419e-01
1.164400000000000018e-01 5.001871199126773915e-01
1.188000000000000028e-01 4.914595692373470159e-01
1.212000000000000022e-01 4.828436487451260861e-01
1.236499999999999960e-01 4.743468201568760145e-01
1.261400000000000021e-01 4.660070794406080963e-01
1.286899999999999988e-01 4.578925348156117070e-01
1.312899999999999900e-01 4.500061705541157919e-01
1.339400000000000035e-01 4.423487317104338734e-01
1.366499999999999937e-01 4.349332802230631012e-01
1.394100000000000061e-01 4.276912426445136917e-01
1.422299999999999953e-01 4.206289399318889344e-01
1.451000000000000068e-01 4.137062404870623933e-01
1.480299999999999949e-01 4.068537074148296240e-01
1.510199999999999876e-01 3.999915404788089157e-01
1.540700000000000125e-01 3.931284067554284833e-01
1.571799999999999864e-01 3.862062458722520519e-01
1.603600000000000025e-01 3.791289649000695872e-01
1.635999999999999954e-01 3.718738900612164056e-01
1.668999999999999928e-01 3.644641198010602490e-01
1.702799999999999869e-01 3.568899766634412996e-01
1.737100000000000033e-01 3.491911790733071008e-01
1.772199999999999886e-01 3.414117303195635111e-01
1.807999999999999885e-01 3.336090432864626254e-01
1.844600000000000128e-01 3.258599152640592744e-01
1.881799999999999862e-01 3.182287529785544078e-01
1.919800000000000118e-01 3.107610474631751218e-01
1.958600000000000063e-01 3.035069405259000486e-01
1.998199999999999976e-01 2.964614098634717476e-01
2.038600000000000134e-01 2.896164811919433313e-01
2.079699999999999882e-01 2.829556618511540056e-01
2.121800000000000075e-01 2.764034253092292892e-01
2.164600000000000135e-01 2.699410750215578969e-01
2.208299999999999985e-01 2.635327635327635587e-01
2.253000000000000003e-01 2.571211089299306751e-01
2.298499999999999988e-01 2.507519192344095371e-01
2.344900000000000040e-01 2.444054024376852985e-01
2.392299999999999982e-01 2.381256413179796971e-01
2.440599999999999992e-01 2.319221158832681373e-01
2.489899999999999891e-01 2.258225324027916536e-01
2.540200000000000236e-01 2.198132623864264001e-01
2.591499999999999915e-01 2.138736584985578004e-01
2.643900000000000139e-01 2.080032445586048329e-01
2.697300000000000253e-01 2.021868281090868080e-01
2.751799999999999802e-01 1.964573604211903857e-01
2.807399999999999896e-01 1.908224076281287429e-01
2.864099999999999979e-01 1.852932420363203325e-01
2.921900000000000053e-01 1.798684805678299192e-01
2.980999999999999761e-01 1.745418776640314806e-01
3.041200000000000014e-01 1.693122295604645722e-01
3.102599999999999802e-01 1.641678156391569721e-01
3.165299999999999780e-01 1.591384238464679524e-01
3.229199999999999848e-01 1.542240685006994183e-01
3.294500000000000206e-01 1.494191952652267896e-01
3.361000000000000099e-01 1.447136054736258004e-01
3.428899999999999726e-01 1.401029526029526073e-01
3.498200000000000198e-01 1.355894973436861661e-01
3.568899999999999850e-01 1.312063969088762272e-01
3.640900000000000247e-01 1.269554956169925697e-01
3.714500000000000024e-01 1.228162738890842959e-01
3.789500000000000091e-01 1.187625846604429686e-01
3.866100000000000092e-01 1.147583666730170870e-01
3.944199999999999928e-01 1.108160021194860151e-01
4.023900000000000254e-01 1.069711038736054359e-01
4.105199999999999960e-01 1.032412790697674471e-01
4.188100000000000156e-01 9.961869900099137864e-02
4.272699999999999831e-01 9.609237653827712444e-02
4.359000000000000097e-01 9.264828738512947970e-02
4.447099999999999942e-01 8.926765475152571849e-02
4.536899999999999822e-01 8.596033118005641516e-02
4.628599999999999937e-01 8.272511172387563005e-02
4.722100000000000186e-01 7.959880537580886484e-02
4.817400000000000015e-01 7.661814577137787685e-02
4.914799999999999724e-01 7.375113433847566013e-02
5.014100000000000223e-01 7.094655667555291312e-02
5.115300000000000402e-01 6.818720024877109043e-02
5.218699999999999450e-01 6.550068758594823626e-02
5.324100000000000499e-01 6.290968062567026120e-02
5.431700000000000417e-01 6.041441268710883578e-02
5.541399999999999659e-01 5.800315593171712081e-02
5.653299999999999992e-01 5.565768526028055246e-02
5.767499999999999849e-01 5.337094543625849064e-02
5.884000000000000341e-01 5.116244656363037879e-02
6.002899999999999903e-01 4.905777272961949625e-02
6.124199999999999644e-01 4.703179065743944010e-02
6.247899999999999565e-01 4.505011230441102049e-02
6.374100000000000321e-01 4.311574870061856551e-02
6.502900000000000347e-01 4.125824937418540866e-02
6.634200000000000097e-01 3.947932685018735316e-02
6.768300000000000427e-01 3.776533018867924557e-02
6.905000000000000027e-01 3.611341993398085870e-02
7.044500000000000206e-01 3.452049343414245741e-02
7.186799999999999855e-01 3.298861653077704570e-02
7.331999999999999629e-01 3.151245600152800808e-02
7.480099999999999527e-01 3.009203681472588654e-02
7.631200000000000205e-01 2.872649419092106540e-02
7.785400000000000098e-01 2.741286821219060532e-02
7.942599999999999660e-01 2.615000328666272286e-02
8.103099999999999747e-01 2.493663911845729955e-02
8.266799999999999704e-01 2.377061009488761617e-02
8.433800000000000185e-01 2.265149510452500736e-02
8.604100000000000081e-01 2.157767567139348697e-02
8.778000000000000247e-01 2.054787697671522570e-02
8.955300000000000482e-01 1.956113261711104473e-02
9.136199999999999877e-01 1.861525137882310069e-02
9.320800000000000196e-01 1.770946785134231219e-02
9.509100000000000330e-01 1.684239511364774358e-02
9.701100000000000279e-01 1.601248884924174817e-02
9.897099999999999786e-01 1.521918486331885062e-02
1.009700000000000042e+00 1.446007494955318766e-02
1.030100000000000016e+00 1.373443732624199040e-02
1.050899999999999945e+00 1.304188050434011356e-02
1.072100000000000053e+00 1.238009831274079937e-02
1.093800000000000106e+00 1.174815433904443512e-02
1.115899999999999892e+00 1.114502701913246824e-02
1.138400000000000079e+00 1.056891271056661571e-02
1.161399999999999988e+00 1.001926936973103130e-02
1.184900000000000064e+00 9.495663888187252585e-03
1.208800000000000097e+00 8.996909492273731310e-03
1.233300000000000063e+00 8.521855899240600440e-03
1.258199999999999985e+00 8.068473193473193680e-03
1.283600000000000074e+00 7.637710245621898500e-03
1.309500000000000108e+00 7.227428644703519020e-03
1.336000000000000076e+00 6.837196789669550481e-03
1.362999999999999989e+00 6.466140658255236338e-03
1.390500000000000069e+00 6.113365817553814523e-03
1.418600000000000083e+00 5.778255186426639253e-03
1.447200000000000042e+00 5.460100207747770225e-03
1.476499999999999924e+00 5.157852746751767289e-03
1.506299999999999972e+00 4.870993781392011536e-03
1.536699999999999955e+00 4.598829822277297925e-03
1.567800000000000082e+00 4.340669289394413072e-03
1.599399999999999933e+00 4.095698738987735635e-03
1.631799999999999917e+00 3.863669325598259423e-03
1.664700000000000069e+00 3.643663070570999241e-03
1.698399999999999910e+00 3.435247129306040915e-03
1.732699999999999907e+00 3.237889617875783395e-03
1.767700000000000049e+00 3.050892208849479738e-03
1.803399999999999892e+00 2.873937546193643285e-03
1.839800000000000102e+00 2.706706755249502824e-03
1.877000000000000002e+00 2.548300878197785630e-03
1.914900000000000047e+00 2.398524774172857733e-03
1.953600000000000003e+00 2.257029013973847927e-03
1.993000000000000105e+00 2.123269106122208354e-03
2.033300000000000107e+00 1.996937354988399197e-03
2.074399999999999800e+00 1.877692232725855113e-03
2.116299999999999848e+00 1.765121277249002323e-03
2.158999999999999808e+00 1.658832801920252266e-03
2.202599999999999891e+00 1.558582286101286955e-03
2.247100000000000097e+00 1.464098004346966846e-03
2.292499999999999982e+00 1.374922176565807324e-03
2.338799999999999990e+00 1.290927322666434243e-03
2.386099999999999888e+00 1.211760395676863980e-03
2.434299999999999908e+00 1.137153028335016964e-03
2.483499999999999819e+00 1.066912619396573466e-03
2.533599999999999852e+00 1.000743297053358159e-03
2.584799999999999986e+00 9.385284765995425974e-04
2.637000000000000011e+00 8.799156068686631721e-04
2.690300000000000136e+00 8.248660631812303754e-04
2.744699999999999918e+00 7.729537366548042653e-04
2.800100000000000033e+00 7.242809546474468117e-04
2.856700000000000017e+00 6.784081166047442255e-04
2.914400000000000102e+00 6.353581618861691132e-04
2.973300000000000054e+00 5.949179292929292120e-04
3.033300000000000107e+00 5.569212905366177028e-04
3.094599999999999795e+00 5.212168758716875881e-04
3.157099999999999795e+00 4.877313542239326122e-04
3.220899999999999874e+00 4.562939420206105819e-04
3.286000000000000032e+00 4.267881548974943474e-04
3.352300000000000058e+00 3.991081501032332432e-04
3.420100000000000140e+00 3.731525302364090005e-04
3.489199999999999857e+00 3.488049308365483874e-04
3.559600000000000097e+00 3.259834534954182054e-04
3.631600000000000161e+00 3.046067430339751856e-04
3.704899999999999860e+00 2.845717410622735678e-04
3.779799999999999827e+00 2.658022224458404348e-04
3.856100000000000083e+00 2.482124771363354750e-04
3.934000000000000163e+00 2.317548126599583739e-04
4.013499999999999623e+00 2.163526638693391991e-04
4.094599999999999795e+00 2.019198649765291257e-04
4.177299999999999791e+00 1.884360785473909998e-04
4.261700000000000266e+00 1.758070789576040378e-04
4.347800000000000331e+00 1.640006545707448039e-04
4.435599999999999987e+00 1.529595283688706120e-04
4.525199999999999889e+00 1.426353431106282667e-04
4.616600000000000037e+00 1.329857391138728221e-04
4.709900000000000198e+00 1.239656381486676129e-04
4.804999999999999716e+00 1.155398640459503681e-04
4.902099999999999902e+00 1.076669346120797131e-04
5.001100000000000101e+00 1.003149514449855708e-04
5.102100000000000080e+00 9.344931271477663272e-05
5.205199999999999605e+00 8.703835227272726724e-05
5.310399999999999565e+00 8.105298913043478101e-05
5.417600000000000193e+00 7.547001215240547295e-05
5.527099999999999902e+00 7.026102000902661841e-05
5.638700000000000045e+00 6.540014248397056260e-05
5.752600000000000158e+00 6.086721092969010814e-05
5.868900000000000006e+00 5.663875860255118054e-05
5.987400000000000055e+00 5.269422402657316512e-05
6.108399999999999608e+00 4.902398756919491363e-05
6.231799999999999784e+00 4.559797608095676687e-05
6.357700000000000351e+00 4.240464791005433214e-05
6.486100000000000421e+00 3.943258395152613615e-05
6.617099999999999760e+00 3.666289120715350108e-05
6.750799999999999912e+00 3.408069779116466554e-05
6.887199999999999989e+00 3.167866816410120663e-05
7.026299999999999990e+00 2.944150785922937643e-05
7.168199999999999683e+00 2.735739913597422674e-05
7.312999999999999723e+00 2.541978259193585724e-05
7.460799999999999876e+00 2.361555321048786302e-05
7.611500000000000377e+00 2.193589743589743863e-05
7.765299999999999869e+00 2.037257019438444927e-05
7.922100000000000364e+00 1.892058377558756459e-05
8.082200000000000273e+00 1.756810697535176260e-05
8.245400000000000063e+00 1.631042454812946501e-05
8.412000000000000810e+00 1.514132046656780568e-05
8.581899999999999196e+00 1.405545260655221780e-05
8.755300000000000082e+00 1.304497250589159634e-05
8.932199999999999918e+00 1.210556252181444470e-05
9.112600000000000477e+00 1.123284500599063207e-05
9.296699999999999520e+00 1.042188889207560283e-05
9.484500000000000597e+00 9.668459052049663193e-06
9.676099999999999923e+00 8.968562064466859590e-06
9.871600000000000819e+00 8.318417965476789446e-06
1.007099999999999973e+01 7.714401722981322707e-06
1.027399999999999913e+01 7.153776058616778250e-06
1.048199999999999932e+01 6.633100854165033350e-06
1.069400000000000084e+01 6.149924666157561350e-06
1.091000000000000014e+01 5.701145926199743371e-06
1.113000000000000078e+01 5.284765177548683367e-06
1.135500000000000043e+01 4.898259673175794813e-06
1.158399999999999963e+01 4.539789923446679550e-06
1.181799999999999962e+01 4.207042555472183613e-06
1.205700000000000038e+01 3.898285940191454690e-06
1.230100000000000016e+01 3.611747552593209988e-06
1.254899999999999949e+01 3.346293741377147879e-06
1.280300000000000082e+01 3.099824868651488565e-06
1.306099999999999994e+01 2.871395737567906201e-06
1.332499999999999929e+01 2.659534644744568223e-06
1.359399999999999942e+01 2.463100487352053938e-06
1.386899999999999977e+01 2.280991398638457630e-06
1.414899999999999913e+01 2.112137486573576723e-06
1.443500000000000050e+01 1.955710533466171526e-06
1.472700000000000031e+01 1.810692124105011861e-06
1.502399999999999913e+01 1.676377358490566098e-06
1.532799999999999940e+01 1.551843012463537376e-06
1.563700000000000045e+01 1.436462235142841142e-06
1.595299999999999940e+01 1.329561527581329547e-06
1.627499999999999858e+01 1.230554174950298246e-06
1.660399999999999920e+01 1.138852501964893959e-06
1.694000000000000128e+01 1.053856245253055301e-06
1.728200000000000003e+01 9.752493266360923004e-07
1.763100000000000023e+01 9.023791250959324238e-07
1.798699999999999832e+01 8.348571890929687150e-07
1.835099999999999909e+01 7.723767275209008812e-07
1.872100000000000009e+01 7.145722766933525003e-07
1.909900000000000020e+01 6.610452432893862743e-07
1.948499999999999943e+01 6.114611461146114710e-07
1.987900000000000134e+01 5.655727332166283742e-07
2.028000000000000114e+01 5.231025854879065145e-07
2.069000000000000128e+01 4.837937989586753632e-07
2.110800000000000054e+01 4.474123539232053693e-07
2.153500000000000014e+01 4.137584767866457957e-07
2.196999999999999886e+01 3.826021180030257125e-07
2.241300000000000026e+01 3.537850108060281330e-07
2.286599999999999966e+01 3.271072357350466130e-07
2.332799999999999940e+01 3.024362697644401597e-07
2.379899999999999949e+01 2.796052071811452265e-07
2.428000000000000114e+01 2.584941218702324391e-07
2.477100000000000080e+01 2.389723978645261247e-07
2.527100000000000080e+01 2.208954031710531948e-07
2.578200000000000003e+01 2.041958925750394872e-07
2.630199999999999960e+01 1.887417512831337397e-07
2.683399999999999963e+01 1.744544708777686686e-07
2.737600000000000122e+01 1.612387192483619634e-07
2.792899999999999849e+01 1.490179712564229909e-07
2.849299999999999855e+01 1.377194430686258512e-07
2.906899999999999906e+01 1.272729911751044987e-07
2.965599999999999881e+01 1.176160725223569689e-07
3.025499999999999901e+01 1.086852563895440987e-07
3.086599999999999966e+01 1.004261121527185959e-07
3.148999999999999844e+01 9.279933820091357264e-08
3.212599999999999767e+01 8.574627148874806513e-08
3.277499999999999858e+01 7.922322322322323376e-08
3.343699999999999761e+01 7.319814110688635970e-08
3.411200000000000188e+01 6.762660485021398627e-08
3.480100000000000193e+01 6.248177242579614042e-08
3.550399999999999778e+01 5.772361759158145051e-08
3.622200000000000131e+01 5.332879367241108080e-08
3.695300000000000296e+01 4.926431571965509514e-08
3.770000000000000284e+01 4.551038264115725291e-08
3.846200000000000330e+01 4.204247460757156393e-08
3.923899999999999721e+01 3.883778340804261807e-08
4.003099999999999881e+01 3.587412587412586944e-08
4.084000000000000341e+01 3.313892908827785683e-08
4.166499999999999915e+01 3.060862924780450856e-08
4.250699999999999790e+01 2.827274925445313155e-08
4.336500000000000199e+01 2.611484474691620307e-08
4.424099999999999966e+01 2.412049923677830679e-08
4.513499999999999801e+01 2.227634571645185453e-08
4.604699999999999704e+01 2.057520132046216228e-08
4.697699999999999676e+01 1.900236526440276806e-08
4.792600000000000193e+01 1.754943266680041903e-08
4.889399999999999835e+01 1.620839363241678636e-08
4.988199999999999790e+01 1.496863938396572001e-08
5.089000000000000057e+01 1.382307823419123852e-08
5.191799999999999926e+01 1.276598984068983657e-08
5.296600000000000108e+01 1.178921067243344331e-08
5.403600000000000136e+01 1.088714404714158035e-08
5.512800000000000011e+01 1.005390528304344908e-08
5.624199999999999733e+01 9.284400199446363853e-09
5.737800000000000011e+01 8.573892206872764051e-09
5.853699999999999903e+01 7.917433302667893888e-09
5.971999999999999886e+01 7.311046805755105091e-09
6.092600000000000193e+01 6.751420879449596532e-09
6.215699999999999648e+01 6.234179357021997300e-09
6.341199999999999903e+01 5.756449653398128062e-09
6.469299999999999784e+01 5.315557791472771169e-09
6.600000000000000000e+01 4.908231294323885931e-09
6.733400000000000318e+01 4.532016941070877375e-09
6.869400000000000261e+01 4.184586221195427397e-09
7.008199999999999363e+01 3.863814081511369508e-09
7.149699999999999989e+01 3.567747902490585364e-09
7.294199999999999307e+01 3.294031464750409685e-09
7.441500000000000625e+01 3.041445623342175296e-09
7.591800000000000637e+01 2.808217579082526028e-09
7.745199999999999818e+01 2.592808711732072885e-09
7.901699999999999591e+01 2.393863113580139684e-09
8.061299999999999955e+01 2.210268164107265793e-09
8.224099999999999966e+01 2.040670088118524275e-09
8.390300000000000580e+01 1.884115781937199632e-09
8.559799999999999898e+01 1.739574330164217557e-09
8.732699999999999818e+01 1.606013922172772073e-09
8.909099999999999397e+01 1.482791875113012913e-09
9.089100000000000534e+01 1.368967273653380815e-09
9.272700000000000387e+01 1.263922518159806210e-09
9.459999999999999432e+01 1.166903510018473730e-09
9.651099999999999568e+01 1.077315718360606524e-09
9.846099999999999852e+01 9.945285861549439833e-10
1.004500000000000028e+02 9.182305630026808799e-10
1.024800000000000040e+02 8.476987077358825049e-10
1.045499999999999972e+02 7.826334985504534449e-10
1.066599999999999966e+02 7.224977768995157946e-10
1.088199999999999932e+02 6.670250970894057934e-10
1.110100000000000051e+02 6.157961502399205277e-10
1.132600000000000051e+02 5.685012937967690505e-10
1.155400000000000063e+02 5.248423489999014614e-10
1.178799999999999955e+02 4.845380951141421941e-10
1.202600000000000051e+02 4.473372943830114860e-10
1.226899999999999977e+02 4.129821807505596446e-10
1.251700000000000017e+02 3.812727524077231701e-10
1.277000000000000028e+02 3.519853251517808183e-10
1.302800000000000011e+02 3.249609689982329018e-10
1.329099999999999966e+02 3.000108798143178279e-10
1.355900000000000034e+02 2.769749702939936260e-10
1.383300000000000125e+02 2.557074850602653846e-10
1.411299999999999955e+02 2.360662055970708492e-10
1.439799999999999898e+02 2.179299730665640716e-10
1.468899999999999864e+02 2.011890521077563539e-10
1.498499999999999943e+02 1.857334344967121799e-10
1.528799999999999955e+02 1.714648557602331500e-10
1.559699999999999989e+02 1.582899943470887461e-10
1.591200000000000045e+02 1.461287912744658656e-10
1.623300000000000125e+02 1.349014280298243503e-10
1.656100000000000136e+02 1.245356761090326173e-10
1.689600000000000080e+02 1.149694465048920804e-10
1.723700000000000045e+02 1.061365503847015858e-10
1.758499999999999943e+02 9.798167311793980935e-11
1.794099999999999966e+02 9.045152666972976585e-11
1.830300000000000011e+02 8.350046384238195455e-11
1.867299999999999898e+02 7.708732420688688802e-11
1.905000000000000000e+02 7.116525004941687760e-11
1.943499999999999943e+02 6.569621576416476169e-11
1.982800000000000011e+02 6.064794338788146850e-11
2.022800000000000011e+02 5.598888888888888382e-11
2.063700000000000045e+02 5.168749226772237977e-11
2.105399999999999920e+02 4.771576261205261053e-11
