1.000000000000000048e-04 1.174626917591400810e+00
1.020200000000000024e-04 1.174546322827125344e+00
1.040800000000000064e-04 1.174510787757149899e+00
1.061800000000000032e-04 1.174440726891031961e+00
1.083300000000000013e-04 1.174370356074495803e+00
1.105200000000000057e-04 1.174268231138026808e+00
1.127500000000000030e-04 1.174234457160532097e+00
1.150300000000000015e-04 1.174163608238041778e+00
1.173500000000000064e-04 1.174087623806549407e+00
1.197199999999999989e-04 1.173977716852359521e+00
1.221399999999999927e-04 1.173893147237158319e+00
1.246099999999999877e-04 1.173804515495723066e+00
1.271199999999999891e-04 1.173707370737073763e+00
1.296899999999999865e-04 1.173633960839311596e+00
1.323100000000000122e-04 1.173547380391949391e+00
1.349900000000000069e-04 1.173422547265229765e+00
1.377100000000000080e-04 1.173317057043310241e+00
1.404900000000000051e-04 1.173225597286647659e+00
1.433299999999999982e-04 1.173094323934362082e+00
1.462299999999999874e-04 1.172977769251061009e+00
1.491800000000000049e-04 1.172847635397314514e+00
1.522000000000000132e-04 1.172723918457706738e+00
1.552699999999999957e-04 1.172587684584247336e+00
1.584099999999999961e-04 1.172435968510921356e+00
1.616099999999999926e-04 1.172291566998651779e+00
1.648700000000000122e-04 1.172150549099050920e+00
1.681999999999999956e-04 1.171991970222910018e+00
1.715999999999999969e-04 1.171817007402546684e+00
1.750699999999999891e-04 1.171643441716434531e+00
1.786000000000000044e-04 1.171471388571203143e+00
1.822100000000000054e-04 1.171281614974089225e+00
1.858899999999999973e-04 1.171091053889036449e+00
1.896500000000000020e-04 1.170878191182759709e+00
1.934799999999999975e-04 1.170669000601717746e+00
1.973900000000000058e-04 1.170454342267598591e+00
2.013799999999999998e-04 1.170220227240847066e+00
2.054400000000000117e-04 1.169982289929331509e+00
2.095900000000000042e-04 1.169721290192045071e+00
2.138300000000000042e-04 1.169494047619047628e+00
2.181499999999999900e-04 1.169206822751151176e+00
2.225499999999999885e-04 1.168935033548510027e+00
2.270499999999999895e-04 1.168639007125372276e+00
2.316399999999999980e-04 1.168338327931013554e+00
2.363199999999999871e-04 1.168031066330814438e+00
2.410900000000000109e-04 1.167700767489046498e+00
2.459599999999999829e-04 1.167365947200715182e+00
2.509300000000000115e-04 1.167022494945353372e+00
2.559999999999999884e-04 1.166641247833622330e+00
2.611700000000000219e-04 1.166270105643856470e+00
2.664499999999999985e-04 1.165862243673501997e+00
2.718299999999999775e-04 1.165448531046114899e+00
2.773200000000000079e-04 1.165012693284098733e+00
2.829199999999999814e-04 1.164571126813689572e+00
2.886400000000000012e-04 1.164108254731520908e+00
2.944700000000000182e-04 1.163627790003143536e+00
3.004199999999999731e-04 1.163113587858667364e+00
3.064899999999999743e-04 1.162595197953607329e+00
3.126800000000000217e-04 1.161989897722996767e+00
3.189900000000000070e-04 1.161513948677810770e+00
3.254399999999999741e-04 1.160855263157894557e+00
3.320099999999999874e-04 1.160322580645161139e+00
3.387199999999999825e-04 1.159686195115778862e+00
3.455600000000000186e-04 1.158952723662985518e+00
3.525399999999999823e-04 1.158319559507995589e+00
3.596599999999999819e-04 1.157617342879872613e+00
3.669300000000000122e-04 1.156801560214529401e+00
3.743400000000000243e-04 1.156067705842976023e+00
3.819000000000000129e-04 1.155303385538778871e+00
3.896200000000000271e-04 1.154313040279566049e+00
3.974900000000000178e-04 1.153499278499278358e+00
4.055199999999999799e-04 1.152560360838418507e+00
4.137100000000000217e-04 1.151604509973980894e+00
4.220699999999999756e-04 1.150718720762099245e+00
4.306000000000000040e-04 1.149637167403453120e+00
4.392900000000000038e-04 1.148535907083265251e+00
4.481700000000000137e-04 1.147429213122644009e+00
4.572199999999999897e-04 1.146318439269981004e+00
4.664599999999999758e-04 1.145105299699143764e+00
4.758799999999999771e-04 1.143894689060372061e+00
4.854999999999999832e-04 1.142592180428815052e+00
4.952999999999999504e-04 1.141225261932479640e+00
5.053100000000000256e-04 1.139850160542276170e+00
5.155199999999999973e-04 1.138408788748163092e+00
5.259299999999999739e-04 1.136906395827614658e+00
5.365600000000000534e-04 1.135338851874285071e+00
5.473900000000000293e-04 1.133645723336853095e+00
5.584500000000000488e-04 1.131974110032362368e+00
5.697299999999999543e-04 1.130252634251618593e+00
5.812400000000000119e-04 1.128361553784860583e+00
5.929900000000000535e-04 1.126495726495726490e+00
6.049599999999999813e-04 1.124535983714525234e+00
6.171899999999999912e-04 1.122423815395455327e+00
6.296500000000000447e-04 1.120357040023034934e+00
6.423699999999999636e-04 1.118088891398881790e+00
6.553499999999999647e-04 1.115819209039548010e+00
6.685900000000000480e-04 1.113422782334727579e+00
6.821000000000000457e-04 1.110915774332747352e+00
6.958799999999999578e-04 1.108365118344741163e+00
7.099300000000000012e-04 1.105662311042787671e+00
7.242699999999999486e-04 1.102930089963310989e+00
7.389099999999999575e-04 1.100009858044164179e+00
7.538300000000000382e-04 1.097022140578168825e+00
7.690600000000000127e-04 1.093926319283106352e+00
7.845999999999999893e-04 1.090727306547619069e+00
8.004499999999999680e-04 1.087388825541619308e+00
8.166199999999999978e-04 1.083873853723999137e+00
8.331099999999999704e-04 1.080335205335205329e+00
8.499399999999999837e-04 1.076598674584731796e+00
8.671100000000000379e-04 1.072724970454161708e+00
8.846299999999999650e-04 1.068722831711860888e+00
9.024999999999999819e-04 1.064563284200268134e+00
9.207300000000000293e-04 1.060259678190218269e+00
9.393300000000000477e-04 1.055785608250644492e+00
9.583099999999999778e-04 1.051115027971492033e+00
9.776699999999999280e-04 1.046380515673156264e+00
9.974199999999999473e-04 1.041364055299539126e+00
1.017600000000000015e-03 1.036234766571438870e+00
1.038099999999999917e-03 1.030931857685076780e+00
1.059100000000000102e-03 1.025435818922022291e+00
1.080500000000000080e-03 1.019728309099597219e+00
1.102300000000000068e-03 1.013827970669970213e+00
1.124599999999999905e-03 1.007751428759114498e+00
1.147299999999999969e-03 1.001417662789573670e+00
1.170500000000000099e-03 9.949111827549148579e-01
1.194100000000000023e-03 9.881554060339214907e-01
1.218200000000000012e-03 9.812015209125474202e-01
1.242899999999999908e-03 9.740077588779468831e-01
1.268000000000000030e-03 9.665954269988581427e-01
1.293600000000000002e-03 9.589269301470588758e-01
1.319700000000000040e-03 9.510243187646179042e-01
1.346399999999999984e-03 9.428271267037128256e-01
1.373599999999999995e-03 9.344382357727988309e-01
1.401300000000000072e-03 9.257485029940120125e-01
1.429600000000000055e-03 9.168059327344892928e-01
1.458499999999999944e-03 9.076095311299001711e-01
1.487999999999999956e-03 8.981320863815772659e-01
1.518000000000000035e-03 8.883982534474678117e-01
1.548700000000000077e-03 8.783616954322093218e-01
1.580000000000000024e-03 8.680491223069430884e-01
1.611900000000000095e-03 8.574392205309899762e-01
1.644499999999999912e-03 8.465550370573703409e-01
1.677700000000000068e-03 8.353836483634893284e-01
1.711599999999999970e-03 8.239259748843357212e-01
1.746200000000000052e-03 8.121689117602542973e-01
1.781400000000000041e-03 8.001358176647850318e-01
1.817400000000000048e-03 7.877986294807440837e-01
1.854100000000000019e-03 7.751972850308704865e-01
1.891600000000000009e-03 7.622860353580961368e-01
1.929799999999999962e-03 7.491234290666981543e-01
1.968800000000000151e-03 7.356524093123985031e-01
2.008600000000000142e-03 7.219301076289365016e-01
2.049099999999999880e-03 7.079311244456040209e-01
2.090499999999999910e-03 6.936643553669111784e-01
2.132799999999999800e-03 6.791564880011496941e-01
2.175799999999999870e-03 6.643974533077018352e-01
2.219800000000000072e-03 6.494129463512624545e-01
2.264599999999999860e-03 6.341994286491634547e-01
2.310400000000000214e-03 6.187923721737969007e-01
2.357099999999999994e-03 6.031813709412922053e-01
2.404700000000000067e-03 5.873864588030665024e-01
2.453299999999999838e-03 5.714330907940524673e-01
2.502799999999999903e-03 5.553328672415132061e-01
2.553399999999999941e-03 5.391365391365391391e-01
2.605000000000000111e-03 5.227494190840267230e-01
2.657599999999999980e-03 5.062664761932814672e-01
2.711299999999999821e-03 4.901393370277661865e-01
2.765999999999999796e-03 4.741623189229915991e-01
2.821900000000000016e-03 4.577937951361242264e-01
2.878900000000000209e-03 4.412370284961291689e-01
2.937100000000000214e-03 4.248232881886365164e-01
2.996400000000000192e-03 4.084768457754974769e-01
3.056899999999999982e-03 3.922232936332125663e-01
3.118699999999999858e-03 3.760839214581225276e-01
3.181699999999999980e-03 3.601279290849796477e-01
3.246000000000000187e-03 3.443341338416973652e-01
3.311500000000000207e-03 3.287812952617421569e-01
3.378400000000000153e-03 3.134506983256938328e-01
3.446700000000000024e-03 2.983358440824780966e-01
3.516299999999999981e-03 2.835349267897447900e-01
3.587400000000000137e-03 2.691121053770051397e-01
3.659799999999999946e-03 2.550534744386583341e-01
3.733799999999999793e-03 2.413625947470473820e-01
3.809199999999999999e-03 2.280851986342203597e-01
3.886099999999999971e-03 2.152372622844160588e-01
3.964600000000000415e-03 2.028381598144280151e-01
4.044700000000000031e-03 1.908928442300341921e-01
4.126399999999999686e-03 1.794277347324751415e-01
4.209799999999999653e-03 1.684734192166401634e-01
4.294799999999999660e-03 1.580171479254952049e-01
4.381600000000000251e-03 1.480640465793304217e-01
4.470100000000000288e-03 1.386144290492116460e-01
4.560400000000000044e-03 1.296941176470588208e-01
4.652500000000000385e-03 1.212756095299897946e-01
4.746499999999999851e-03 1.133802173714494599e-01
4.842400000000000176e-03 1.059749842526770403e-01
4.940199999999999626e-03 9.907776891017114340e-02
5.040000000000000209e-03 9.264178974045268744e-02
5.141899999999999596e-03 8.668274614523215071e-02
5.245699999999999842e-03 8.117781929347825387e-02
5.351700000000000033e-03 7.610483128192246927e-02
5.459799999999999896e-03 7.143576618229854902e-02
5.570099999999999704e-03 6.716612377850163240e-02
5.682600000000000325e-03 6.325622489959839556e-02
5.797400000000000296e-03 5.969413629160064128e-02
5.914499999999999619e-03 5.645504300234559236e-02
6.034000000000000301e-03 5.351311728395061196e-02
6.155899999999999740e-03 5.083923539715178019e-02
6.280299999999999945e-03 4.841590857830238570e-02
6.407200000000000048e-03 4.621140142517814881e-02
6.536600000000000049e-03 4.420435388111118580e-02
6.668600000000000222e-03 4.237240280894808558e-02
6.803299999999999972e-03 4.068721395881006592e-02
6.940799999999999574e-03 3.912957467853610261e-02
7.080999999999999621e-03 3.767855896111149683e-02
7.224000000000000386e-03 3.630968810378139289e-02
7.369999999999999815e-03 3.500545702592087333e-02
7.518900000000000236e-03 3.374629080118694835e-02
7.670800000000000188e-03 3.252034146992130448e-02
7.825699999999999670e-03 3.131002638522427384e-02
7.983799999999999231e-03 3.010767423649177849e-02
8.145100000000000603e-03 2.890295086201330119e-02
8.309600000000000319e-03 2.769122627643939155e-02
8.477500000000000660e-03 2.647163008412929328e-02
8.648799999999999891e-03 2.524456691927099566e-02
8.823499999999999746e-03 2.401141156040684926e-02
9.001699999999999632e-03 2.278105418356063394e-02
9.183600000000000096e-03 2.155995130858186226e-02
9.369099999999999998e-03 2.035645355850422208e-02
9.558300000000000476e-03 1.918101386896221491e-02
9.751400000000000345e-03 1.804528212422949404e-02
9.948399999999999604e-03 1.695603620547784379e-02
1.014900000000000004e-02 1.592350746268656608e-02
1.035400000000000036e-02 1.495198981952799641e-02
1.056400000000000047e-02 1.404845283885412452e-02
1.077700000000000012e-02 1.321290175518577761e-02
1.099499999999999957e-02 1.244737437754640103e-02
1.121699999999999954e-02 1.174853866906474739e-02
1.144300000000000005e-02 1.111179361179361058e-02
1.167499999999999961e-02 1.053166102447416694e-02
1.191000000000000045e-02 9.999448306300340317e-03
1.215100000000000034e-02 9.508448540706603697e-03
1.239700000000000003e-02 9.048840381991813883e-03
1.264700000000000026e-02 8.613162467419634843e-03
1.290200000000000027e-02 8.193708788239110336e-03
1.316299999999999935e-02 7.784415025293294627e-03
1.342899999999999996e-02 7.382075471698113824e-03
1.370000000000000037e-02 6.983550523392436857e-03
1.397699999999999984e-02 6.588949217502394762e-03
1.425900000000000084e-02 6.202229299363056989e-03
1.454699999999999917e-02 5.825391783142735633e-03
1.484100000000000003e-02 5.463046119710497639e-03
1.514099999999999994e-02 5.119812265991668422e-03
1.544700000000000066e-02 4.799620833113907824e-03
1.575899999999999870e-02 4.504971852475402744e-03
1.607700000000000101e-02 4.236630383341221523e-03
1.640199999999999991e-02 3.993427970557308047e-03
1.673399999999999888e-02 3.773061954349427038e-03
1.707200000000000037e-02 3.571556397705142726e-03
1.741600000000000092e-02 3.383800590219224799e-03
1.776799999999999907e-02 3.205130912162162254e-03
1.812700000000000075e-02 3.031104528142192049e-03
1.849299999999999902e-02 2.859181075633817487e-03
1.886699999999999836e-02 2.688002128225591703e-03
1.924800000000000122e-02 2.518449297805307619e-03
1.963700000000000168e-02 2.352707774798927596e-03
2.003399999999999972e-02 2.194085326438267609e-03
2.043800000000000130e-02 2.045971410006497664e-03
2.085100000000000148e-02 1.910907803735773132e-03
2.127199999999999924e-02 1.790015891281714283e-03
2.170199999999999907e-02 1.683089655172413743e-03
2.214100000000000096e-02 1.587895292613794281e-03
2.258800000000000044e-02 1.501540529942300322e-03
2.304399999999999851e-02 1.420371730410711214e-03
2.350999999999999965e-02 1.341181165203511345e-03
2.398499999999999938e-02 1.262058247956716938e-03
2.446900000000000117e-02 1.182172345621583867e-03
2.496400000000000008e-02 1.102680145762313440e-03
2.546800000000000105e-02 1.025441360042798509e-03
2.598200000000000162e-02 9.529022556390976100e-04
2.650699999999999931e-02 8.870211340520129696e-04
2.704300000000000107e-02 8.287882527147088672e-04
2.758899999999999894e-02 7.779237023139462829e-04
2.814600000000000088e-02 7.332403120441428239e-04
2.871500000000000094e-02 6.924512516892979445e-04
2.929500000000000159e-02 6.534918664663225954e-04
2.988700000000000037e-02 6.143994691439946592e-04
3.048999999999999974e-02 5.743375362416559653e-04
3.110600000000000170e-02 5.335640849897189735e-04
3.173499999999999932e-02 4.935312979227659538e-04
3.237600000000000200e-02 4.558683781292106755e-04
3.302999999999999686e-02 4.220482101616628207e-04
3.369699999999999779e-02 3.923156038789303275e-04
3.437799999999999884e-02 3.658961699581089418e-04
3.507199999999999901e-02 3.406140484534511464e-04
3.578100000000000031e-02 3.146670805525376502e-04
3.650400000000000172e-02 2.871215115819432482e-04
3.724100000000000327e-02 2.595038659793814234e-04
3.799299999999999899e-02 2.341811617984902955e-04
3.876099999999999685e-02 2.137579404881310519e-04
3.954400000000000276e-02 1.984249957432317071e-04
4.034299999999999692e-02 1.864649267319864882e-04
4.115800000000000014e-02 1.748300520879314936e-04
4.198899999999999855e-02 1.614845434938892851e-04
4.283800000000000108e-02 1.471884429002468875e-04
4.370299999999999879e-02 1.342447916666666540e-04
4.458600000000000063e-02 1.245579196217494044e-04
4.548599999999999866e-02 1.173282075925036107e-04
4.640500000000000180e-02 1.104949721761202760e-04
4.734300000000000314e-02 1.023490930716622127e-04
4.829900000000000165e-02 9.381877803931036217e-05
4.927499999999999936e-02 8.663666880937074795e-05
5.027000000000000218e-02 8.118805735449297696e-05
5.128599999999999826e-02 7.585530799475754420e-05
5.232200000000000045e-02 6.934394187257005287e-05
5.337900000000000283e-02 6.282412687482516033e-05
5.445699999999999846e-02 5.807210799856176288e-05
5.555700000000000222e-02 5.507574169489281684e-05
5.668000000000000121e-02 5.165741226943144026e-05
5.782500000000000140e-02 4.691205757219154209e-05
5.899299999999999683e-02 4.267241379310344080e-05
6.018400000000000138e-02 4.025934791197044134e-05
6.140000000000000319e-02 3.836191149608154856e-05
6.264100000000000223e-02 3.515395105146056022e-05
6.390600000000000447e-02 3.150864740699328036e-05
6.519700000000000495e-02 2.927926814192112432e-05
6.651400000000000368e-02 2.797965299287351258e-05
6.785800000000000165e-02 2.591950480299994868e-05
6.922899999999999887e-02 2.345849076406381198e-05
7.062699999999999534e-02 2.184722781581420324e-05
7.205400000000000693e-02 2.060438426289063938e-05
7.351000000000000589e-02 1.891208185531169085e-05
7.499400000000000510e-02 1.735103382092069755e-05
7.650899999999999368e-02 1.622707109459297685e-05
7.805499999999999938e-02 1.500417736794875908e-05
7.963199999999999446e-02 1.381801020653026089e-05
8.124099999999999377e-02 1.293624633528232790e-05
8.288199999999999734e-02 1.195701066149329723e-05
8.455600000000000616e-02 1.093512367994586025e-05
8.626399999999999346e-02 1.021529022600853911e-05
8.800700000000000189e-02 9.552044181943698307e-06
8.978500000000000369e-02 8.723471965312170018e-06
9.159799999999999887e-02 8.048187308064881447e-06
9.344900000000000428e-02 7.608403540578009777e-06
9.533700000000000507e-02 6.943330542458027260e-06
9.726300000000000223e-02 6.364503600063597077e-06
9.922699999999999576e-02 6.071478626489139068e-06
1.012300000000000005e-01 5.414699609384360441e-06
1.032799999999999968e-01 5.057510729613734371e-06
1.053599999999999953e-01 4.796534194776250531e-06
1.074900000000000022e-01 4.329062882809309924e-06
1.096599999999999936e-01 4.086222568497597621e-06
1.118799999999999933e-01 3.745180881964615675e-06
1.141400000000000053e-01 3.482778061156004268e-06
1.164400000000000018e-01 3.141233987927785080e-06
1.188000000000000028e-01 2.994100294985250789e-06
1.212000000000000022e-01 2.707266475318991701e-06
1.236499999999999960e-01 2.551904775763219604e-06
1.261400000000000021e-01 2.364604204671192495e-06
1.286899999999999988e-01 2.136732364825267478e-06
1.312899999999999900e-01 2.030211094433621859e-06
1.339400000000000035e-01 1.821364571580274912e-06
1.366499999999999937e-01 1.743946312439462939e-06
1.394100000000000061e-01 1.584348454726188053e-06
1.422299999999999953e-01 1.472844175491679070e-06
1.451000000000000068e-01 1.362017099430018856e-06
1.480299999999999949e-01 1.252255234627162134e-06
1.510199999999999876e-01 1.155409779465711407e-06
1.540700000000000125e-01 1.064908267169066702e-06
1.571799999999999864e-01 1.012953849011050247e-06
1.603600000000000025e-01 8.996172248803827983e-07
1.635999999999999954e-01 8.689844824199568135e-07
1.668999999999999928e-01 7.723185129364482055e-07
1.702799999999999869e-01 7.278136862624397458e-07
1.737100000000000033e-01 6.564381840079593541e-07
1.772199999999999886e-01 6.220759060007494069e-07
1.807999999999999885e-01 5.648259962674278264e-07
1.844600000000000128e-01 5.319163369135105393e-07
1.881799999999999862e-01 4.921137307669806660e-07
1.919800000000000118e-01 4.501521236460995426e-07
1.958600000000000063e-01 4.033752860411899440e-07
1.998199999999999976e-01 3.927815142838116637e-07
2.038600000000000134e-01 3.517737430167597692e-07
2.079699999999999882e-01 3.283007826786628873e-07
2.121800000000000075e-01 3.097082187595478173e-07
2.164600000000000135e-01 2.712402731459424764e-07
2.208299999999999985e-01 2.632689938398357622e-07
2.253000000000000003e-01 2.434142627527281991e-07
2.298499999999999988e-01 2.212634688912061036e-07
2.344900000000000040e-01 2.052363960749330934e-07
2.392299999999999982e-01 1.846146788990825518e-07
2.440599999999999992e-01 1.723742778672222732e-07
2.489899999999999891e-01 1.605697445972495078e-07
2.540200000000000236e-01 1.474162733313538749e-07
2.591499999999999915e-01 1.337288371545141987e-07
2.643900000000000139e-01 1.280912486120924559e-07
2.697300000000000253e-01 1.206965337588885403e-07
2.751799999999999802e-01 1.078348345408263339e-07
2.807399999999999896e-01 9.687309334960341564e-08
2.864099999999999979e-01 8.780266463246222447e-08
2.921900000000000053e-01 8.586326295064158404e-08
2.980999999999999761e-01 8.066126363610869171e-08
3.041200000000000014e-01 7.184179970972423572e-08
3.102599999999999802e-01 6.509793868842076543e-08
3.165299999999999780e-01 6.031825901000063780e-08
3.229199999999999848e-01 5.613916873469522703e-08
3.294500000000000206e-01 5.073444774683457749e-08
3.361000000000000099e-01 4.931077132665316110e-08
3.428899999999999726e-01 4.561390422199014652e-08
3.498200000000000198e-01 4.165570090564285229e-08
3.568899999999999850e-01 3.859008566212610560e-08
3.640900000000000247e-01 3.621525970646403476e-08
3.714500000000000024e-01 3.373178284501613920e-08
3.789500000000000091e-01 3.094189643881398791e-08
3.866100000000000092e-01 2.768947790407018104e-08
3.944199999999999928e-01 2.547146585257767744e-08
4.023900000000000254e-01 2.315428835394959404e-08
4.105199999999999960e-01 2.214041553169897737e-08
4.188100000000000156e-01 1.966762002610168667e-08
4.272699999999999831e-01 1.922805801120933672e-08
4.359000000000000097e-01 1.730455462235467723e-08
4.447099999999999942e-01 1.525788415630104369e-08
4.536899999999999822e-01 1.474997540741712026e-08
4.628599999999999937e-01 1.340859332238642622e-08
4.722100000000000186e-01 1.306104257291592362e-08
4.817400000000000015e-01 1.110326894502228757e-08
4.914799999999999724e-01 1.110650818847032172e-08
5.014100000000000223e-01 9.894991922455573993e-09
5.115300000000000402e-01 9.015557148277751813e-09
5.218699999999999450e-01 8.832900585310038451e-09
5.324100000000000499e-01 7.292891256429095478e-09
5.431700000000000417e-01 7.235449101796407981e-09
5.541399999999999659e-01 6.574870051979208367e-09
5.653299999999999992e-01 6.270151823446548261e-09
5.767499999999999849e-01 5.706347044402069823e-09
5.884000000000000341e-01 5.383114297092791185e-09
6.002899999999999903e-01 5.035230513307984388e-09
6.124199999999999644e-01 4.676262563593498370e-09
6.247899999999999565e-01 4.318019827642065635e-09
6.374100000000000321e-01 3.969612885760692905e-09
6.502900000000000347e-01 3.638201611763042051e-09
6.634200000000000097e-01 3.329000812347685063e-09
6.768300000000000427e-01 3.044981097137566620e-09
6.905000000000000027e-01 2.787988714228133958e-09
7.044500000000000206e-01 2.557708508845829961e-09
7.186799999999999855e-01 2.350061630568762019e-09
7.331999999999999629e-01 2.162157187557518872e-09
7.480099999999999527e-01 1.991148739657494562e-09
7.631200000000000205e-01 1.834677824941157521e-09
7.785400000000000098e-01 1.690768923339047813e-09
7.942599999999999660e-01 1.557877371459994326e-09
8.103099999999999747e-01 1.434766105749876364e-09
8.266799999999999704e-01 1.320196333188970726e-09
8.433800000000000185e-01 1.213205315347058005e-09
8.604100000000000081e-01 1.113392833636100282e-09
8.778000000000000247e-01 1.020726601663636817e-09
8.955300000000000482e-01 9.352017291066282811e-10
9.136199999999999877e-01 8.566302299283830737e-10
9.320800000000000196e-01 7.848217103187124337e-10
9.509100000000000330e-01 7.194399035683030158e-10
9.701100000000000279e-01 6.601569250976460607e-10
9.897099999999999786e-01 6.065956330613794482e-10
1.009700000000000042e+00 5.583835170245805212e-10
1.030100000000000016e+00 5.151268834258524830e-10
1.050899999999999945e+00 4.763466528282303771e-10
1.072100000000000053e+00 4.413484318285552950e-10
1.093800000000000106e+00 4.095957756737071859e-10
1.115899999999999892e+00 3.805778032036612735e-10
1.138400000000000079e+00 3.538884034452627880e-10
1.161399999999999988e+00 3.292016422164692525e-10
1.184900000000000064e+00 3.062236344710458783e-10
1.208800000000000097e+00 2.847361322351995599e-10
1.233300000000000063e+00 2.645429945880938354e-10
1.258199999999999985e+00 2.454731602822580602e-10
1.283600000000000074e+00 2.274641843269294051e-10
1.309500000000000108e+00 2.105368756053687351e-10
1.336000000000000076e+00 1.947070765661252653e-10
1.362999999999999989e+00 1.799870810851888290e-10
1.390500000000000069e+00 1.663573363071531202e-10
1.418600000000000083e+00 1.537761449505281390e-10
1.447200000000000042e+00 1.422312675070028022e-10
1.476499999999999924e+00 1.316509130953473347e-10
1.506299999999999972e+00 1.220051958048686813e-10
1.536699999999999955e+00 1.132321041214750459e-10
1.567800000000000082e+00 1.052528565382987624e-10
1.599399999999999933e+00 9.793631421280372024e-11
1.631799999999999917e+00 9.117989294856877724e-11
1.664700000000000069e+00 8.488435955330445705e-11
1.698399999999999910e+00 7.898611022210843134e-11
1.732699999999999907e+00 7.341032699926140179e-11
1.767700000000000049e+00 6.811791223497922865e-11
1.803399999999999892e+00 6.307049955660655669e-11
1.839800000000000102e+00 5.823538533105908672e-11
1.877000000000000002e+00 5.359908883826879219e-11
1.914900000000000047e+00 4.916168687041146771e-11
1.953600000000000003e+00 4.496103198065036519e-11
1.993000000000000105e+00 4.103234298608500107e-11
2.033300000000000107e+00 3.738602723505031835e-11
2.074399999999999800e+00 3.403173353770947102e-11
2.116299999999999848e+00 3.097101732872393714e-11
2.158999999999999808e+00 2.819874925822796268e-11
2.202599999999999891e+00 2.570083381253593736e-11
2.247100000000000097e+00 2.346430547869396932e-11
2.292499999999999982e+00 2.147450711107002757e-11
2.338799999999999990e+00 1.970549901555697180e-11
2.386099999999999888e+00 1.812331659023076394e-11
2.434299999999999908e+00 1.669673434442270056e-11
2.483499999999999819e+00 1.540468506655106479e-11
2.533599999999999852e+00 1.422325267684006321e-11
2.584799999999999986e+00 1.313716461524838389e-11
2.637000000000000011e+00 1.213192209676519134e-11
2.690300000000000136e+00 1.119677992926786486e-11
2.744699999999999918e+00 1.032183247470290167e-11
2.800100000000000033e+00 9.500194057527275768e-12
2.856700000000000017e+00 8.728734851059009368e-12
2.914400000000000102e+00 8.010567151391103963e-12
2.973300000000000054e+00 7.347586896724181026e-12
3.033300000000000107e+00 6.740586983367928238e-12
3.094599999999999795e+00 6.188464618018166602e-12
3.157099999999999795e+00 5.689955318284686313e-12
3.220899999999999874e+00 5.242407610684229816e-12
3.286000000000000032e+00 4.843299365506634119e-12
3.352300000000000058e+00 4.490249570576942413e-12
3.420100000000000140e+00 4.179262982760451600e-12
3.489199999999999857e+00 3.906604651162791165e-12
3.559600000000000097e+00 3.662559649534538337e-12
3.631600000000000161e+00 3.440090460526315555e-12
3.704899999999999860e+00 3.232990403734762641e-12
3.779799999999999827e+00 3.036446262213133031e-12
3.856100000000000083e+00 2.846719862391896352e-12
3.934000000000000163e+00 2.660587792012056995e-12
4.013499999999999623e+00 2.475833289313823959e-12
4.094599999999999795e+00 2.291340332166861247e-12
4.177299999999999791e+00 2.106249999999999835e-12
4.261700000000000266e+00 1.921928746928746802e-12
4.347800000000000331e+00 1.742183462532299963e-12
4.435599999999999987e+00 1.570322054626987318e-12
4.525199999999999889e+00 1.408389309704159041e-12
4.616600000000000037e+00 1.258173618940247854e-12
4.709900000000000198e+00 1.120483832714048573e-12
4.804999999999999716e+00 9.957584830339320420e-13
4.902099999999999902e+00 8.836395450568680199e-13
5.001100000000000101e+00 7.837643810400367707e-13
5.102100000000000080e+00 6.954202168861348925e-13
5.205199999999999605e+00 6.178984363062191693e-13
5.310399999999999565e+00 5.503751339764200550e-13
5.417600000000000193e+00 4.919874144328037575e-13
5.527099999999999902e+00 4.418786785646477836e-13
5.638700000000000045e+00 3.991958644457208436e-13
5.752600000000000158e+00 3.631561658235332903e-13
5.868900000000000006e+00 3.330706048286733452e-13
5.987400000000000055e+00 3.083035012660438108e-13
6.108399999999999608e+00 2.883572763194168294e-13
6.231799999999999784e+00 2.728166607563106244e-13
6.357700000000000351e+00 2.610193071154694580e-13
6.486100000000000421e+00 2.518125647344548293e-13
6.617099999999999760e+00 2.441165413533834669e-13
6.750799999999999912e+00 2.370446585805021916e-13
6.887199999999999989e+00 2.297694182340810876e-13
7.026299999999999990e+00 2.215765815151847405e-13
7.168199999999999683e+00 2.118839308386620235e-13
7.312999999999999723e+00 2.002503280999368339e-13
7.460799999999999876e+00 1.864179524577160223e-13
7.611500000000000377e+00 1.703755590279649046e-13
7.765299999999999869e+00 1.527345966186315649e-13
7.922100000000000364e+00 1.348188416619373260e-13
8.082200000000000273e+00 1.177077435994212665e-13
8.245400000000000063e+00 1.021064485145563631e-13
8.412000000000000810e+00 8.839942799344284573e-14
8.581899999999999196e+00 7.672359963269054326e-14
8.755300000000000082e+00 6.706123554214538166e-14
8.932199999999999918e+00 5.929109798329598723e-14
9.112600000000000477e+00 5.326753915468783387e-14
9.296699999999999520e+00 4.884078275410132207e-14
9.484500000000000597e+00 4.580330366068453517e-14
9.676099999999999923e+00 4.379180664894950563e-14
9.871600000000000819e+00 4.252522051444567326e-14
1.007099999999999973e+01 4.179157625326879628e-14
1.027399999999999913e+01 4.140788933825684633e-14
1.048199999999999932e+01 4.121086755171348664e-14
1.069400000000000084e+01 4.104468873999869937e-14
1.091000000000000014e+01 4.075932017543859227e-14
1.113000000000000078e+01 4.020722021660649567e-14
1.135500000000000043e+01 3.925446937999239849e-14
1.158399999999999963e+01 3.784947098428983972e-14
1.181799999999999962e+01 3.609543918918918471e-14
1.205700000000000038e+01 3.409895879683189598e-14
1.230100000000000016e+01 3.197018004501125542e-14
1.254899999999999949e+01 2.980235201106828888e-14
1.280300000000000082e+01 2.766305309964905941e-14
1.306099999999999994e+01 2.561758540841298842e-14
1.332499999999999929e+01 2.370697631384159877e-14
1.359399999999999942e+01 2.196340853963262465e-14
1.386899999999999977e+01 2.040517451793995225e-14
1.414899999999999913e+01 1.902189365936877922e-14
1.443500000000000050e+01 1.775719606695874223e-14
1.472700000000000031e+01 1.656413110512778069e-14
1.502399999999999913e+01 1.540493404363267380e-14
1.532799999999999940e+01 1.425286203726915747e-14
1.563700000000000045e+01 1.308968870567094922e-14
1.595299999999999940e+01 1.190651289765446542e-14
1.627499999999999858e+01 1.070301487862176953e-14
1.660399999999999920e+01 9.487131859740366607e-15
1.694000000000000128e+01 8.274151436031331796e-15
1.728200000000000003e+01 7.100289030600541099e-15
1.763100000000000023e+01 6.021911049844010522e-15
1.798699999999999832e+01 5.073180682339740942e-15
1.835099999999999909e+01 4.266587805140337739e-15
1.872100000000000009e+01 3.599977322977493428e-15
1.909900000000000020e+01 3.063036135935678251e-15
1.948499999999999943e+01 2.641285849353923243e-15
1.987900000000000134e+01 2.319730151872652745e-15
2.028000000000000114e+01 2.085579113369546409e-15
2.069000000000000128e+01 1.928935698447893812e-15
2.110800000000000054e+01 1.839049103663289335e-15
2.153500000000000014e+01 1.799810948545125703e-15
2.196999999999999886e+01 1.799237170596393973e-15
2.241300000000000026e+01 1.828221419755907992e-15
2.286599999999999966e+01 1.879043532758038784e-15
2.332799999999999940e+01 1.943916204810088180e-15
2.379899999999999949e+01 2.014104145438944861e-15
2.428000000000000114e+01 2.079981899428700602e-15
2.477100000000000080e+01 2.130302487918382114e-15
2.527100000000000080e+01 2.153303964757709439e-15
2.578200000000000003e+01 2.139073287307488029e-15
2.630199999999999960e+01 2.082347174567607707e-15
2.683399999999999963e+01 1.981459595213473383e-15
2.737600000000000122e+01 1.838151640302345340e-15
2.792899999999999849e+01 1.657870941224825364e-15
2.849299999999999855e+01 1.450091058884745596e-15
2.906899999999999906e+01 1.226623970722781258e-15
2.965599999999999881e+01 1.000965250965250835e-15
3.025499999999999901e+01 7.858590384634968516e-16
3.086599999999999966e+01 5.920514005135753402e-16
3.148999999999999844e+01 4.291090882296260319e-16
3.212599999999999767e+01 3.031002559624907565e-16
3.277499999999999858e+01 2.116435503615735088e-16
3.343699999999999761e+01 1.481742882254241544e-16
3.411200000000000188e+01 1.055109812132027533e-16
3.480100000000000193e+01 7.750544904586095845e-17
3.550399999999999778e+01 5.957160515075180620e-17
3.622200000000000131e+01 4.859657233431298440e-17
3.695300000000000296e+01 4.267767846253027593e-17
3.770000000000000284e+01 4.092304863473384536e-17
3.846200000000000330e+01 4.304232239535830961e-17
3.923899999999999721e+01 4.893098505017407641e-17
4.003099999999999881e+01 5.909827738993234898e-17
4.084000000000000341e+01 7.454491537022674748e-17
4.166499999999999915e+01 9.653312788906008889e-17
4.250699999999999790e+01 1.261631895916448513e-16
4.336500000000000199e+01 1.635741873189571853e-16
4.424099999999999966e+01 2.068168950288755563e-16
4.513499999999999801e+01 2.506857911250560245e-16
4.604699999999999704e+01 2.863487257128437948e-16
4.697699999999999676e+01 3.052340680562029859e-16
4.792600000000000193e+01 3.050927878532265067e-16
4.889399999999999835e+01 2.878529291730048668e-16
4.988199999999999790e+01 2.580683064389785619e-16
5.089000000000000057e+01 2.213148645854869016e-16
5.191799999999999926e+01 1.827491378934043359e-16
5.296600000000000108e+01 1.462672811059907840e-16
5.403600000000000136e+01 1.142308066556387976e-16
5.512800000000000011e+01 9.654818163139509867e-17
5.624199999999999733e+01 1.018927273713325014e-16
5.737800000000000011e+01 1.075355016032982116e-16
5.853699999999999903e+01 1.134945586457073758e-16
5.971999999999999886e+01 1.197829556335780549e-16
6.092600000000000193e+01 1.264222162307899665e-16
6.215699999999999648e+01 1.334448398576512292e-16
6.341199999999999903e+01 1.408568207440811822e-16
6.469299999999999784e+01 1.486746031746031718e-16
6.600000000000000000e+01 1.569309420046932649e-16
6.733400000000000318e+01 1.656518275953624426e-16
6.869400000000000261e+01 1.748668099822413379e-16
7.008199999999999363e+01 1.845918468068305066e-16
7.149699999999999989e+01 1.948773546551023024e-16
7.294199999999999307e+01 2.057272457034647600e-16
7.441500000000000625e+01 2.171885719601390909e-16
7.591800000000000637e+01 2.292935743761053142e-16
7.745199999999999818e+01 2.420806849137371786e-16
7.901699999999999591e+01 2.555832625435014960e-16
8.061299999999999955e+01 2.698630929983501529e-16
8.224099999999999966e+01 2.849346480165099601e-16
8.390300000000000580e+01 3.008542315952654117e-16
8.559799999999999898e+01 3.176685316593885974e-16
8.732699999999999818e+01 3.354356248310658636e-16
8.909099999999999397e+01 3.542098951095543008e-16
9.089100000000000534e+01 3.740573152337858301e-16
9.272700000000000387e+01 3.950113667750228097e-16
9.459999999999999432e+01 4.171492704826038197e-16
9.651099999999999568e+01 4.405340669243721307e-16
9.846099999999999852e+01 4.652584630033325740e-16
1.004500000000000028e+02 4.913957428783225391e-16
1.024800000000000040e+02 5.189940695982992428e-16
1.045499999999999972e+02 5.481658833614140628e-16
1.066599999999999966e+02 5.789917541229385751e-16
1.088199999999999932e+02 6.115585187141066239e-16
1.110100000000000051e+02 6.460186250915559310e-16
1.132600000000000051e+02 6.824179874677478369e-16
1.155400000000000063e+02 7.208912780959059539e-16
1.178799999999999955e+02 7.615479621243311165e-16
1.202600000000000051e+02 8.045861978940039934e-16
1.226899999999999977e+02 8.500275938189845735e-16
1.251700000000000017e+02 8.980653315185689471e-16
1.277000000000000028e+02 9.488259774957612650e-16
1.302800000000000011e+02 1.002552683032804742e-15
1.329099999999999966e+02 1.059363876449649861e-15
1.355900000000000034e+02 1.119446467589220683e-15
1.383300000000000125e+02 1.182932306705165104e-15
1.411299999999999955e+02 1.250101750101750061e-15
1.439799999999999898e+02 1.321069994262765297e-15
1.468899999999999864e+02 1.396193509250834253e-15
1.498499999999999943e+02 1.475587268499959966e-15
1.528799999999999955e+02 1.559681247880637324e-15
1.559699999999999989e+02 1.648588077095472901e-15
1.591200000000000045e+02 1.742534837425348568e-15
1.623300000000000125e+02 1.841912686080898293e-15
1.656100000000000136e+02 1.947203816591571714e-15
1.689600000000000080e+02 2.058530021864663595e-15
1.723700000000000045e+02 2.176326182089870725e-15
1.758499999999999943e+02 2.301140283753778944e-15
1.794099999999999966e+02 2.433121019108280504e-15
1.830300000000000011e+02 2.572856420910775429e-15
1.867299999999999898e+02 2.720845957345690094e-15
1.905000000000000000e+02 2.877683145290549776e-15
1.943499999999999943e+02 3.043579468932377880e-15
1.982800000000000011e+02 3.219262439299036075e-15
2.022800000000000011e+02 3.405388296188720904e-15
2.063700000000000045e+02 3.602293550865992332e-15
2.105399999999999920e+02 3.810735287984318523e-15
2.147899999999999920e+02 4.031471386639005810e-15
2.191299999999999955e+02 4.264925721760254407e-15
2.235600000000000023e+02 4.511990111248454580e-15
