1.000000000000000048e-04 1.000051445621977564e+00
1.020200000000000024e-04 1.000100897992129978e+00
1.040800000000000064e-04 1.000098941327792756e+00
1.061800000000000032e-04 1.000048510720869421e+00
1.083300000000000013e-04 1.000047569213205367e+00
1.105200000000000057e-04 1.000093296636656248e+00
1.127500000000000030e-04 1.000045743561593703e+00
1.150300000000000015e-04 1.000089714260081752e+00
1.173500000000000064e-04 1.000043986979854083e+00
1.197199999999999989e-04 1.000086270111719688e+00
1.221399999999999927e-04 1.000042297605955532e+00
1.246099999999999877e-04 1.000082956572234449e+00
1.271199999999999891e-04 1.000040673554055237e+00
1.296899999999999865e-04 1.000039885130823203e+00
1.323100000000000122e-04 1.000078225837994106e+00
1.349900000000000069e-04 1.000076707705288781e+00
1.377100000000000080e-04 1.000075221904618727e+00
1.404900000000000051e-04 1.000073762631850771e+00
1.433299999999999982e-04 1.000072332730560509e+00
1.462299999999999874e-04 1.000035464765755222e+00
1.491800000000000049e-04 1.000069555540098687e+00
1.522000000000000132e-04 1.000068208171339013e+00
1.552699999999999957e-04 1.000066885158183316e+00
1.584099999999999961e-04 1.000065588823664475e+00
1.616099999999999926e-04 1.000064316953948929e+00
1.648700000000000122e-04 1.000063069597300736e+00
1.681999999999999956e-04 1.000092772984507050e+00
1.715999999999999969e-04 1.000060648330654667e+00
1.750699999999999891e-04 1.000089211371476106e+00
1.786000000000000044e-04 1.000058320940133472e+00
1.822100000000000054e-04 1.000057190243344385e+00
1.858899999999999973e-04 1.000084123156300908e+00
1.896500000000000020e-04 1.000054994912970674e+00
1.934799999999999975e-04 1.000053928706250206e+00
1.973900000000000058e-04 1.000052883471270970e+00
2.013799999999999998e-04 1.000077788725820538e+00
2.054400000000000117e-04 1.000050853060082900e+00
2.095900000000000042e-04 1.000049867850196783e+00
2.138300000000000042e-04 1.000048900951123310e+00
2.181499999999999900e-04 1.000047953580933680e+00
2.225499999999999885e-04 1.000070536784933184e+00
2.270499999999999895e-04 1.000046112699437550e+00
2.316399999999999980e-04 1.000045219200072166e+00
2.363199999999999871e-04 1.000066514422544017e+00
2.410900000000000109e-04 1.000065225899030352e+00
2.459599999999999829e-04 1.000063961793488554e+00
2.509300000000000115e-04 1.000062722140915739e+00
2.559999999999999884e-04 1.000061506919528442e+00
2.611700000000000219e-04 1.000060314843483011e+00
2.664499999999999985e-04 1.000039430621820991e+00
2.718299999999999775e-04 1.000058000154667059e+00
2.773200000000000079e-04 1.000037917567208723e+00
2.829199999999999814e-04 1.000055774522198293e+00
2.886400000000000012e-04 1.000054694621695495e+00
2.944700000000000182e-04 1.000053634640826861e+00
3.004199999999999731e-04 1.000052595592489491e+00
3.064899999999999743e-04 1.000051576522367203e+00
3.126800000000000217e-04 1.000050577425609211e+00
3.189900000000000070e-04 1.000049598254141525e+00
3.254399999999999741e-04 1.000048637343752711e+00
3.320099999999999874e-04 1.000047695511852242e+00
3.387199999999999825e-04 1.000046771955535485e+00
3.455600000000000186e-04 1.000045865949119372e+00
3.525399999999999823e-04 1.000044977511244326e+00
3.596599999999999819e-04 1.000044106620403772e+00
3.669300000000000122e-04 1.000043252595155696e+00
3.743400000000000243e-04 1.000028276544606021e+00
3.819000000000000129e-04 1.000041593877381230e+00
3.896200000000000271e-04 1.000040788579197759e+00
3.974900000000000178e-04 1.000039998933361707e+00
4.055199999999999799e-04 1.000026149601872305e+00
4.137100000000000217e-04 1.000038465483639394e+00
4.220699999999999756e-04 1.000025147110596979e+00
4.306000000000000040e-04 1.000024660608377136e+00
4.392900000000000038e-04 1.000024183212014250e+00
4.481700000000000137e-04 1.000023715227547738e+00
4.572199999999999897e-04 1.000023256354799051e+00
4.664599999999999758e-04 1.000022806577416823e+00
4.758799999999999771e-04 1.000022365360529575e+00
4.854999999999999832e-04 1.000021932710444483e+00
4.952999999999999504e-04 1.000010754191446249e+00
5.053100000000000256e-04 1.000010546187026117e+00
5.155199999999999973e-04 1.000010342224198601e+00
5.259299999999999739e-04 1.000010142296418714e+00
5.365600000000000534e-04 1.000000000000000000e+00
5.473900000000000293e-04 1.000000000000000000e+00
5.584500000000000488e-04 1.000000000000000000e+00
5.697299999999999543e-04 1.000000000000000000e+00
5.812400000000000119e-04 1.000000000000000000e+00
5.929900000000000535e-04 1.000000000000000000e+00
6.049599999999999813e-04 1.000000000000000000e+00
6.171899999999999912e-04 9.999132396321360750e-01
6.296500000000000447e-04 9.999149153407640433e-01
6.423699999999999636e-04 1.000000000000000000e+00
6.553499999999999647e-04 1.000000000000000000e+00
6.685900000000000480e-04 9.999197496188106937e-01
6.821000000000000457e-04 9.999212970250275223e-01
6.958799999999999578e-04 9.999228156838529946e-01
7.099300000000000012e-04 9.999243055029899407e-01
7.242699999999999486e-04 1.000000000000000000e+00
7.389099999999999575e-04 1.000000000000000000e+00
7.538300000000000382e-04 1.000000000000000000e+00
7.690600000000000127e-04 9.999299768923745058e-01
7.845999999999999893e-04 9.999313233981182991e-01
8.004499999999999680e-04 9.999326463258570996e-01
8.166199999999999978e-04 9.999339454389325477e-01
8.331099999999999704e-04 9.999352163772998736e-01
8.499399999999999837e-04 9.999364635618527286e-01
8.671100000000000379e-04 9.998753738783648926e-01
8.846299999999999650e-04 9.998777730245065332e-01
9.024999999999999819e-04 9.998801246703427070e-01
9.207300000000000293e-04 9.998824290165186923e-01
9.393300000000000477e-04 9.998846863468634494e-01
9.583099999999999778e-04 9.998869034155168922e-01
9.776699999999999280e-04 9.998890737659457129e-01
9.974199999999999473e-04 9.998368057444377843e-01
1.017600000000000015e-03 9.998399402443579609e-01
1.038099999999999917e-03 9.997906855049711883e-01
1.059100000000000102e-03 9.998460196068367223e-01
1.080500000000000080e-03 9.997986306886830210e-01
1.102300000000000068e-03 9.998024886430969538e-01
1.124599999999999905e-03 9.998062672543224227e-01
1.147299999999999969e-03 9.997624703087885090e-01
1.170500000000000099e-03 9.997670192442102977e-01
1.194100000000000023e-03 9.997714703597055941e-01
1.218200000000000012e-03 9.996861830897517676e-01
1.242899999999999908e-03 9.996921723834651941e-01
1.268000000000000030e-03 9.996980415839875622e-01
1.293600000000000002e-03 9.997038040028772832e-01
1.319700000000000040e-03 9.996679395650008848e-01
1.346399999999999984e-03 9.996742671009772874e-01
1.373599999999999995e-03 9.996405320126214855e-01
1.401300000000000072e-03 9.996081811770237691e-01
1.429600000000000055e-03 9.995771995233885265e-01
1.458499999999999944e-03 9.995852187028657632e-01
1.487999999999999956e-03 9.995560981023194902e-01
1.518000000000000035e-03 9.995282334155901616e-01
1.548700000000000077e-03 9.995015665052690013e-01
1.580000000000000024e-03 9.995109853644905673e-01
1.611900000000000095e-03 9.994859668962681187e-01
1.644499999999999912e-03 9.994284369431463144e-01
1.677700000000000068e-03 9.994062345373577738e-01
1.711599999999999970e-03 9.993850535650710132e-01
1.746200000000000052e-03 9.993648777389646520e-01
1.781400000000000041e-03 9.993456516997476502e-01
1.817400000000000048e-03 9.992968081203374986e-01
1.854100000000000019e-03 9.992799927999280740e-01
1.891600000000000009e-03 9.992345962495216005e-01
1.929799999999999962e-03 9.991911488574977129e-01
1.968800000000000151e-03 9.991779113278149715e-01
2.008600000000000142e-03 9.991375952818116746e-01
2.049099999999999880e-03 9.990717737311965996e-01
2.090499999999999910e-03 9.990354473113093325e-01
2.132799999999999800e-03 9.990007625759288468e-01
2.175799999999999870e-03 9.989676620125429451e-01
2.219800000000000072e-03 9.989107581629809163e-01
2.264599999999999860e-03 9.988562904027846745e-01
2.310400000000000214e-03 9.988285539963391857e-01
2.357099999999999994e-03 9.987782382674940118e-01
2.404700000000000067e-03 9.987300990052442318e-01
2.453299999999999838e-03 9.986610337742688470e-01
2.502799999999999903e-03 9.986175010765360183e-01
2.553399999999999941e-03 9.985537236054558008e-01
2.605000000000000111e-03 9.984926599091227262e-01
2.657599999999999980e-03 9.984342156063659157e-01
2.711299999999999821e-03 9.983572722294765667e-01
2.765999999999999796e-03 9.982835280736223060e-01
2.821900000000000016e-03 9.982129076804354684e-01
2.878900000000000209e-03 9.981452674404691638e-01
2.937100000000000214e-03 9.980609526794108621e-01
2.996400000000000192e-03 9.979801477377654439e-01
3.056899999999999982e-03 9.978838378112835361e-01
3.118699999999999858e-03 9.977914702498049682e-01
3.181699999999999980e-03 9.977029096477795234e-01
3.246000000000000187e-03 9.976001146213911985e-01
3.311500000000000207e-03 9.975190470325339120e-01
3.378400000000000153e-03 9.974068631688131070e-01
3.446700000000000024e-03 9.972821932700310921e-01
3.516299999999999981e-03 9.971791490711220396e-01
3.587400000000000137e-03 9.970474862626097501e-01
3.659799999999999946e-03 9.969209936646623582e-01
3.733799999999999793e-03 9.967994929889884004e-01
3.809199999999999999e-03 9.966516640451014153e-01
3.886099999999999971e-03 9.965248009797916806e-01
3.964600000000000415e-03 9.963728854373608002e-01
4.044700000000000031e-03 9.962119530637310039e-01
4.126399999999999686e-03 9.960570921418282486e-01
4.209799999999999653e-03 9.958938407611417354e-01
4.294799999999999660e-03 9.957226474561009510e-01
4.381600000000000251e-03 9.955302160164952729e-01
4.470100000000000288e-03 9.953447853428797343e-01
4.560400000000000044e-03 9.951527811253045863e-01
4.652500000000000385e-03 9.949546179078131436e-01
4.746499999999999851e-03 9.947376607216922295e-01
4.842400000000000176e-03 9.945156558892929155e-01
4.940199999999999626e-03 9.942889418852768335e-01
5.040000000000000209e-03 9.940454865529297912e-01
5.141899999999999596e-03 9.937982610810481843e-01
5.245699999999999842e-03 9.935355663562142059e-01
5.351700000000000033e-03 9.932700014143605038e-01
5.459799999999999896e-03 9.929901118796711224e-01
5.570099999999999704e-03 9.926852963026459031e-01
5.682600000000000325e-03 9.923791298474700096e-01
5.797400000000000296e-03 9.920606759513882489e-01
5.914499999999999619e-03 9.917305717594110392e-01
6.034000000000000301e-03 9.913785680458085947e-01
6.155899999999999740e-03 9.910164080481105309e-01
6.280299999999999945e-03 9.906443385181469274e-01
6.407200000000000048e-03 9.902527484982432959e-01
6.536600000000000049e-03 9.898423533235820582e-01
6.668600000000000222e-03 9.894140151628960655e-01
6.803299999999999972e-03 9.890370370370369368e-01
6.940799999999999574e-03 9.885068666601732890e-01
7.080999999999999621e-03 9.879900076863951108e-01
7.224000000000000386e-03 9.874881516587676877e-01
7.369999999999999815e-03 9.869996258885148643e-01
7.518900000000000236e-03 9.864316042089716907e-01
7.670800000000000188e-03 9.858782798833818362e-01
7.825699999999999670e-03 9.853390897643460322e-01
7.983799999999999231e-03 9.847246891651864065e-01
8.145100000000000603e-03 9.841255920014033709e-01
8.309600000000000319e-03 9.834546084546084144e-01
8.477500000000000660e-03 9.827128797603765786e-01
8.648799999999999891e-03 9.819888381532216881e-01
8.823499999999999746e-03 9.812802941668060663e-01
9.001699999999999632e-03 9.804229307781265890e-01
9.183600000000000096e-03 9.796635086573014517e-01
9.369099999999999998e-03 9.788402519786787437e-01
9.558300000000000476e-03 9.779517494807477007e-01
9.751400000000000345e-03 9.770033191085822910e-01
9.948399999999999604e-03 9.761476499569874399e-01
1.014900000000000004e-02 9.750773993808050655e-01
1.035400000000000036e-02 9.740996168582374271e-01
1.056400000000000047e-02 9.729873283253661631e-01
1.077700000000000012e-02 9.719654265313791841e-01
1.099499999999999957e-02 9.707371556217424535e-01
1.121699999999999954e-02 9.695985832349469646e-01
1.144300000000000005e-02 9.683271157925535944e-01
1.167499999999999961e-02 9.670728169422685427e-01
1.191000000000000045e-02 9.656883901596893249e-01
1.215100000000000034e-02 9.643163003140166056e-01
1.239700000000000003e-02 9.629577165521637783e-01
1.264700000000000026e-02 9.614005484075088814e-01
1.290200000000000027e-02 9.598547790267401014e-01
1.316299999999999935e-02 9.582495318676745866e-01
1.342899999999999996e-02 9.565846599131694328e-01
1.370000000000000037e-02 9.548568297026989171e-01
1.397699999999999984e-02 9.530685920577618431e-01
1.425900000000000084e-02 9.512162070600989061e-01
1.454699999999999917e-02 9.492988133764832526e-01
1.484100000000000003e-02 9.472483221476510895e-01
1.514099999999999994e-02 9.451944927148776543e-01
1.544700000000000066e-02 9.430055263333111393e-01
1.575899999999999870e-02 9.408056274470767422e-01
1.607700000000000101e-02 9.384676458912265540e-01
1.640199999999999991e-02 9.361758299782192427e-01
1.673399999999999888e-02 9.336099585062240802e-01
1.707200000000000037e-02 9.310843690405734563e-01
1.741600000000000092e-02 9.284072249589491177e-01
1.776799999999999907e-02 9.256974072858549230e-01
1.812700000000000075e-02 9.229507120824309574e-01
1.849299999999999902e-02 9.200367647058823595e-01
1.886699999999999836e-02 9.169513797634690766e-01
1.924800000000000122e-02 9.138759128890059369e-01
1.963700000000000168e-02 9.106789716545813373e-01
2.003399999999999972e-02 9.073547875503865656e-01
2.043800000000000130e-02 9.039570491151321940e-01
2.085100000000000148e-02 9.004855983502960681e-01
2.127199999999999924e-02 8.968004809297975832e-01
2.170199999999999907e-02 8.930800724880864072e-01
2.214100000000000096e-02 8.892037786774629193e-01
2.258800000000000044e-02 8.852759486796552002e-01
2.304399999999999851e-02 8.811671450047833254e-01
2.350999999999999965e-02 8.769961453744492541e-01
2.398499999999999938e-02 8.726238379353405961e-01
2.446900000000000117e-02 8.681687775523055928e-01
2.496400000000000008e-02 8.636299435028248483e-01
2.546800000000000105e-02 8.589871611982881072e-01
2.598200000000000162e-02 8.541050962300872351e-01
2.650699999999999931e-02 8.491762647616269977e-01
2.704300000000000107e-02 8.441165621541866226e-01
2.758899999999999894e-02 8.388614970865082565e-01
2.814600000000000088e-02 8.335983041865394627e-01
2.871500000000000094e-02 8.281130047597113908e-01
2.929500000000000159e-02 8.224663083274909026e-01
2.988700000000000037e-02 8.167220376522701386e-01
3.048999999999999974e-02 8.108824947757595769e-01
3.110600000000000170e-02 8.048868186647053502e-01
3.173499999999999932e-02 7.986781943636213077e-01
3.237600000000000200e-02 7.924255247122545809e-01
3.302999999999999686e-02 7.859667270062925537e-01
3.369699999999999779e-02 7.794078889572169100e-01
3.437799999999999884e-02 7.727223864552539290e-01
3.507199999999999901e-02 7.658837506854322408e-01
3.578100000000000031e-02 7.589458955223880032e-01
3.650400000000000172e-02 7.517954090865796024e-01
3.724100000000000327e-02 7.445514691574235400e-01
3.799299999999999899e-02 7.372141578842712484e-01
3.876099999999999685e-02 7.297080314224448916e-01
3.954400000000000276e-02 7.220634838173412007e-01
4.034299999999999692e-02 7.143084818155739368e-01
4.115800000000000014e-02 7.064589038118833653e-01
4.198899999999999855e-02 6.985084911531964647e-01
4.283800000000000108e-02 6.904556202255366371e-01
4.370299999999999879e-02 6.823086224537252553e-01
4.458600000000000063e-02 6.740746025517544426e-01
4.548599999999999866e-02 6.657628520013618711e-01
4.640500000000000180e-02 6.573932500466157514e-01
4.734300000000000314e-02 6.489714496270789779e-01
4.829900000000000165e-02 6.405172749581272695e-01
4.927499999999999936e-02 6.320348042921757337e-01
5.027000000000000218e-02 6.235235153879498116e-01
5.128599999999999826e-02 6.150239935832723104e-01
5.232200000000000045e-02 6.065490472829921931e-01
5.337900000000000283e-02 5.980846774193548931e-01
5.445699999999999846e-02 5.896584649283878043e-01
5.555700000000000222e-02 5.812946622522509044e-01
5.668000000000000121e-02 5.729801567297557741e-01
5.782500000000000140e-02 5.647399654221765264e-01
5.899299999999999683e-02 5.565860940825206882e-01
6.018400000000000138e-02 5.485067374967607101e-01
6.140000000000000319e-02 5.405088385924334826e-01
6.264100000000000223e-02 5.326050306831208170e-01
6.390600000000000447e-02 5.247783802392632646e-01
6.519700000000000495e-02 5.170424566463821536e-01
6.651400000000000368e-02 5.093705035971223261e-01
6.785800000000000165e-02 5.017582619902420937e-01
6.922899999999999887e-02 4.942259793191939310e-01
7.062699999999999534e-02 4.867450281752870311e-01
7.205400000000000693e-02 4.792922960574760860e-01
7.351000000000000589e-02 4.719029766660520764e-01
7.499400000000000510e-02 4.645120405576679268e-01
7.650899999999999368e-02 4.571596884340976552e-01
7.805499999999999938e-02 4.498374571067365046e-01
7.963199999999999446e-02 4.425205325596087702e-01
8.124099999999999377e-02 4.351998056601481535e-01
8.288199999999999734e-02 4.279363475625157509e-01
8.455600000000000616e-02 4.206443129520052171e-01
8.626399999999999346e-02 4.133819417795077111e-01
8.800700000000000189e-02 4.061186561829878694e-01
8.978500000000000369e-02 3.988722141003072652e-01
9.159799999999999887e-02 3.916251556662515565e-01
9.344900000000000428e-02 3.843805812631920782e-01
9.533700000000000507e-02 3.770979967514889175e-01
9.726300000000000223e-02 3.698369660903552680e-01
9.922699999999999576e-02 3.625882439006547497e-01
1.012300000000000005e-01 3.553057588050194671e-01
1.032799999999999968e-01 3.480224217004429521e-01
1.053599999999999953e-01 3.407446335448922614e-01
1.074900000000000022e-01 3.334871922821024959e-01
1.096599999999999936e-01 3.262470663537443971e-01
1.118799999999999933e-01 3.190334702438171743e-01
1.141400000000000053e-01 3.118790207290922378e-01
1.164400000000000018e-01 3.047638603696098403e-01
1.188000000000000028e-01 2.977213420316868753e-01
1.212000000000000022e-01 2.907437386915531774e-01
1.236499999999999960e-01 2.838433053985577881e-01
1.261400000000000021e-01 2.770137917249650417e-01
1.286899999999999988e-01 2.702852737085582047e-01
1.312899999999999900e-01 2.636566213921901491e-01
1.339400000000000035e-01 2.571326480127535952e-01
1.366499999999999937e-01 2.507462686567163979e-01
1.394100000000000061e-01 2.444709816097444532e-01
1.422299999999999953e-01 2.383373991367986333e-01
1.451000000000000068e-01 2.323195165210536484e-01
1.480299999999999949e-01 2.263885051119093883e-01
1.510199999999999876e-01 2.205463528044173116e-01
1.540700000000000125e-01 2.147664835164835306e-01
1.571799999999999864e-01 2.090342181004157807e-01
1.603600000000000025e-01 2.033711615487316382e-01
1.635999999999999954e-01 1.977718050979712372e-01
1.668999999999999928e-01 1.922456297624383914e-01
1.702799999999999869e-01 1.868217054263566212e-01
1.737100000000000033e-01 1.814807801552736077e-01
1.772199999999999886e-01 1.762043229621013951e-01
1.807999999999999885e-01 1.710019841269841134e-01
1.844600000000000128e-01 1.658395704523267233e-01
1.881799999999999862e-01 1.607606058070454313e-01
1.919800000000000118e-01 1.557666742323530473e-01
1.958600000000000063e-01 1.509128882301421504e-01
1.998199999999999976e-01 1.461895714587291562e-01
2.038600000000000134e-01 1.416353903894665422e-01
2.079699999999999882e-01 1.372053872053872192e-01
2.121800000000000075e-01 1.328677623951442510e-01
2.164600000000000135e-01 1.286124141096814111e-01
2.208299999999999985e-01 1.244212614996091509e-01
2.253000000000000003e-01 1.202974641883208656e-01
2.298499999999999988e-01 1.162498578137441396e-01
2.344900000000000040e-01 1.122828492856663835e-01
2.392299999999999982e-01 1.084126984126984189e-01
2.440599999999999992e-01 1.046560320811966566e-01
2.489899999999999891e-01 1.010295892615486052e-01
2.540200000000000236e-01 9.753179890975165189e-02
2.591499999999999915e-01 9.414441030489247020e-02
2.643900000000000139e-01 9.082069874752801697e-02
2.697300000000000253e-01 8.754189823324610986e-02
2.751799999999999802e-01 8.431448313483044799e-02
2.807399999999999896e-01 8.117456228233385640e-02
2.864099999999999979e-01 7.814440703329592064e-02
2.921900000000000053e-01 7.521930962886062833e-02
2.980999999999999761e-01 7.237447220503993861e-02
3.041200000000000014e-01 6.959374913105136062e-02
3.102599999999999802e-01 6.687949381650848402e-02
3.165299999999999780e-01 6.424224343675417892e-02
3.229199999999999848e-01 6.169551570900275866e-02
3.294500000000000206e-01 5.924601884952876429e-02
3.361000000000000099e-01 5.690730078697237015e-02
3.428899999999999726e-01 5.464867180805484115e-02
3.498200000000000198e-01 5.243392563834552156e-02
3.568899999999999850e-01 5.025866428099109301e-02
3.640900000000000247e-01 4.815308761720012848e-02
3.714500000000000024e-01 4.614029199530123027e-02
3.789500000000000091e-01 4.421089355021586009e-02
3.866100000000000092e-01 4.234010636847129749e-02
3.944199999999999928e-01 4.052831622957051017e-02
4.023900000000000254e-01 3.878219791148682094e-02
4.105199999999999960e-01 3.710340164360761972e-02
4.188100000000000156e-01 3.549413553431798873e-02
4.272699999999999831e-01 3.393493635077793336e-02
4.359000000000000097e-01 3.241031984449549430e-02
4.447099999999999942e-01 3.094273614435647315e-02
4.536899999999999822e-01 2.955410340188352816e-02
4.628599999999999937e-01 2.822662737744441666e-02
4.722100000000000186e-01 2.694117647058823228e-02
4.817400000000000015e-01 2.569683224815275460e-02
4.914799999999999724e-01 2.450297755382500886e-02
5.014100000000000223e-01 2.335908258341960753e-02
5.115300000000000402e-01 2.225398936170212838e-02
5.218699999999999450e-01 2.119128245202743857e-02
5.324100000000000499e-01 2.018696678163005992e-02
5.431700000000000417e-01 1.923157195711981682e-02
5.541399999999999659e-01 1.830227948463825430e-02
5.653299999999999992e-01 1.740286891184202392e-02
5.767499999999999849e-01 1.654846591277649506e-02
5.884000000000000341e-01 1.573636753971661625e-02
6.002899999999999903e-01 1.495635122204765251e-02
6.124199999999999644e-01 1.421603131676113692e-02
6.247899999999999565e-01 1.350542075374290378e-02
6.374100000000000321e-01 1.282411029868062505e-02
6.502900000000000347e-01 1.217278483690363740e-02
6.634200000000000097e-01 1.155082421633098384e-02
6.768300000000000427e-01 1.095695476550214396e-02
6.905000000000000027e-01 1.039000403063281008e-02
7.044500000000000206e-01 9.849425016018615447e-03
7.186799999999999855e-01 9.333874182113191531e-03
7.331999999999999629e-01 8.842379072427406991e-03
7.480099999999999527e-01 8.374440327312026797e-03
7.631200000000000205e-01 7.928688243251429124e-03
7.785400000000000098e-01 7.504383278058260331e-03
7.942599999999999660e-01 7.100545940808522874e-03
8.103099999999999747e-01 6.716625034693311964e-03
8.266799999999999704e-01 6.351292477490559814e-03
8.433800000000000185e-01 6.004356856983636588e-03
8.604100000000000081e-01 5.674744153984835095e-03
8.778000000000000247e-01 5.361454141806577638e-03
8.955300000000000482e-01 5.063908900766906154e-03
9.136199999999999877e-01 4.781802147006051357e-03
9.320800000000000196e-01 4.513818135506877591e-03
9.509100000000000330e-01 4.259759309264260149e-03
9.701100000000000279e-01 4.018919956714490753e-03
9.897099999999999786e-01 3.790758882877613874e-03
1.009700000000000042e+00 3.574480303204318529e-03
1.030100000000000016e+00 3.369566960705693438e-03
1.050899999999999945e+00 3.175640487190255559e-03
1.072100000000000053e+00 2.991992960844698686e-03
1.093800000000000106e+00 2.818093833533044917e-03
1.115899999999999892e+00 2.653662305055284627e-03
1.138400000000000079e+00 2.498204077502909001e-03
1.161399999999999988e+00 2.351054807590373906e-03
1.184900000000000064e+00 2.212119528993557096e-03
1.208800000000000097e+00 2.080849825378346899e-03
1.233300000000000063e+00 1.956810833892514735e-03
1.258199999999999985e+00 1.839716130682181794e-03
1.283600000000000074e+00 1.729191797346200281e-03
1.309500000000000108e+00 1.624938531787846864e-03
1.336000000000000076e+00 1.526435935198821843e-03
1.362999999999999989e+00 1.433644715509920604e-03
1.390500000000000069e+00 1.346094698502630672e-03
1.418600000000000083e+00 1.263684969871849226e-03
1.447200000000000042e+00 1.185992702678650805e-03
1.476499999999999924e+00 1.112728630085852962e-03
1.506299999999999972e+00 1.043844196515952101e-03
1.536699999999999955e+00 9.789586049041847267e-04
1.567800000000000082e+00 9.178813650554418788e-04
1.599399999999999933e+00 8.604191603243071780e-04
1.631799999999999917e+00 8.063679329092782568e-04
1.664700000000000069e+00 7.555544510164521280e-04
1.698399999999999910e+00 7.077657119764303511e-04
1.732699999999999907e+00 6.628689443882156834e-04
1.767700000000000049e+00 6.206822323952757708e-04
1.803399999999999892e+00 5.810507611920071600e-04
1.839800000000000102e+00 5.438255510784546299e-04
1.877000000000000002e+00 5.088798607080673771e-04
1.914900000000000047e+00 4.760968308939976653e-04
1.953600000000000003e+00 4.453130707971067535e-04
1.993000000000000105e+00 4.164414025804719761e-04
2.033300000000000107e+00 3.893584480399259824e-04
2.074399999999999800e+00 3.639570746546115249e-04
2.116299999999999848e+00 3.401712055353499765e-04
2.158999999999999808e+00 3.178505739098042297e-04
2.202599999999999891e+00 2.969273265051700127e-04
2.247100000000000097e+00 2.773471587700837224e-04
2.292499999999999982e+00 2.590012396916940873e-04
2.338799999999999990e+00 2.418213719719266501e-04
2.386099999999999888e+00 2.257459581550166601e-04
2.434299999999999908e+00 2.106897627965043888e-04
2.483499999999999819e+00 1.966040580850296959e-04
2.533599999999999852e+00 1.834291616457221796e-04
2.584799999999999986e+00 1.711051641834225362e-04
2.637000000000000011e+00 1.595783475783475963e-04
2.690300000000000136e+00 1.488028731045490979e-04
2.744699999999999918e+00 1.387314496520499526e-04
2.800100000000000033e+00 1.293138377521360139e-04
2.856700000000000017e+00 1.205219564110869448e-04
2.914400000000000102e+00 1.123103850641773489e-04
2.973300000000000054e+00 1.046334610472541524e-04
3.033300000000000107e+00 9.746631595898867318e-05
3.094599999999999795e+00 9.078242229367630451e-05
3.157099999999999795e+00 8.453877163860564219e-05
3.220899999999999874e+00 7.871028037383177357e-05
3.286000000000000032e+00 7.327614432584638013e-05
3.352300000000000058e+00 6.820565765021681100e-05
3.420100000000000140e+00 6.347706554767761241e-05
3.489199999999999857e+00 5.906684919005248465e-05
3.559600000000000097e+00 5.495083539851306886e-05
3.631600000000000161e+00 5.111690057988066502e-05
3.704899999999999860e+00 4.754373564233962854e-05
3.779799999999999827e+00 4.421365536460752438e-05
3.856100000000000083e+00 4.111349873022074076e-05
3.934000000000000163e+00 3.822224504467495489e-05
4.013499999999999623e+00 3.553023758099352081e-05
4.094599999999999795e+00 3.302331391453456981e-05
4.177299999999999791e+00 3.069013697648589851e-05
4.261700000000000266e+00 2.851652768009645258e-05
4.347800000000000331e+00 2.649451855765420807e-05
4.435599999999999987e+00 2.461207195943599310e-05
4.525199999999999889e+00 2.286056603497903494e-05
4.616600000000000037e+00 2.123130830349321592e-05
4.709900000000000198e+00 1.971710313611380652e-05
4.804999999999999716e+00 1.830734436376621767e-05
4.902099999999999902e+00 1.699604672378942006e-05
5.001100000000000101e+00 1.577748922636858196e-05
5.102100000000000080e+00 1.464442684616907636e-05
5.205199999999999605e+00 1.359120164969068162e-05
5.310399999999999565e+00 1.261209730440499725e-05
5.417600000000000193e+00 1.170248581838306662e-05
5.527099999999999902e+00 1.085701113726251376e-05
5.638700000000000045e+00 1.007174773394612468e-05
5.752600000000000158e+00 9.341967380498158207e-06
5.868900000000000006e+00 8.664216032800791422e-06
5.987400000000000055e+00 8.034699282802130948e-06
6.108399999999999608e+00 7.450433802111065785e-06
6.231799999999999784e+00 6.907760269005077049e-06
6.357700000000000351e+00 6.403886190145731901e-06
6.486100000000000421e+00 5.936301544979729037e-06
6.617099999999999760e+00 5.502499038831219209e-06
6.750799999999999912e+00 5.099761220607875953e-06
6.887199999999999989e+00 4.726056578050443548e-06
7.026299999999999990e+00 4.379216002870470095e-06
7.168199999999999683e+00 4.057654169421096715e-06
7.312999999999999723e+00 3.759246371047921856e-06
7.460799999999999876e+00 3.482570920129802172e-06
7.611500000000000377e+00 3.226055328998126331e-06
7.765299999999999869e+00 2.988104908901009955e-06
7.922100000000000364e+00 2.767520009775768070e-06
8.082200000000000273e+00 2.562918167781780915e-06
8.245400000000000063e+00 2.373348689113203957e-06
8.412000000000000810e+00 2.197688521081543772e-06
8.581899999999999196e+00 2.034785875281742736e-06
8.755300000000000082e+00 1.883772450352085000e-06
8.932199999999999918e+00 1.744083333333333463e-06
9.112600000000000477e+00 1.614446199754256724e-06
9.296699999999999520e+00 1.494361249768903660e-06
9.484500000000000597e+00 1.383020153831175092e-06
9.676099999999999923e+00 1.280010665900909817e-06
9.871600000000000819e+00 1.184642641085472239e-06
1.007099999999999973e+01 1.096192361964586415e-06
1.027399999999999913e+01 1.014325445347526870e-06
1.048199999999999932e+01 9.384976762982419219e-07
1.069400000000000084e+01 8.682729534478399218e-07
1.091000000000000014e+01 8.032743226385209910e-07
1.113000000000000078e+01 7.430849885549731242e-07
1.135500000000000043e+01 6.873658005290181376e-07
1.158399999999999963e+01 6.357913374208989667e-07
1.181799999999999962e+01 5.880361368779257501e-07
1.205700000000000038e+01 5.438478340007280981e-07
1.230100000000000016e+01 5.029728796655030643e-07
1.254899999999999949e+01 4.651252096933928915e-07
1.280300000000000082e+01 4.301171458998934769e-07
1.306099999999999994e+01 3.977150296282994578e-07
1.332499999999999929e+01 3.677437668543312334e-07
1.359399999999999942e+01 3.399980055843637850e-07
1.386899999999999977e+01 3.143540292703433861e-07
1.414899999999999913e+01 2.906120188313486443e-07
1.443500000000000050e+01 2.686602451838879017e-07
1.472700000000000031e+01 2.483540487324636848e-07
1.502399999999999913e+01 2.295716185102312101e-07
1.532799999999999940e+01 2.122030422150059774e-07
1.563700000000000045e+01 1.961409577342990149e-07
1.595299999999999940e+01 1.812891708132335641e-07
1.627499999999999858e+01 1.675542564266837630e-07
1.660399999999999920e+01 1.548543689320388475e-07
1.694000000000000128e+01 1.431133460905166707e-07
1.728200000000000003e+01 1.322495894909688052e-07
1.763100000000000023e+01 1.222139783350645399e-07
1.798699999999999832e+01 1.129335071707953221e-07
1.835099999999999909e+01 1.043547588937152815e-07
1.872100000000000009e+01 9.642298104237926838e-08
1.909900000000000020e+01 8.908857509627727672e-08
1.948499999999999943e+01 8.231274977439731109e-08
1.987900000000000134e+01 7.604839257799225416e-08
2.028000000000000114e+01 7.026015910556869693e-08
2.069000000000000128e+01 6.491270501095911964e-08
2.110800000000000054e+01 5.996652586275603044e-08
2.153500000000000014e+01 5.540052113978313785e-08
2.196999999999999886e+01 5.117897349525750989e-08
2.241300000000000026e+01 4.727587173974011218e-08
2.286599999999999966e+01 4.366952578132702401e-08
2.332799999999999940e+01 4.034066094045712896e-08
2.379899999999999949e+01 3.726337493693654219e-08
2.428000000000000114e+01 3.442033176780880043e-08
2.477100000000000080e+01 3.179350147028319728e-08
2.527100000000000080e+01 2.936679536679536398e-08
2.578200000000000003e+01 2.712389020118921437e-08
2.630199999999999960e+01 2.505298430518959818e-08
2.683399999999999963e+01 2.313932234625900847e-08
2.737600000000000122e+01 2.137074927494661607e-08
2.792899999999999849e+01 1.973708541361978098e-08
2.849299999999999855e+01 1.822873255422156647e-08
2.906899999999999906e+01 1.683517305893358497e-08
2.965599999999999881e+01 1.554752881730617352e-08
3.025499999999999901e+01 1.435850981862101910e-08
3.086599999999999966e+01 1.325973284119870166e-08
3.148999999999999844e+01 1.224501622624014930e-08
3.212599999999999767e+01 1.130775062978452821e-08
3.277499999999999858e+01 1.044205310830688075e-08
3.343699999999999761e+01 9.642750170183798863e-09
3.411200000000000188e+01 8.904180433845712190e-09
3.480100000000000193e+01 8.222168324035896423e-09
3.550399999999999778e+01 7.592296372128734515e-09
3.622200000000000131e+01 7.010566827588535518e-09
3.695300000000000296e+01 6.473689835761871803e-09
3.770000000000000284e+01 5.977292379412760079e-09
3.846200000000000330e+01 5.519362006030788631e-09
3.923899999999999721e+01 5.096306841973034353e-09
4.003099999999999881e+01 4.705466436873038649e-09
4.084000000000000341e+01 4.344666759945897934e-09
4.166499999999999915e+01 4.011518582328328654e-09
4.250699999999999790e+01 3.703813383208644779e-09
4.336500000000000199e+01 3.419641388386247739e-09
4.424099999999999966e+01 3.157367750897094675e-09
4.513499999999999801e+01 2.915205571507117101e-09
4.604699999999999704e+01 2.691514057260768898e-09
4.697699999999999676e+01 2.485126948471853652e-09
4.792600000000000193e+01 2.294367006753844175e-09
4.889399999999999835e+01 2.118240424725066308e-09
4.988199999999999790e+01 1.955724579663730894e-09
5.089000000000000057e+01 1.805679993238103426e-09
5.191799999999999926e+01 1.667172303024895329e-09
5.296600000000000108e+01 1.539091936699321948e-09
5.403600000000000136e+01 1.421084037792143300e-09
5.512800000000000011e+01 1.311984881096120684e-09
5.624199999999999733e+01 1.211244499129837257e-09
5.737800000000000011e+01 1.118263210252209078e-09
5.853699999999999903e+01 1.032411926798225458e-09
5.971999999999999886e+01 9.531358044019987774e-10
6.092600000000000193e+01 8.799437946852917050e-10
6.215699999999999648e+01 8.123727235701403473e-10
6.341199999999999903e+01 7.499808008355476229e-10
6.469299999999999784e+01 6.923788053262403368e-10
6.600000000000000000e+01 6.391957389234274022e-10
6.733400000000000318e+01 5.901108639429946667e-10
6.869400000000000261e+01 5.447669977081741521e-10
7.008199999999999363e+01 5.029345918799539692e-10
7.149699999999999989e+01 4.642910392127627884e-10
7.294199999999999307e+01 4.286356990214824083e-10
7.441500000000000625e+01 3.957190031596702384e-10
7.591800000000000637e+01 3.653243005896374103e-10
7.745199999999999818e+01 3.372730886444945055e-10
7.901699999999999591e+01 3.113524406627855252e-10
8.061299999999999955e+01 2.874504818778454119e-10
8.224099999999999966e+01 2.653708040593286594e-10
8.390300000000000580e+01 2.449963717923345818e-10
8.559799999999999898e+01 2.261679963766853711e-10
8.732699999999999818e+01 2.087958192256734720e-10
8.909099999999999397e+01 1.927571728481455417e-10
9.089100000000000534e+01 1.779383983572895512e-10
9.272700000000000387e+01 1.642603036876355636e-10
9.459999999999999432e+01 1.516362636355302839e-10
9.651099999999999568e+01 1.399815998450513228e-10
9.846099999999999852e+01 1.292152649887456594e-10
1.004500000000000028e+02 1.192789968652037428e-10
1.024800000000000040e+02 1.101073549566011935e-10
1.045499999999999972e+02 1.016411246530710878e-10
1.066599999999999966e+02 9.382889200561011421e-11
1.088199999999999932e+02 8.661502189289323184e-11
1.110100000000000051e+02 7.995586874510641480e-11
1.132600000000000051e+02 7.380970289582549862e-11
1.155400000000000063e+02 6.813766791193068245e-11
1.178799999999999955e+02 6.289769863934151779e-11
1.202600000000000051e+02 5.806497425883188328e-11
1.226899999999999977e+02 5.360506566604127070e-11
1.251700000000000017e+02 4.948839976204640302e-11
1.277000000000000028e+02 4.568593343951714268e-11
1.302800000000000011e+02 4.217649404155407283e-11
1.329099999999999966e+02 3.893662351040667138e-11
1.355900000000000034e+02 3.594575532981105756e-11
1.383300000000000125e+02 3.318379785244379081e-11
1.411299999999999955e+02 3.063416792246754428e-11
1.439799999999999898e+02 2.828101251023032536e-11
1.468899999999999864e+02 2.610737736577828991e-11
1.498499999999999943e+02 2.410165947994250616e-11
1.528799999999999955e+02 2.225004317043688460e-11
1.559699999999999989e+02 2.054151756371868999e-11
1.591200000000000045e+02 1.896258831705339432e-11
1.623300000000000125e+02 1.750581751377832362e-11
1.656100000000000136e+02 1.616072006734442916e-11
1.689600000000000080e+02 1.491919653047249374e-11
1.723700000000000045e+02 1.377332528666264315e-11
1.758499999999999943e+02 1.271515739487860356e-11
1.794099999999999966e+02 1.173840254900901986e-11
1.830300000000000011e+02 1.083680813388930117e-11
1.867299999999999898e+02 1.000453131136150780e-11
1.905000000000000000e+02 9.236004601226995670e-12
1.943499999999999943e+02 8.526717815256700754e-12
1.982800000000000011e+02 7.871724285867505703e-12
2.022800000000000011e+02 7.267329728094391528e-12
