1.000000000000000048e-04 1.000000000000000000e+00
1.020200000000000024e-04 1.000056785917092350e+00
1.040800000000000064e-04 1.000055685488361767e+00
1.061800000000000032e-04 1.000054606017583225e+00
1.083300000000000013e-04 1.000053547523427122e+00
1.105200000000000057e-04 1.000000000000000000e+00
1.127500000000000030e-04 1.000051490654446207e+00
1.150300000000000015e-04 1.000050492299924265e+00
1.173500000000000064e-04 1.000049512303807342e+00
1.197199999999999989e-04 1.000048553117109940e+00
1.221399999999999927e-04 1.000047612245869688e+00
1.246099999999999877e-04 1.000046689700252012e+00
1.271199999999999891e-04 1.000045783353172846e+00
1.296899999999999865e-04 1.000044895393732647e+00
1.323100000000000122e-04 1.000044025711015250e+00
1.349900000000000069e-04 1.000043172300651984e+00
1.377100000000000080e-04 1.000042335210194366e+00
1.404900000000000051e-04 1.000041514447027602e+00
1.433299999999999982e-04 1.000040709982087606e+00
1.462299999999999874e-04 1.000039920159680573e+00
1.491800000000000049e-04 1.000039146604032148e+00
1.522000000000000132e-04 1.000038387715930899e+00
1.552699999999999957e-04 1.000037643515904406e+00
1.584099999999999961e-04 1.000036913990402399e+00
1.616099999999999926e-04 1.000036197784695657e+00
1.648700000000000122e-04 1.000035496237398736e+00
1.681999999999999956e-04 1.000034808033694267e+00
1.715999999999999969e-04 1.000034133187698515e+00
1.750699999999999891e-04 1.000033471682955977e+00
1.786000000000000044e-04 1.000032823475349497e+00
1.822100000000000054e-04 1.000064374919531263e+00
1.858899999999999973e-04 1.000031562667676788e+00
1.896500000000000020e-04 1.000030951128168644e+00
1.934799999999999975e-04 1.000060703554193076e+00
1.973900000000000058e-04 1.000029762790559218e+00
2.013799999999999998e-04 1.000029186002393322e+00
2.054400000000000117e-04 1.000028620492272591e+00
2.095900000000000042e-04 1.000028065448626213e+00
2.138300000000000042e-04 1.000027521673317876e+00
2.181499999999999900e-04 1.000026988368013292e+00
2.225499999999999885e-04 1.000052931057297867e+00
2.270499999999999895e-04 1.000025952455102285e+00
2.316399999999999980e-04 1.000025449177991632e+00
2.363199999999999871e-04 1.000049912652857476e+00
2.410900000000000109e-04 1.000024472615143711e+00
2.459599999999999829e-04 1.000047997312150549e+00
2.509300000000000115e-04 1.000023533287835775e+00
2.559999999999999884e-04 1.000023077100593127e+00
2.611700000000000219e-04 1.000022630066306206e+00
2.664499999999999985e-04 1.000044383294127925e+00
2.718299999999999775e-04 1.000021761364872752e+00
2.773200000000000079e-04 1.000042680324370492e+00
2.829199999999999814e-04 1.000041853262461755e+00
2.886400000000000012e-04 1.000020520818370118e+00
2.944700000000000182e-04 1.000040247117300218e+00
3.004199999999999731e-04 1.000039467192896048e+00
3.064899999999999743e-04 1.000038702685966507e+00
3.126800000000000217e-04 1.000037952824638809e+00
3.189900000000000070e-04 1.000037217611373652e+00
3.254399999999999741e-04 1.000018248175182478e+00
3.320099999999999874e-04 1.000035789699724509e+00
3.387199999999999825e-04 1.000035096339451757e+00
3.455600000000000186e-04 1.000034416891810496e+00
3.525399999999999823e-04 1.000033750147656830e+00
3.596599999999999819e-04 1.000033096691985701e+00
3.669300000000000122e-04 1.000032455414374466e+00
3.743400000000000243e-04 1.000015913430935877e+00
3.819000000000000129e-04 1.000015605249605866e+00
3.896200000000000271e-04 1.000030606311021142e+00
3.974900000000000178e-04 1.000030013806350926e+00
4.055199999999999799e-04 1.000014716270308357e+00
4.137100000000000217e-04 1.000028862944308816e+00
4.220699999999999756e-04 1.000028304156465486e+00
4.306000000000000040e-04 1.000027756189630246e+00
4.392900000000000038e-04 1.000027219031546899e+00
4.481700000000000137e-04 1.000026692291266395e+00
4.572199999999999897e-04 1.000026175612182211e+00
4.664599999999999758e-04 1.000012834499133696e+00
4.758799999999999771e-04 1.000025172431153520e+00
4.854999999999999832e-04 1.000012342631448892e+00
4.952999999999999504e-04 1.000024207799753206e+00
5.053100000000000256e-04 1.000011869717975399e+00
5.155199999999999973e-04 1.000011640088464659e+00
5.259299999999999739e-04 1.000011415003881021e+00
5.365600000000000534e-04 1.000011194196928299e+00
5.473900000000000293e-04 1.000010977791926825e+00
5.584500000000000488e-04 1.000010765537361790e+00
5.697299999999999543e-04 1.000000000000000000e+00
5.812400000000000119e-04 1.000000000000000000e+00
5.929900000000000535e-04 1.000010153211968733e+00
6.049599999999999813e-04 1.000000000000000000e+00
6.171899999999999912e-04 1.000000000000000000e+00
6.296500000000000447e-04 1.000000000000000000e+00
6.423699999999999636e-04 1.000000000000000000e+00
6.553499999999999647e-04 1.000000000000000000e+00
6.685900000000000480e-04 1.000000000000000000e+00
6.821000000000000457e-04 1.000000000000000000e+00
6.958799999999999578e-04 1.000000000000000000e+00
7.099300000000000012e-04 1.000000000000000000e+00
7.242699999999999486e-04 1.000000000000000000e+00
7.389099999999999575e-04 1.000000000000000000e+00
7.538300000000000382e-04 9.999196529005303091e-01
7.690600000000000127e-04 1.000000000000000000e+00
7.845999999999999893e-04 1.000000000000000000e+00
8.004499999999999680e-04 1.000000000000000000e+00
8.166199999999999978e-04 9.999256726624052849e-01
8.331099999999999704e-04 9.999271030762502122e-01
8.499399999999999837e-04 1.000000000000000000e+00
8.671100000000000379e-04 9.999298836067872509e-01
8.846299999999999650e-04 9.999312336679961888e-01
9.024999999999999819e-04 1.000000000000000000e+00
9.207300000000000293e-04 1.000000000000000000e+00
9.393300000000000477e-04 9.999351281219591714e-01
9.583099999999999778e-04 9.999363746262008856e-01
9.776699999999999280e-04 9.999375975039002107e-01
9.974199999999999473e-04 9.999387967439867797e-01
1.017600000000000015e-03 9.999399723872981482e-01
1.038099999999999917e-03 9.999411245216367483e-01
1.059100000000000102e-03 9.999422566116179523e-01
1.080500000000000080e-03 9.998867304751656304e-01
1.102300000000000068e-03 9.998889012331962922e-01
1.124599999999999905e-03 9.998910319276451686e-01
1.147299999999999969e-03 9.999465583582727302e-01
1.170500000000000099e-03 9.998951672083027375e-01
1.194100000000000023e-03 9.998971722365038728e-01
1.218200000000000012e-03 9.998487140695914155e-01
1.242899999999999908e-03 9.999010684606252086e-01
1.268000000000000030e-03 9.999029597282872439e-01
1.293600000000000002e-03 9.998572244431754852e-01
1.319700000000000040e-03 9.998599505158488610e-01
1.346399999999999984e-03 9.998626184915510029e-01
1.373599999999999995e-03 9.998203216242925739e-01
1.401300000000000072e-03 9.998237419582268748e-01
1.429600000000000055e-03 9.998271017938189509e-01
1.458499999999999944e-03 9.998303862952127030e-01
1.487999999999999956e-03 9.997920219624807370e-01
1.518000000000000035e-03 9.997959683342854120e-01
1.548700000000000077e-03 9.997998398718974666e-01
1.580000000000000024e-03 9.998036366492557558e-01
1.611900000000000095e-03 9.997688306684646697e-01
1.644499999999999912e-03 9.997732083459328623e-01
1.677700000000000068e-03 9.997404138544834229e-01
1.711599999999999970e-03 9.997453156267054331e-01
1.746200000000000052e-03 9.997501249375312371e-01
1.781400000000000041e-03 9.997198192834376718e-01
1.817400000000000048e-03 9.996907322772412563e-01
1.854100000000000019e-03 9.996965507940254181e-01
1.891600000000000009e-03 9.996691699473980730e-01
1.929799999999999962e-03 9.996429151111833056e-01
1.968800000000000151e-03 9.996177613556729291e-01
2.008600000000000142e-03 9.995936611133685590e-01
2.049099999999999880e-03 9.996012514569657670e-01
2.090499999999999910e-03 9.995785924989465387e-01
2.132799999999999800e-03 9.995864472867989070e-01
2.175799999999999870e-03 9.995651543701985497e-01
2.219800000000000072e-03 9.995447820644132175e-01
2.264599999999999860e-03 9.994973892162063445e-01
2.310400000000000214e-03 9.994792808594606948e-01
2.357099999999999994e-03 9.994620040349697643e-01
2.404700000000000067e-03 9.994455299149812566e-01
2.453299999999999838e-03 9.994039134378644995e-01
2.502799999999999903e-03 9.993894217314982509e-01
2.553399999999999941e-03 9.993506817841266709e-01
2.605000000000000111e-03 9.993380406001765026e-01
2.657599999999999980e-03 9.993019953305893877e-01
2.711299999999999821e-03 9.992674512027979183e-01
2.765999999999999796e-03 9.992343565114497617e-01
2.821900000000000016e-03 9.992026789985646307e-01
2.878900000000000209e-03 9.991723705990246396e-01
2.937100000000000214e-03 9.991214004876228794e-01
2.996400000000000192e-03 9.990940661331723094e-01
3.056899999999999982e-03 9.990679348401720894e-01
3.118699999999999858e-03 9.990221981817045682e-01
3.181699999999999980e-03 9.989783408255006325e-01
3.246000000000000187e-03 9.989362769693929112e-01
3.311500000000000207e-03 9.988762715874142106e-01
3.378400000000000153e-03 9.988380199860563691e-01
3.446700000000000024e-03 9.988013698630135995e-01
3.516299999999999981e-03 9.987476167333357857e-01
3.587400000000000137e-03 9.986776859504131743e-01
3.659799999999999946e-03 9.986285054318403409e-01
3.733799999999999793e-03 9.985813339007997280e-01
3.809199999999999999e-03 9.985186992436653197e-01
3.886099999999999971e-03 9.984414071866544171e-01
3.964600000000000415e-03 9.983838927982222611e-01
4.044700000000000031e-03 9.983121525019857945e-01
4.126399999999999686e-03 9.982431882879220231e-01
4.209799999999999653e-03 9.981609121875549828e-01
4.294799999999999660e-03 9.980817308448246550e-01
4.381600000000000251e-03 9.980055658627087212e-01
4.470100000000000288e-03 9.979171101042965120e-01
4.560400000000000044e-03 9.978319377990431116e-01
4.652500000000000385e-03 9.977352608126590638e-01
4.746499999999999851e-03 9.976565551360500050e-01
4.842400000000000176e-03 9.975523679417122036e-01
4.940199999999999626e-03 9.974379436347600159e-01
5.040000000000000209e-03 9.973275660187621572e-01
5.141899999999999596e-03 9.972210925850616414e-01
5.245699999999999842e-03 9.971050841126481989e-01
5.351700000000000033e-03 9.969800023634765029e-01
5.459799999999999896e-03 9.968463228641591956e-01
5.570099999999999704e-03 9.967171395851889271e-01
5.682600000000000325e-03 9.965673623812983939e-01
5.797400000000000296e-03 9.964348276627765788e-01
5.914499999999999619e-03 9.962703339691179050e-01
6.034000000000000301e-03 9.961231034317713506e-01
6.155899999999999740e-03 9.959453566082436815e-01
6.280299999999999945e-03 9.957848043940220606e-01
6.407200000000000048e-03 9.955950664744515066e-01
6.536600000000000049e-03 9.954111890319524703e-01
6.668600000000000222e-03 9.952218505883791977e-01
6.803299999999999972e-03 9.950163747686174842e-01
6.940799999999999574e-03 9.948062325209746648e-01
7.080999999999999621e-03 9.945810133185705171e-01
7.224000000000000386e-03 9.943517653357969444e-01
7.369999999999999815e-03 9.941083890741162499e-01
7.518900000000000236e-03 9.938717980144624597e-01
7.670800000000000188e-03 9.936014993651880456e-01
7.825699999999999670e-03 9.933088089083317307e-01
7.983799999999999231e-03 9.930337519623234632e-01
8.145100000000000603e-03 9.928329297820823740e-01
8.309600000000000319e-03 9.924466966249164690e-01
8.477500000000000660e-03 9.921646370244501245e-01
8.648799999999999891e-03 9.917964016034305219e-01
8.823499999999999746e-03 9.914364640883978064e-01
9.001699999999999632e-03 9.910852360593104260e-01
9.183600000000000096e-03 9.906525256156750725e-01
9.369099999999999998e-03 9.902291703677384982e-01
9.558300000000000476e-03 9.899025375362191514e-01
9.751400000000000345e-03 9.894956159388835770e-01
9.948399999999999604e-03 9.890119323547087449e-01
1.014900000000000004e-02 9.885369788570943506e-01
1.035400000000000036e-02 9.879882402351953807e-01
1.056400000000000047e-02 9.875322084614744922e-01
1.077700000000000012e-02 9.870012340600576861e-01
1.099499999999999957e-02 9.864798827170548901e-01
1.121699999999999954e-02 9.858859585450440166e-01
1.144300000000000005e-02 9.853011663204983561e-01
1.167499999999999961e-02 9.847249703205381843e-01
1.191000000000000045e-02 9.840784313725490229e-01
1.215100000000000034e-02 9.832853922102153810e-01
1.239700000000000003e-02 9.826549491211841181e-01
1.264700000000000026e-02 9.818807339449541205e-01
1.290200000000000027e-02 9.811134708737865306e-01
1.316299999999999935e-02 9.803537824614225737e-01
1.342899999999999996e-02 9.795247347182783892e-01
1.370000000000000037e-02 9.787028791926386528e-01
1.397699999999999984e-02 9.777401046657330230e-01
1.425900000000000084e-02 9.768549036841719380e-01
1.454699999999999917e-02 9.758299359347698543e-01
1.484100000000000003e-02 9.748787374212697365e-01
1.514099999999999994e-02 9.737884352271908295e-01
1.544700000000000066e-02 9.726282602464889626e-01
1.575899999999999870e-02 9.715386261502246823e-01
1.607700000000000101e-02 9.703082824264810391e-01
1.640199999999999991e-02 9.690750831505201557e-01
1.673399999999999888e-02 9.678374947101141546e-01
1.707200000000000037e-02 9.664556962025315778e-01
1.741600000000000092e-02 9.650648895124517290e-01
1.776799999999999907e-02 9.636656398767852183e-01
1.812700000000000075e-02 9.621164464947228323e-01
1.849299999999999902e-02 9.605529567827968407e-01
1.886699999999999836e-02 9.588362520058606453e-01
1.924800000000000122e-02 9.571677711893965546e-01
1.963700000000000168e-02 9.554082344731332777e-01
2.003399999999999972e-02 9.535549657773432219e-01
2.043800000000000130e-02 9.516715624562875897e-01
2.085100000000000148e-02 9.496181066498492473e-01
2.127199999999999924e-02 9.475273953357684631e-01
2.170199999999999907e-02 9.454622322435174420e-01
2.214100000000000096e-02 9.432147655752775028e-01
2.258800000000000044e-02 9.408464706717796222e-01
2.304399999999999851e-02 9.384231180877630196e-01
2.350999999999999965e-02 9.358680057388809592e-01
2.398499999999999938e-02 9.333140877598152807e-01
2.446900000000000117e-02 9.305484925535778551e-01
2.496400000000000008e-02 9.277716794731065697e-01
2.546800000000000105e-02 9.248414220386487195e-01
2.598200000000000162e-02 9.218122303228686309e-01
2.650699999999999931e-02 9.186125084465799340e-01
2.704300000000000107e-02 9.153776160145585816e-01
2.758899999999999894e-02 9.119540229885056970e-01
2.814600000000000088e-02 9.084004959702417503e-01
2.871500000000000094e-02 9.047208281053952250e-01
2.929500000000000159e-02 9.008973239101087938e-01
2.988700000000000037e-02 8.969984710710550146e-01
3.048999999999999974e-02 8.929503916449086365e-01
3.110600000000000170e-02 8.886497226591605347e-01
3.173499999999999932e-02 8.842565352609901286e-01
3.237600000000000200e-02 8.797608881298034644e-01
3.302999999999999686e-02 8.749891483635732214e-01
3.369699999999999779e-02 8.701518897915930806e-01
3.437799999999999884e-02 8.650907783570016552e-01
3.507199999999999901e-02 8.598810068649884730e-01
3.578100000000000031e-02 8.544767767207610554e-01
3.650400000000000172e-02 8.489303033184368852e-01
3.724100000000000327e-02 8.431868877897391590e-01
3.799299999999999899e-02 8.372290945076694690e-01
3.876099999999999685e-02 8.311007394835738804e-01
3.954400000000000276e-02 8.247947014401849630e-01
4.034299999999999692e-02 8.183015765955653498e-01
4.115800000000000014e-02 8.116304113719579050e-01
4.198899999999999855e-02 8.047857001342814121e-01
4.283800000000000108e-02 7.977586245696154377e-01
4.370299999999999879e-02 7.905550762151278832e-01
4.458600000000000063e-02 7.831902129161275594e-01
4.548599999999999866e-02 7.756847461296958457e-01
4.640500000000000180e-02 7.680016728578809015e-01
4.734300000000000314e-02 7.601911829444688573e-01
4.829900000000000165e-02 7.522570024949201128e-01
4.927499999999999936e-02 7.442016408961817930e-01
5.027000000000000218e-02 7.359946236559138377e-01
5.128599999999999826e-02 7.277410668901375113e-01
5.232200000000000045e-02 7.194221373617116777e-01
5.337900000000000283e-02 7.110518161473575738e-01
5.445699999999999846e-02 7.026440757460279407e-01
5.555700000000000222e-02 6.942219294174015731e-01
5.668000000000000121e-02 6.858012511662766597e-01
5.782500000000000140e-02 6.773906250000000240e-01
5.899299999999999683e-02 6.690291479104811811e-01
6.018400000000000138e-02 6.607078779970639859e-01
6.140000000000000319e-02 6.524580325737242559e-01
6.264100000000000223e-02 6.442986193966252495e-01
6.390600000000000447e-02 6.362415873347978534e-01
6.519700000000000495e-02 6.282659908623643430e-01
6.651400000000000368e-02 6.204248784233427072e-01
6.785800000000000165e-02 6.127054942171069607e-01
6.922899999999999887e-02 6.051102474314080659e-01
7.062699999999999534e-02 5.976352420120215614e-01
7.205400000000000693e-02 5.902626599662265106e-01
7.351000000000000589e-02 5.830048641395505493e-01
7.499400000000000510e-02 5.758802016835817827e-01
7.650899999999999368e-02 5.687919463087248717e-01
7.805499999999999938e-02 5.618079043691793784e-01
7.963199999999999446e-02 5.548746785860189101e-01
8.124099999999999377e-02 5.479513620134328633e-01
8.288199999999999734e-02 5.410279062516240023e-01
8.455600000000000616e-02 5.340933708838820904e-01
8.626399999999999346e-02 5.271129447003306545e-01
8.800700000000000189e-02 5.200708382526564311e-01
8.978500000000000369e-02 5.129273108725164176e-01
9.159799999999999887e-02 5.056458897922312401e-01
9.344900000000000428e-02 4.982626589751374957e-01
9.533700000000000507e-02 4.907097274618340554e-01
9.726300000000000223e-02 4.830645755099035044e-01
9.922699999999999576e-02 4.752380221130221294e-01
1.012300000000000005e-01 4.672900931143348369e-01
1.032799999999999968e-01 4.592328130189306523e-01
1.053599999999999953e-01 4.510841507485803259e-01
1.074900000000000022e-01 4.429238569649528445e-01
1.096599999999999936e-01 4.347291657111406749e-01
1.118799999999999933e-01 4.265430351075877313e-01
1.141400000000000053e-01 4.184271731756953328e-01
1.164400000000000018e-01 4.104083863275039823e-01
1.188000000000000028e-01 4.024938925081432695e-01
1.212000000000000022e-01 3.947190074027734363e-01
1.236499999999999960e-01 3.871059100138933839e-01
1.261400000000000021e-01 3.796281059733421226e-01
1.286899999999999988e-01 3.723081264108352162e-01
1.312899999999999900e-01 3.651100500756958578e-01
1.339400000000000035e-01 3.580514861035750673e-01
1.366499999999999937e-01 3.510870246225173963e-01
1.394100000000000061e-01 3.442120400026145721e-01
1.422299999999999953e-01 3.373571477451584033e-01
1.451000000000000068e-01 3.305232140290355058e-01
1.480299999999999949e-01 3.236873959751853658e-01
1.510199999999999876e-01 3.167982141433469123e-01
1.540700000000000125e-01 3.098278034439311823e-01
1.571799999999999864e-01 3.028101802757158234e-01
1.603600000000000025e-01 2.957630261450027720e-01
1.635999999999999954e-01 2.887026450925297971e-01
1.668999999999999928e-01 2.816468453940737526e-01
1.702799999999999869e-01 2.746585419296946329e-01
1.737100000000000033e-01 2.677766663439923311e-01
1.772199999999999886e-01 2.610069843515162025e-01
1.807999999999999885e-01 2.543781100166623288e-01
1.844600000000000128e-01 2.478927603966842308e-01
1.881799999999999862e-01 2.415441044695874340e-01
1.919800000000000118e-01 2.353426818148211808e-01
1.958600000000000063e-01 2.292927745000382933e-01
1.998199999999999976e-01 2.233961862433299361e-01
2.038600000000000134e-01 2.176331195985503064e-01
2.079699999999999882e-01 2.119896762083528785e-01
2.121800000000000075e-01 2.064191802010827970e-01
2.164600000000000135e-01 2.008846235453491946e-01
2.208299999999999985e-01 1.953558721919526897e-01
2.253000000000000003e-01 1.897894433227574340e-01
2.298499999999999988e-01 1.842307185977845874e-01
2.344900000000000040e-01 1.787041011433253834e-01
2.392299999999999982e-01 1.732687231770466130e-01
2.440599999999999992e-01 1.679798252350609145e-01
2.489899999999999891e-01 1.628520110334210347e-01
2.540200000000000236e-01 1.578849721706864773e-01
2.591499999999999915e-01 1.530576693866324556e-01
2.643900000000000139e-01 1.483436580640531965e-01
2.697300000000000253e-01 1.437362030905077470e-01
2.751799999999999802e-01 1.392134090009238545e-01
2.807399999999999896e-01 1.347675032657939531e-01
2.864099999999999979e-01 1.303904675681200886e-01
2.921900000000000053e-01 1.260870893812070237e-01
2.980999999999999761e-01 1.218828545066972247e-01
3.041200000000000014e-01 1.178075413189060699e-01
3.102599999999999802e-01 1.138725757989620391e-01
3.165299999999999780e-01 1.100597785716812271e-01
3.229199999999999848e-01 1.063272058823529348e-01
3.294500000000000206e-01 1.026367299942429340e-01
3.361000000000000099e-01 9.901456037326039628e-02
3.428899999999999726e-01 9.548103724976772511e-02
3.498200000000000198e-01 9.205477023973057671e-02
3.568899999999999850e-01 8.873383096110158685e-02
3.640900000000000247e-01 8.550437430518634252e-02
3.714500000000000024e-01 8.234407197064882999e-02
3.789500000000000091e-01 7.926134879590451821e-02
3.866100000000000092e-01 7.624279342978353136e-02
3.944199999999999928e-01 7.330455526525049559e-02
4.023900000000000254e-01 7.048049476688866832e-02
4.105199999999999960e-01 6.778435649735119195e-02
4.188100000000000156e-01 6.518629690048939607e-02
4.272699999999999831e-01 6.264435203490353876e-02
4.359000000000000097e-01 6.013931338403581683e-02
4.447099999999999942e-01 5.770444444444444015e-02
4.536899999999999822e-01 5.536903933843418529e-02
4.628599999999999937e-01 5.312489901438034734e-02
4.722100000000000186e-01 5.095298494841873915e-02
4.817400000000000015e-01 4.884326046552792816e-02
4.914799999999999724e-01 4.679467012121773378e-02
5.014100000000000223e-01 4.482315423270196580e-02
5.115300000000000402e-01 4.293901024062957150e-02
5.218699999999999450e-01 4.112035250835414935e-02
5.324100000000000499e-01 3.933938237985513259e-02
5.431700000000000417e-01 3.761060415537072210e-02
5.541399999999999659e-01 3.596210704157364740e-02
5.653299999999999992e-01 3.438678828709486324e-02
5.767499999999999849e-01 3.286872815982066348e-02
5.884000000000000341e-01 3.139942092927065082e-02
6.002899999999999903e-01 2.998283645594449626e-02
6.124199999999999644e-01 2.862532635105563897e-02
6.247899999999999565e-01 2.731291443005999520e-02
6.374100000000000321e-01 2.603906933734044526e-02
6.502900000000000347e-01 2.482339326735409635e-02
6.634200000000000097e-01 2.366110147441457048e-02
6.768300000000000427e-01 2.254990925589836492e-02
6.905000000000000027e-01 2.148523273525746249e-02
7.044500000000000206e-01 2.046558327295310703e-02
7.186799999999999855e-01 1.948910170299432421e-02
7.331999999999999629e-01 1.855357750311826745e-02
7.480099999999999527e-01 1.765697329376854363e-02
7.631200000000000205e-01 1.679746520874751681e-02
7.785400000000000098e-01 1.597351579166449848e-02
7.942599999999999660e-01 1.518371237913659390e-02
8.103099999999999747e-01 1.442711303752709090e-02
8.266799999999999704e-01 1.370386958079541397e-02
8.433800000000000185e-01 1.301163008816357165e-02
8.604100000000000081e-01 1.234989851371701662e-02
8.778000000000000247e-01 1.171826253899688024e-02
8.955300000000000482e-01 1.111518023840298713e-02
9.136199999999999877e-01 1.053999172714624108e-02
9.320800000000000196e-01 9.991335171327294859e-03
9.509100000000000330e-01 9.468624943273237435e-03
9.701100000000000279e-01 8.970956867490708156e-03
9.897099999999999786e-01 8.497238069365208729e-03
1.009700000000000042e+00 8.045633508846829207e-03
1.030100000000000016e+00 7.615805168986083604e-03
1.050899999999999945e+00 7.207437112650383511e-03
1.072100000000000053e+00 6.818380266317398443e-03
1.093800000000000106e+00 6.448956248212753782e-03
1.115899999999999892e+00 6.097458643011268407e-03
1.138400000000000079e+00 5.763412489006156623e-03
1.161399999999999988e+00 5.445907684203595521e-03
1.184900000000000064e+00 5.144533406957482215e-03
1.208800000000000097e+00 4.858186817162288805e-03
1.233300000000000063e+00 4.586468446601941855e-03
1.258199999999999985e+00 4.328827037773360330e-03
1.283600000000000074e+00 4.084292146073036263e-03
1.309500000000000108e+00 3.852522073607833088e-03
1.336000000000000076e+00 3.632963608030067171e-03
1.362999999999999989e+00 3.424877439200230654e-03
1.390500000000000069e+00 3.228017823658689122e-03
1.418600000000000083e+00 3.041487809519781774e-03
1.447200000000000042e+00 2.865000332675375887e-03
1.476499999999999924e+00 2.697993602791509508e-03
1.506299999999999972e+00 2.540048558495906252e-03
1.536699999999999955e+00 2.390795182573304378e-03
1.567800000000000082e+00 2.249657617014420418e-03
1.599399999999999933e+00 2.116354416114945864e-03
1.631799999999999917e+00 1.990334308770062757e-03
1.664700000000000069e+00 1.871413950314797063e-03
1.698399999999999910e+00 1.759144753970320234e-03
1.732699999999999907e+00 1.653205839665329059e-03
1.767700000000000049e+00 1.553273841522416834e-03
1.803399999999999892e+00 1.458993888105312607e-03
1.839800000000000102e+00 1.370117438073620904e-03
1.877000000000000002e+00 1.286320979470075227e-03
1.914900000000000047e+00 1.207384695674864868e-03
1.953600000000000003e+00 1.132983337137639804e-03
1.993000000000000105e+00 1.062947787122900563e-03
2.033300000000000107e+00 9.970064399275507024e-04
2.074399999999999800e+00 9.349232760214458730e-04
2.116299999999999848e+00 8.764939134292766597e-04
2.158999999999999808e+00 8.215512723461247191e-04
2.202599999999999891e+00 7.698798495826836156e-04
2.247100000000000097e+00 7.212983177090022185e-04
2.292499999999999982e+00 6.756009574862613344e-04
2.338799999999999990e+00 6.326877456360867780e-04
2.386099999999999888e+00 5.923543192889814445e-04
2.434299999999999908e+00 5.544662734835760498e-04
2.483499999999999819e+00 5.189333333333333341e-04
2.533599999999999852e+00 4.855419090713208028e-04
2.584799999999999986e+00 4.541874151199637877e-04
2.637000000000000011e+00 4.247907551835647475e-04
2.690300000000000136e+00 3.972220834374219287e-04
2.744699999999999918e+00 3.713505852711143423e-04
2.800100000000000033e+00 3.471045665122435178e-04
2.856700000000000017e+00 3.243799258229021942e-04
2.914400000000000102e+00 3.030812324929972601e-04
2.973300000000000054e+00 2.831136421807012868e-04
3.033300000000000107e+00 2.644206845538296029e-04
3.094599999999999795e+00 2.469187279151943172e-04
3.157099999999999795e+00 2.305109922756981458e-04
3.220899999999999874e+00 2.151756440281030495e-04
3.286000000000000032e+00 2.008205464839583107e-04
3.352300000000000058e+00 1.873814041745730421e-04
3.420100000000000140e+00 1.748050770625566577e-04
3.489199999999999857e+00 1.630575676706061948e-04
3.559600000000000097e+00 1.520580337461424636e-04
3.631600000000000161e+00 1.417871928031938912e-04
3.704899999999999860e+00 1.321807892084657485e-04
3.779799999999999827e+00 1.232111042537582921e-04
3.856100000000000083e+00 1.148235668633836883e-04
3.934000000000000163e+00 1.069920436696964209e-04
4.013499999999999623e+00 9.967779492594698175e-05
4.094599999999999795e+00 9.284900771618118749e-05
4.177299999999999791e+00 8.647463057506026560e-05
4.261700000000000266e+00 8.052305899765394514e-05
4.347800000000000331e+00 7.497143424909334664e-05
4.435599999999999987e+00 6.979134009126693931e-05
4.525199999999999889e+00 6.495804785109734916e-05
4.616600000000000037e+00 6.045014837938876464e-05
4.709900000000000198e+00 5.624835302941235153e-05
4.804999999999999716e+00 5.232855680655066640e-05
4.902099999999999902e+00 4.867532584068017275e-05
5.001100000000000101e+00 4.527153005593448191e-05
5.102100000000000080e+00 4.210016636456186329e-05
5.205199999999999605e+00 3.914361104579773570e-05
5.310399999999999565e+00 3.639012590026939235e-05
5.417600000000000193e+00 3.382795325697095831e-05
5.527099999999999902e+00 3.143909417422535870e-05
5.638700000000000045e+00 2.921687325838377954e-05
5.752600000000000158e+00 2.714800957292614619e-05
5.868900000000000006e+00 2.522206456190138110e-05
5.987400000000000055e+00 2.343027814075042276e-05
6.108399999999999608e+00 2.176227897838899710e-05
6.231799999999999784e+00 2.021091811414392294e-05
6.357700000000000351e+00 1.876768380272493845e-05
6.486100000000000421e+00 1.742542955326460463e-05
6.617099999999999760e+00 1.617729333461946384e-05
6.750799999999999912e+00 1.501726238830219227e-05
6.887199999999999989e+00 1.393853554249064808e-05
7.026299999999999990e+00 1.293535137568221491e-05
7.168199999999999683e+00 1.200331714251865908e-05
7.312999999999999723e+00 1.113681716138687947e-05
7.460799999999999876e+00 1.033221718862845443e-05
7.611500000000000377e+00 9.584543066500760412e-06
7.765299999999999869e+00 8.890021107795325847e-06
7.922100000000000364e+00 8.244941753525443108e-06
8.082200000000000273e+00 7.646356226293277953e-06
8.245400000000000063e+00 7.090082433925384562e-06
8.412000000000000810e+00 6.573742616788974617e-06
8.581899999999999196e+00 6.094053340872678945e-06
8.755300000000000082e+00 5.649330024813896090e-06
8.932199999999999918e+00 5.236352992828917568e-06
9.112600000000000477e+00 4.853182423728626899e-06
9.296699999999999520e+00 4.497582132130390473e-06
9.484500000000000597e+00 4.167633658649794164e-06
9.676099999999999923e+00 3.861662570924951696e-06
9.871600000000000819e+00 3.577740431529871077e-06
1.007099999999999973e+01 3.314392587410591051e-06
1.027399999999999913e+01 3.070282302335724500e-06
1.048199999999999932e+01 2.843788126059607516e-06
1.069400000000000084e+01 2.633915902982956934e-06
1.091000000000000014e+01 2.439195962224996774e-06
1.113000000000000078e+01 2.258805654888736455e-06
1.135500000000000043e+01 2.091361639824304377e-06
1.158399999999999963e+01 1.936400847440195827e-06
1.181799999999999962e+01 1.792739488513220538e-06
1.205700000000000038e+01 1.659609938796017221e-06
1.230100000000000016e+01 1.536253158464685375e-06
1.254899999999999949e+01 1.421970888066135868e-06
1.280300000000000082e+01 1.316087653661143928e-06
1.306099999999999994e+01 1.218007209642897398e-06
1.332499999999999929e+01 1.127177752055323279e-06
1.359399999999999942e+01 1.043009071004066379e-06
1.386899999999999977e+01 9.651204958296245124e-07
1.414899999999999913e+01 8.929464906184850730e-07
1.443500000000000050e+01 8.261188017285578468e-07
1.472700000000000031e+01 7.643017061684551359e-07
1.502399999999999913e+01 7.070431704439109838e-07
1.532799999999999940e+01 6.540144107050952929e-07
1.563700000000000045e+01 6.049550160495501683e-07
1.595299999999999940e+01 5.595005480627174726e-07
1.627499999999999858e+01 5.174579251444360248e-07
1.660399999999999920e+01 4.785710502621683178e-07
1.694000000000000128e+01 4.425628140703518078e-07
1.728200000000000003e+01 4.092535907699552666e-07
1.763100000000000023e+01 3.784273567926519220e-07
1.798699999999999832e+01 3.499051233396584963e-07
1.835099999999999909e+01 3.235184546395308704e-07
1.872100000000000009e+01 2.990980506255455762e-07
1.909900000000000020e+01 2.765301426599171629e-07
1.948499999999999943e+01 2.556328346138293485e-07
1.987900000000000134e+01 2.363008442056792230e-07
2.028000000000000114e+01 2.184335941012498901e-07
2.069000000000000128e+01 2.019059358998672203e-07
2.110800000000000054e+01 1.866299999999999712e-07
2.153500000000000014e+01 1.724967044555760595e-07
2.196999999999999886e+01 1.594283489962742316e-07
2.241300000000000026e+01 1.473444684245097018e-07
2.286599999999999966e+01 1.361735817313639555e-07
2.332799999999999940e+01 1.258421835451295449e-07
2.379899999999999949e+01 1.162914545204348417e-07
2.428000000000000114e+01 1.074646579000841854e-07
2.477100000000000080e+01 9.930342927127984453e-08
2.527100000000000080e+01 9.175803768953767462e-08
2.578200000000000003e+01 8.478427498339266674e-08
2.630199999999999960e+01 7.833656748598533834e-08
2.683399999999999963e+01 7.237732415989083362e-08
2.737600000000000122e+01 6.686993901829450180e-08
2.792899999999999849e+01 6.177891206681992641e-08
2.849299999999999855e+01 5.707356147923991357e-08
2.906899999999999906e+01 5.272300469483568134e-08
2.965599999999999881e+01 4.870601055003838985e-08
3.025499999999999901e+01 4.498994068925874920e-08
3.086599999999999966e+01 4.155915756974308221e-08
3.148999999999999844e+01 3.838927345704147339e-08
3.212599999999999767e+01 3.545892533832510197e-08
3.277499999999999858e+01 3.275158658204896141e-08
3.343699999999999761e+01 3.025179364537068344e-08
3.411200000000000188e+01 2.794124008651766471e-08
3.480100000000000193e+01 2.580737190459888119e-08
3.550399999999999778e+01 2.383655119816962749e-08
3.622200000000000131e+01 2.201575670295226413e-08
3.695300000000000296e+01 2.033389951725371176e-08
3.770000000000000284e+01 1.878018867924528307e-08
3.846200000000000330e+01 1.734481557071034010e-08
3.923899999999999721e+01 1.601943787759390563e-08
4.003099999999999881e+01 1.479485473497449445e-08
4.084000000000000341e+01 1.366296079578700906e-08
4.166499999999999915e+01 1.261779781387019193e-08
4.250699999999999790e+01 1.165232694563941967e-08
4.336500000000000199e+01 1.076018161805173461e-08
4.424099999999999966e+01 9.936828347371478707e-09
4.513499999999999801e+01 9.175352544451256060e-09
4.604699999999999704e+01 8.473424480220047401e-09
4.697699999999999676e+01 7.823670053795575468e-09
4.792600000000000193e+01 7.224535785109068411e-09
4.889399999999999835e+01 6.670694576593721089e-09
4.988199999999999790e+01 6.159826432833123207e-09
5.089000000000000057e+01 5.687792257366740828e-09
5.191799999999999926e+01 5.251858153487955871e-09
5.296600000000000108e+01 4.849448134054974382e-09
5.403600000000000136e+01 4.477768351714157520e-09
5.512800000000000011e+01 4.134583722982496099e-09
5.624199999999999733e+01 3.817529514830419868e-09
5.737800000000000011e+01 3.524929527836504891e-09
5.853699999999999903e+01 3.254638743780130214e-09
5.971999999999999886e+01 3.005122833434262465e-09
6.092600000000000193e+01 2.774686344312722733e-09
6.215699999999999648e+01 2.561903545426345418e-09
6.341199999999999903e+01 2.365272345426870737e-09
6.469299999999999784e+01 2.183837890624999977e-09
6.600000000000000000e+01 2.016155713579822533e-09
6.733400000000000318e+01 1.861385240137026618e-09
6.869400000000000261e+01 1.718478234829065133e-09
7.008199999999999363e+01 1.586550624905125547e-09
7.149699999999999989e+01 1.464732285989099058e-09
7.294199999999999307e+01 1.352257336343115143e-09
7.441500000000000625e+01 1.248442947820126994e-09
7.591800000000000637e+01 1.152546106879838909e-09
7.745199999999999818e+01 1.064087222443824073e-09
7.901699999999999591e+01 9.823760707765763305e-10
8.061299999999999955e+01 9.069638089587658832e-10
8.224099999999999966e+01 8.373085810519719679e-10
8.390300000000000580e+01 7.730112108550862892e-10
8.559799999999999898e+01 7.136552326851650054e-10
8.732699999999999818e+01 6.588968382183244654e-10
8.909099999999999397e+01 6.083182992832415888e-10
9.089100000000000534e+01 5.616276075199588297e-10
9.272700000000000387e+01 5.185211382556178418e-10
9.459999999999999432e+01 4.787377133988618489e-10
9.651099999999999568e+01 4.419844547000242964e-10
9.846099999999999852e+01 4.080574801129073911e-10
1.004500000000000028e+02 3.767520672360037815e-10
1.024800000000000040e+02 3.478195488721804445e-10
1.045499999999999972e+02 3.211318756147385916e-10
1.066599999999999966e+02 2.964745383324007010e-10
1.088199999999999932e+02 2.736971027958442611e-10
1.110100000000000051e+02 2.526776151374508703e-10
1.132600000000000051e+02 2.332641705177779898e-10
1.155400000000000063e+02 2.153278851903528010e-10
1.178799999999999955e+02 1.987699307032879050e-10
1.202600000000000051e+02 1.834774576252323193e-10
1.226899999999999977e+02 1.693659362760664748e-10
1.251700000000000017e+02 1.563331261653200842e-10
1.277000000000000028e+02 1.443097174235756189e-10
1.302800000000000011e+02 1.332046707301834337e-10
1.329099999999999966e+02 1.229590713646302561e-10
1.355900000000000034e+02 1.135006437002683448e-10
1.383300000000000125e+02 1.047758795947142369e-10
1.411299999999999955e+02 9.672287402734693487e-11
1.439799999999999898e+02 8.929068659778705753e-11
1.468899999999999864e+02 8.243028659953523819e-11
1.498499999999999943e+02 7.610137569603668380e-11
1.528799999999999955e+02 7.025710946630307899e-11
1.559699999999999989e+02 6.486214391946001477e-11
1.591200000000000045e+02 5.988339744054962873e-11
1.623300000000000125e+02 5.528442807448331568e-11
1.656100000000000136e+02 5.103856764212690558e-11
1.689600000000000080e+02 4.711719956529200574e-11
1.723700000000000045e+02 4.349916830485407653e-11
1.758499999999999943e+02 4.015544041450777680e-11
1.794099999999999966e+02 3.706998613131278903e-11
1.830300000000000011e+02 3.421830280480824107e-11
1.867299999999999898e+02 3.158777008362659275e-11
1.905000000000000000e+02 2.915869521713027940e-11
1.943499999999999943e+02 2.691587993734388842e-11
1.982800000000000011e+02 2.484573015091129038e-11
2.022800000000000011e+02 2.293387646835922723e-11
2.063700000000000045e+02 2.116939726439200145e-11
