1.000000000000000048e-04 1.000136116152450017e+00
1.020200000000000024e-04 1.000177975528364849e+00
1.040800000000000064e-04 1.000130890052356003e+00
1.061800000000000032e-04 1.000128353228083800e+00
1.083300000000000013e-04 1.000125865324103192e+00
1.105200000000000057e-04 1.000164568419320332e+00
1.127500000000000030e-04 1.000121031185702281e+00
1.150300000000000015e-04 1.000118684970526584e+00
1.173500000000000064e-04 1.000155183116076874e+00
1.197199999999999989e-04 1.000152172258997441e+00
1.221399999999999927e-04 1.000149220323808041e+00
1.246099999999999877e-04 1.000146327187591444e+00
1.271199999999999891e-04 1.000143492610130469e+00
1.296899999999999865e-04 1.000140711295599116e+00
1.323100000000000122e-04 1.000137983373003747e+00
1.349900000000000069e-04 1.000135308842432735e+00
1.377100000000000080e-04 1.000132683185723348e+00
1.404900000000000051e-04 1.000162643939886742e+00
1.433299999999999982e-04 1.000159489633173804e+00
1.462299999999999874e-04 1.000156396621832977e+00
1.491800000000000049e-04 1.000153364824243996e+00
1.522000000000000132e-04 1.000150394032364831e+00
1.552699999999999957e-04 1.000117980179329846e+00
1.584099999999999961e-04 1.000144617342511699e+00
1.616099999999999926e-04 1.000141815809626467e+00
1.648700000000000122e-04 1.000139066585080894e+00
1.681999999999999956e-04 1.000136369834992545e+00
1.715999999999999969e-04 1.000133725595078849e+00
1.750699999999999891e-04 1.000131133782685033e+00
1.786000000000000044e-04 1.000154313049740340e+00
1.822100000000000054e-04 1.000126100224458581e+00
1.858899999999999973e-04 1.000148389968838147e+00
1.896500000000000020e-04 1.000121259155066111e+00
1.934799999999999975e-04 1.000118908892007052e+00
1.973900000000000058e-04 1.000116604477611970e+00
2.013799999999999998e-04 1.000137214993024992e+00
2.054400000000000117e-04 1.000134556300598776e+00
2.095900000000000042e-04 1.000131946429749563e+00
2.138300000000000042e-04 1.000129391214336527e+00
2.181499999999999900e-04 1.000126882084249713e+00
2.225499999999999885e-04 1.000124424536518619e+00
2.270499999999999895e-04 1.000122013218098571e+00
2.316399999999999980e-04 1.000119648234191638e+00
2.363199999999999871e-04 1.000117329578786851e+00
2.410900000000000109e-04 1.000134233335890022e+00
2.459599999999999829e-04 1.000112826491660334e+00
2.509300000000000115e-04 1.000129082225377442e+00
2.559999999999999884e-04 1.000108497133867180e+00
2.611700000000000219e-04 1.000106394297265666e+00
2.664499999999999985e-04 1.000104333310148030e+00
2.718299999999999775e-04 1.000102312257008519e+00
2.773200000000000079e-04 1.000117052941373208e+00
2.829199999999999814e-04 1.000098386462022759e+00
2.886400000000000012e-04 1.000112561909050068e+00
2.944700000000000182e-04 1.000110380497343021e+00
3.004199999999999731e-04 1.000092778722746267e+00
3.064899999999999743e-04 1.000106145844390282e+00
3.126800000000000217e-04 1.000089219330855039e+00
3.189900000000000070e-04 1.000087491615387014e+00
3.254399999999999741e-04 1.000100097237316188e+00
3.320099999999999874e-04 1.000098158820972305e+00
3.387199999999999825e-04 1.000096258302278551e+00
3.455600000000000186e-04 1.000094394325552472e+00
3.525399999999999823e-04 1.000079341990425918e+00
3.596599999999999819e-04 1.000077805874343362e+00
3.669300000000000122e-04 1.000076299960578341e+00
3.743400000000000243e-04 1.000074822297044586e+00
3.819000000000000129e-04 1.000061144876670749e+00
3.896200000000000271e-04 1.000059961384868190e+00
3.974900000000000178e-04 1.000058800700904360e+00
4.055199999999999799e-04 1.000057662810946768e+00
4.137100000000000217e-04 1.000056547013186803e+00
4.220699999999999756e-04 1.000055452660064015e+00
4.306000000000000040e-04 1.000043503795706057e+00
4.392900000000000038e-04 1.000042662116040981e+00
4.481700000000000137e-04 1.000041836627967751e+00
4.572199999999999897e-04 1.000030770493148369e+00
4.664599999999999758e-04 1.000030175318600945e+00
4.758799999999999771e-04 1.000000000000000000e+00
4.854999999999999832e-04 1.000000000000000000e+00
4.952999999999999504e-04 1.000000000000000000e+00
5.053100000000000256e-04 1.000000000000000000e+00
5.155199999999999973e-04 1.000000000000000000e+00
5.259299999999999739e-04 1.000000000000000000e+00
5.365600000000000534e-04 1.000000000000000000e+00
5.473900000000000293e-04 1.000000000000000000e+00
5.584500000000000488e-04 1.000000000000000000e+00
5.697299999999999543e-04 1.000000000000000000e+00
5.812400000000000119e-04 1.000000000000000000e+00
5.929900000000000535e-04 9.999204201814420045e-01
6.049599999999999813e-04 9.999219542651992532e-01
6.171899999999999912e-04 1.000000000000000000e+00
6.296500000000000447e-04 9.999249418299182013e-01
6.423699999999999636e-04 9.999263894000736119e-01
6.553499999999999647e-04 9.999278082587351735e-01
6.685900000000000480e-04 9.998584070796460166e-01
6.821000000000000457e-04 9.998611400402693805e-01
6.958799999999999578e-04 9.998638158790684738e-01
7.099300000000000012e-04 9.998664351542674300e-01
7.242699999999999486e-04 9.998690156526295336e-01
7.389099999999999575e-04 9.998073093968784519e-01
7.538300000000000382e-04 9.998110236220472125e-01
7.690600000000000127e-04 9.998146660900723015e-01
7.845999999999999893e-04 9.998182258846338710e-01
8.004499999999999680e-04 9.998217256952698362e-01
8.166199999999999978e-04 9.997668861821784603e-01
8.331099999999999704e-04 9.997713632466419531e-01
8.499399999999999837e-04 9.997197152306743773e-01
8.671100000000000379e-04 9.997250934682208046e-01
8.846299999999999650e-04 9.996764626583984903e-01
9.024999999999999819e-04 9.996826740004230993e-01
9.207300000000000293e-04 9.996887643946468227e-01
9.393300000000000477e-04 9.996438746438747192e-01
9.583099999999999778e-04 9.996008183224388555e-01
9.776699999999999280e-04 9.995595360446338784e-01
9.974199999999999473e-04 9.995679723502303160e-01
1.017600000000000015e-03 9.995762512359340768e-01
1.038099999999999917e-03 9.995381915581417198e-01
1.059100000000000102e-03 9.995017438963627043e-01
1.080500000000000080e-03 9.994668562288964164e-01
1.102300000000000068e-03 9.994334771429815856e-01
1.124599999999999905e-03 9.994443019577669007e-01
1.147299999999999969e-03 9.994129979035639710e-01
1.170500000000000099e-03 9.993419699773801179e-01
1.194100000000000023e-03 9.993141842827174548e-01
1.218200000000000012e-03 9.992876929165016575e-01
1.242899999999999908e-03 9.992624509918093256e-01
1.268000000000000030e-03 9.992003655471783929e-01
1.293600000000000002e-03 9.991782152329014011e-01
1.319700000000000040e-03 9.991572004397215601e-01
1.346399999999999984e-03 9.991013336209065843e-01
1.373599999999999995e-03 9.990478877212779496e-01
1.401300000000000072e-03 9.989967827861764293e-01
1.429600000000000055e-03 9.989818428644153814e-01
1.458499999999999944e-03 9.989345408536991489e-01
1.487999999999999956e-03 9.988567322140198268e-01
1.518000000000000035e-03 9.988142545827457530e-01
1.548700000000000077e-03 9.987423361106744224e-01
1.580000000000000024e-03 9.986735354906377538e-01
1.611900000000000095e-03 9.986380145278450637e-01
1.644499999999999912e-03 9.985745679158994914e-01
1.677700000000000068e-03 9.985139427139485546e-01
1.711599999999999970e-03 9.984560841720037105e-01
1.746200000000000052e-03 9.983728433160331539e-01
1.781400000000000041e-03 9.982932334966689858e-01
1.817400000000000048e-03 9.982171317431588475e-01
1.854100000000000019e-03 9.981444173470469527e-01
1.891600000000000009e-03 9.980489581436485791e-01
1.929799999999999962e-03 9.979576727681193082e-01
1.968800000000000151e-03 9.978954225440332948e-01
2.008600000000000142e-03 9.977870122206101700e-01
2.049099999999999880e-03 9.976832299635591816e-01
2.090499999999999910e-03 9.975840261493641448e-01
2.132799999999999800e-03 9.974891311928950621e-01
2.175799999999999870e-03 9.973756874557858643e-01
2.219800000000000072e-03 9.972672087449320211e-01
2.264599999999999860e-03 9.971414749989006010e-01
2.310400000000000214e-03 9.970211755563710421e-01
2.357099999999999994e-03 9.969061241788512717e-01
2.404700000000000067e-03 9.967753344290261053e-01
2.453299999999999838e-03 9.966094078718927829e-01
2.502799999999999903e-03 9.964703994866035419e-01
2.553399999999999941e-03 9.963177378701953968e-01
2.605000000000000111e-03 9.961522844602563875e-01
2.657599999999999980e-03 9.959937723095618756e-01
2.711299999999999821e-03 9.958419570770635776e-01
2.765999999999999796e-03 9.956418238417871214e-01
2.821900000000000016e-03 9.954678704386453747e-01
2.878900000000000209e-03 9.952836021267951194e-01
2.937100000000000214e-03 9.950723531248916176e-01
2.996400000000000192e-03 9.948697845650394944e-01
3.056899999999999982e-03 9.946587636461053927e-01
3.118699999999999858e-03 9.944400579023555675e-01
3.181699999999999980e-03 9.941979797979798583e-01
3.246000000000000187e-03 9.939497880043828282e-01
3.311500000000000207e-03 9.936959710389164924e-01
3.378400000000000153e-03 9.934369920569203760e-01
3.446700000000000024e-03 9.931582199315822646e-01
3.516299999999999981e-03 9.928608457379840546e-01
3.587400000000000137e-03 9.925605637083624311e-01
3.659799999999999946e-03 9.922576028622540623e-01
3.733799999999999793e-03 9.919383204130730602e-01
3.809199999999999999e-03 9.915898968102470068e-01
3.886099999999999971e-03 9.912410744644678529e-01
3.964600000000000415e-03 9.908786946636350956e-01
4.044700000000000031e-03 9.904905958174405889e-01
4.126399999999999686e-03 9.901038769517355176e-01
4.209799999999999653e-03 9.896807522489852182e-01
4.294799999999999660e-03 9.892605016772643145e-01
4.381600000000000251e-03 9.888062458439031976e-01
4.470100000000000288e-03 9.883561726824422466e-01
4.560400000000000044e-03 9.878745245788276286e-01
4.652500000000000385e-03 9.873630112876350395e-01
4.746499999999999851e-03 9.868346594911709957e-01
4.842400000000000176e-03 9.862904692615497293e-01
4.940199999999999626e-03 9.857202009915282392e-01
5.040000000000000209e-03 9.851251143162511603e-01
5.141899999999999596e-03 9.845065532505860029e-01
5.245699999999999842e-03 9.838763102501362212e-01
5.351700000000000033e-03 9.832140601978529570e-01
5.459799999999999896e-03 9.825214335327229209e-01
5.570099999999999704e-03 9.817897704060789543e-01
5.682600000000000325e-03 9.810506188990640863e-01
5.797400000000000296e-03 9.802360174533916171e-01
5.914499999999999619e-03 9.794741471996872839e-01
6.034000000000000301e-03 9.786106561325754738e-01
6.155899999999999740e-03 9.777735562310030382e-01
6.280299999999999945e-03 9.767746769057874534e-01
6.407200000000000048e-03 9.758935993349958649e-01
6.536600000000000049e-03 9.748588085261432612e-01
6.668600000000000222e-03 9.738497483824586354e-01
6.803299999999999972e-03 9.727812749357211963e-01
6.940799999999999574e-03 9.716560230950923582e-01
7.080999999999999621e-03 9.705577620445517972e-01
7.224000000000000386e-03 9.694025398448820052e-01
7.369999999999999815e-03 9.680269246949937401e-01
7.518900000000000236e-03 9.667663675639747156e-01
7.670800000000000188e-03 9.654549930253549794e-01
7.825699999999999670e-03 9.640917565048229276e-01
7.983799999999999231e-03 9.626040999359386507e-01
8.145100000000000603e-03 9.611458415763235452e-01
8.309600000000000319e-03 9.595651493821367728e-01
8.477500000000000660e-03 9.579403123550332966e-01
8.648799999999999891e-03 9.562724562342329593e-01
8.823499999999999746e-03 9.545626370303167407e-01
9.001699999999999632e-03 9.527370625186958319e-01
9.183600000000000096e-03 9.508694043655198103e-01
9.369099999999999998e-03 9.488906787727904302e-01
9.558300000000000476e-03 9.469449880408783438e-01
9.751400000000000345e-03 9.448869752421958923e-01
9.948399999999999604e-03 9.427190675858148072e-01
1.014900000000000004e-02 9.405139035550862392e-01
1.035400000000000036e-02 9.381321057403919639e-01
1.056400000000000047e-02 9.357804507120144333e-01
1.077700000000000012e-02 9.333196271929824483e-01
1.099499999999999957e-02 9.307509344206591484e-01
1.121699999999999954e-02 9.281429052915401989e-01
1.144300000000000005e-02 9.254230486255099475e-01
1.167499999999999961e-02 9.225356787255227786e-01
1.191000000000000045e-02 9.196652168182417597e-01
1.215100000000000034e-02 9.166830289940440801e-01
1.239700000000000003e-02 9.135890767230169240e-01
1.264700000000000026e-02 9.103831491891193339e-01
1.290200000000000027e-02 9.071171634121274474e-01
1.316299999999999935e-02 9.037368252954327552e-01
1.342899999999999996e-02 9.002351146978457841e-01
1.370000000000000037e-02 8.965473630959909235e-01
1.397699999999999984e-02 8.929111055149836496e-01
1.425900000000000084e-02 8.890839551069031899e-01
1.454699999999999917e-02 8.851824087956022824e-01
1.484100000000000003e-02 8.810783886432974610e-01
1.514099999999999994e-02 8.769479108462159278e-01
1.544700000000000066e-02 8.727238944630247852e-01
1.575899999999999870e-02 8.683397206082333897e-01
1.607700000000000101e-02 8.638523730173425230e-01
1.640199999999999991e-02 8.592565193267985846e-01
1.673399999999999888e-02 8.545376132092907806e-01
1.707200000000000037e-02 8.496889053163309002e-01
1.741600000000000092e-02 8.447648980094903948e-01
1.776799999999999907e-02 8.396965398137297143e-01
1.812700000000000075e-02 8.345377061330369051e-01
1.849299999999999902e-02 8.292698019801979514e-01
1.886699999999999836e-02 8.238833746898263088e-01
1.924800000000000122e-02 8.183797909407666271e-01
1.963700000000000168e-02 8.127380580705588775e-01
2.003399999999999972e-02 8.070098438773590788e-01
2.043800000000000130e-02 8.011213304775104405e-01
2.085100000000000148e-02 7.951868271057631610e-01
2.127199999999999924e-02 7.891316812129707259e-01
2.170199999999999907e-02 7.829934590227011215e-01
2.214100000000000096e-02 7.767874442937414692e-01
2.258800000000000044e-02 7.704224435331641363e-01
2.304399999999999851e-02 7.638989169675090007e-01
2.350999999999999965e-02 7.573690137113333609e-01
2.398499999999999938e-02 7.507190154504714830e-01
2.446900000000000117e-02 7.440021626005270949e-01
2.496400000000000008e-02 7.371370003416467531e-01
2.546800000000000105e-02 7.301762875907362726e-01
2.598200000000000162e-02 7.232449079582837781e-01
2.650699999999999931e-02 7.160887754378501002e-01
2.704300000000000107e-02 7.089641291064624484e-01
2.758899999999999894e-02 7.016844100918768756e-01
2.814600000000000088e-02 6.943745373797187703e-01
2.871500000000000094e-02 6.869483497481392309e-01
2.929500000000000159e-02 6.794605333537097058e-01
2.988700000000000037e-02 6.718936980340352028e-01
3.048999999999999974e-02 6.642761129121530495e-01
3.110600000000000170e-02 6.566218500925852242e-01
3.173499999999999932e-02 6.488805052079061886e-01
3.237600000000000200e-02 6.410682939062108954e-01
3.302999999999999686e-02 6.331827480395499919e-01
3.369699999999999779e-02 6.252608695652174253e-01
3.437799999999999884e-02 6.173338066921096878e-01
3.507199999999999901e-02 6.092787241754259453e-01
3.578100000000000031e-02 6.012494215640907802e-01
3.650400000000000172e-02 5.931171409662474581e-01
3.724100000000000327e-02 5.850338164251208672e-01
3.799299999999999899e-02 5.768638293670385053e-01
3.876099999999999685e-02 5.686731665960151894e-01
3.954400000000000276e-02 5.604745937580603021e-01
4.034299999999999692e-02 5.522627321528386091e-01
4.115800000000000014e-02 5.440413949226540202e-01
4.198899999999999855e-02 5.358283938919861100e-01
4.283800000000000108e-02 5.276270461351406649e-01
4.370299999999999879e-02 5.194309307755120564e-01
4.458600000000000063e-02 5.112525841007329319e-01
4.548599999999999866e-02 5.031058879961626262e-01
4.640500000000000180e-02 4.949761965953177190e-01
4.734300000000000314e-02 4.868724952870822076e-01
4.829900000000000165e-02 4.787977543823915272e-01
4.927499999999999936e-02 4.707614858640509214e-01
5.027000000000000218e-02 4.627453572136673299e-01
5.128599999999999826e-02 4.547754926240982210e-01
5.232200000000000045e-02 4.468297895659797958e-01
5.337900000000000283e-02 4.389087918368484997e-01
5.445699999999999846e-02 4.310325270113149476e-01
5.555700000000000222e-02 4.231889491290806160e-01
5.668000000000000121e-02 4.153764954257564979e-01
5.782500000000000140e-02 4.076232782779798391e-01
5.899299999999999683e-02 3.999211798766161841e-01
6.018400000000000138e-02 3.922856350013874671e-01
6.140000000000000319e-02 3.847191504713503574e-01
6.264100000000000223e-02 3.772235173889438853e-01
6.390600000000000447e-02 3.698251321675477543e-01
6.519700000000000495e-02 3.625130612177201450e-01
6.651400000000000368e-02 3.553061466321331130e-01
6.785800000000000165e-02 3.482104243430726442e-01
6.922899999999999887e-02 3.411987538058485758e-01
7.062699999999999534e-02 3.342766439909297116e-01
7.205400000000000693e-02 3.274430210040220612e-01
7.351000000000000589e-02 3.206969174803752654e-01
7.499400000000000510e-02 3.140124248101765492e-01
7.650899999999999368e-02 3.073792177133786163e-01
7.805499999999999938e-02 3.008036014809828407e-01
7.963199999999999446e-02 2.942842206151433659e-01
8.124099999999999377e-02 2.877764474665100436e-01
8.288199999999999734e-02 2.813005841368147464e-01
8.455600000000000616e-02 2.748713446013511530e-01
8.626399999999999346e-02 2.684752816972896250e-01
8.800700000000000189e-02 2.620849074049613203e-01
8.978500000000000369e-02 2.557410412254888521e-01
9.159799999999999887e-02 2.494276229179783755e-01
9.344900000000000428e-02 2.431517243431428055e-01
9.533700000000000507e-02 2.369017826798900106e-01
9.726300000000000223e-02 2.307083840389419216e-01
9.922699999999999576e-02 2.245611129513084003e-01
1.012300000000000005e-01 2.184872513500580871e-01
1.032799999999999968e-01 2.124986808316037812e-01
1.053599999999999953e-01 2.066122566898992707e-01
1.074900000000000022e-01 2.008357988165680175e-01
1.096599999999999936e-01 1.952001209418345318e-01
1.118799999999999933e-01 1.896776432482455699e-01
1.141400000000000053e-01 1.842876793083120246e-01
1.164400000000000018e-01 1.789981580844077769e-01
1.188000000000000028e-01 1.738264348110049595e-01
1.212000000000000022e-01 1.687416666666666787e-01
1.236499999999999960e-01 1.637739226801926684e-01
1.261400000000000021e-01 1.589112374289462226e-01
1.286899999999999988e-01 1.541632910252948019e-01
1.312899999999999900e-01 1.495279728409989184e-01
1.339400000000000035e-01 1.449782923299565707e-01
1.366499999999999937e-01 1.405063291139240778e-01
1.394100000000000061e-01 1.360850170558908501e-01
1.422299999999999953e-01 1.317024902424275834e-01
1.451000000000000068e-01 1.273718207509083600e-01
1.480299999999999949e-01 1.231355932203389847e-01
1.510199999999999876e-01 1.190022848438690162e-01
1.540700000000000125e-01 1.150122833809176098e-01
1.571799999999999864e-01 1.111580258877275518e-01
1.603600000000000025e-01 1.074143257417917996e-01
1.635999999999999954e-01 1.037630817189935523e-01
1.668999999999999928e-01 1.001755859225895023e-01
1.702799999999999869e-01 9.665154122985447627e-02
1.737100000000000033e-01 9.320799999999999919e-02
1.772199999999999886e-01 8.983896018965094321e-02
1.807999999999999885e-01 8.656853725850965908e-02
1.844600000000000128e-01 8.339340885684860816e-02
1.881799999999999862e-01 8.033171163202122711e-02
1.919800000000000118e-01 7.737194172088335264e-02
1.958600000000000063e-01 7.452185531589997081e-02
1.998199999999999976e-01 7.174555622129018262e-02
2.038600000000000134e-01 6.902078768882412285e-02
2.079699999999999882e-01 6.633903385049365331e-02
2.121800000000000075e-01 6.372020365656097529e-02
2.164600000000000135e-01 6.119591025827397085e-02
2.208299999999999985e-01 5.877756598795744192e-02
2.253000000000000003e-01 5.644437466473027631e-02
2.298499999999999988e-01 5.416818494675897794e-02
2.344900000000000040e-01 5.194399733584947887e-02
2.392299999999999982e-01 4.978834395176807287e-02
2.440599999999999992e-01 4.771687489002287424e-02
2.489899999999999891e-01 4.573332323767698854e-02
2.540200000000000236e-01 4.383212826155297170e-02
2.591499999999999915e-01 4.200065595277140129e-02
2.643900000000000139e-01 4.021951973616406939e-02
2.697300000000000253e-01 3.847484815168610017e-02
2.751799999999999802e-01 3.678173950834231348e-02
2.807399999999999896e-01 3.516646261995971801e-02
2.864099999999999979e-01 3.362984571769007947e-02
2.921900000000000053e-01 3.214726537561183456e-02
2.980999999999999761e-01 3.070580474934037074e-02
3.041200000000000014e-01 2.931903874982964495e-02
3.102599999999999802e-01 2.799454361579528996e-02
3.165299999999999780e-01 2.672354781928417550e-02
3.229199999999999848e-01 2.549423351704429436e-02
3.294500000000000206e-01 2.430093457943925325e-02
3.361000000000000099e-01 2.315162697081516591e-02
3.428899999999999726e-01 2.206642713171501000e-02
3.498200000000000198e-01 2.104034810126582250e-02
3.568899999999999850e-01 2.004329551559586725e-02
3.640900000000000247e-01 1.907299963942701848e-02
3.714500000000000024e-01 1.814611903222513103e-02
3.789500000000000091e-01 1.726326227069905836e-02
3.866100000000000092e-01 1.641745814701208589e-02
3.944199999999999928e-01 1.560611913775786057e-02
4.023900000000000254e-01 1.483587031130132773e-02
4.105199999999999960e-01 1.410575100063197682e-02
4.188100000000000156e-01 1.339519985959369830e-02
4.272699999999999831e-01 1.270917971424658996e-02
4.359000000000000097e-01 1.206395210718867218e-02
4.447099999999999942e-01 1.145234792946304633e-02
4.536899999999999822e-01 1.086475303853116220e-02
4.628599999999999937e-01 1.030260456068302251e-02
4.722100000000000186e-01 9.767546829158202382e-03
4.817400000000000015e-01 9.252633437297711622e-03
4.914799999999999724e-01 8.764644543948965985e-03
5.014100000000000223e-01 8.306363927086665017e-03
5.115300000000000402e-01 7.863150867823765280e-03
5.218699999999999450e-01 7.439687630734904793e-03
5.324100000000000499e-01 7.040422432629278929e-03
5.431700000000000417e-01 6.659341494943351106e-03
5.541399999999999659e-01 6.298492063492064190e-03
5.653299999999999992e-01 5.954436252174634056e-03
5.767499999999999849e-01 5.624188943680249846e-03
5.884000000000000341e-01 5.315737141824098538e-03
6.002899999999999903e-01 5.021815091132307216e-03
6.124199999999999644e-01 4.739666568018150762e-03
6.247899999999999565e-01 4.472821717890049578e-03
6.374100000000000321e-01 4.220195341524611045e-03
6.502900000000000347e-01 3.981095982896365459e-03
6.634200000000000097e-01 3.754659517174068796e-03
6.768300000000000427e-01 3.540414654229498241e-03
6.905000000000000027e-01 3.337572417691112188e-03
7.044500000000000206e-01 3.145477494897411068e-03
7.186799999999999855e-01 2.963852039025759513e-03
7.331999999999999629e-01 2.791745556485110153e-03
7.480099999999999527e-01 2.628913443830570903e-03
7.631200000000000205e-01 2.474883646284705644e-03
7.785400000000000098e-01 2.329176387653367816e-03
7.942599999999999660e-01 2.191422502326071525e-03
8.103099999999999747e-01 2.061259342233321724e-03
8.266799999999999704e-01 1.938297218380205912e-03
8.433800000000000185e-01 1.822135578913519670e-03
8.604100000000000081e-01 1.712501314267690167e-03
8.778000000000000247e-01 1.609039100490681573e-03
8.955300000000000482e-01 1.511409426880655623e-03
9.136199999999999877e-01 1.419389820705610310e-03
9.320800000000000196e-01 1.332585063182586179e-03
9.509100000000000330e-01 1.250818460238673673e-03
9.701100000000000279e-01 1.173760433364656481e-03
9.897099999999999786e-01 1.101183414831746797e-03
1.009700000000000042e+00 1.032869823381502147e-03
1.030100000000000016e+00 9.685329103885806324e-04
1.050899999999999945e+00 9.080219232685600873e-04
1.072100000000000053e+00 8.510801127074128910e-04
1.093800000000000106e+00 7.975444476828912662e-04
1.115899999999999892e+00 7.472238122495707558e-04
1.138400000000000079e+00 6.998840788263981094e-04
1.161399999999999988e+00 6.554164398475775507e-04
1.184900000000000064e+00 6.136433428383417880e-04
1.208800000000000097e+00 5.743898515420325446e-04
1.233300000000000063e+00 5.375650163744942565e-04
1.258199999999999985e+00 5.029926823113802046e-04
1.283600000000000074e+00 4.705362809392848794e-04
1.309500000000000108e+00 4.400809267778947988e-04
1.336000000000000076e+00 4.115029338290826966e-04
1.362999999999999989e+00 3.846973572037510952e-04
1.390500000000000069e+00 3.595684922762671103e-04
1.418600000000000083e+00 3.360235561801512691e-04
1.447200000000000042e+00 3.139479407843962628e-04
1.476499999999999924e+00 2.932617331175518642e-04
1.506299999999999972e+00 2.738969453872261667e-04
1.536699999999999955e+00 2.557469869772708540e-04
1.567800000000000082e+00 2.387479854101280717e-04
1.599399999999999933e+00 2.228449426207633011e-04
1.631799999999999917e+00 2.079686479425212227e-04
1.664700000000000069e+00 1.940491337966134759e-04
1.698399999999999910e+00 1.810145686389256722e-04
1.732699999999999907e+00 1.688387221851237537e-04
1.767700000000000049e+00 1.574498858731270955e-04
1.803399999999999892e+00 1.468067197002928276e-04
1.839800000000000102e+00 1.368470810683053884e-04
1.877000000000000002e+00 1.275525388330505131e-04
1.914900000000000047e+00 1.188658311074583887e-04
1.953600000000000003e+00 1.107525336016675034e-04
1.993000000000000105e+00 1.031757765943001930e-04
2.033300000000000107e+00 9.610153120200148739e-05
2.074399999999999800e+00 8.949905262108166413e-05
2.116299999999999848e+00 8.333507798597298622e-05
2.158999999999999808e+00 7.758649108990677598e-05
2.202599999999999891e+00 7.222072678331091175e-05
2.247100000000000097e+00 6.721572902157895736e-05
2.292499999999999982e+00 6.254927726675427483e-05
2.338799999999999990e+00 5.819739623901191007e-05
2.386099999999999888e+00 5.413969574463113529e-05
2.434299999999999908e+00 5.035582822085890093e-05
2.483499999999999819e+00 4.683263749291273514e-05
2.533599999999999852e+00 4.354851806739748406e-05
2.584799999999999986e+00 4.048898365316275704e-05
2.637000000000000011e+00 3.763736263736264248e-05
2.690300000000000136e+00 3.498431618569636139e-05
2.744699999999999918e+00 3.251153288519837098e-05
2.800100000000000033e+00 3.021012184990307580e-05
2.856700000000000017e+00 2.806917369799243663e-05
2.914400000000000102e+00 2.607604126862819952e-05
2.973300000000000054e+00 2.422090175452683571e-05
3.033300000000000107e+00 2.249493756328045893e-05
3.094599999999999795e+00 2.089063261958593948e-05
3.157099999999999795e+00 1.939762403913347213e-05
3.220899999999999874e+00 1.800881272949816312e-05
3.286000000000000032e+00 1.671726267043992977e-05
3.352300000000000058e+00 1.551727867611270431e-05
3.420100000000000140e+00 1.440200090950431933e-05
3.489199999999999857e+00 1.336440222262054069e-05
3.559600000000000097e+00 1.240045220449692284e-05
3.631600000000000161e+00 1.150468770632510080e-05
3.704899999999999860e+00 1.067258971333379743e-05
3.779799999999999827e+00 9.900021893016127278e-06
3.856100000000000083e+00 9.182139021021942945e-06
3.934000000000000163e+00 8.515650209745078729e-06
4.013499999999999623e+00 7.896174399864279260e-06
4.094599999999999795e+00 7.321469984836321026e-06
4.177299999999999791e+00 6.787824781915393213e-06
4.261700000000000266e+00 6.292266719274018506e-06
4.347800000000000331e+00 5.832546656016265897e-06
4.435599999999999987e+00 5.405974513397923135e-06
4.525199999999999889e+00 5.010040736703196441e-06
4.616600000000000037e+00 4.642736445710423893e-06
4.709900000000000198e+00 4.301928472583696543e-06
4.804999999999999716e+00 3.985844017094017192e-06
4.902099999999999902e+00 3.692698894367879363e-06
5.001100000000000101e+00 3.420628704018443992e-06
5.102100000000000080e+00 3.168467698048666870e-06
5.205199999999999605e+00 2.934681258281395808e-06
5.310399999999999565e+00 2.717853393229032284e-06
5.417600000000000193e+00 2.516887303283290372e-06
5.527099999999999902e+00 2.330500400167689374e-06
5.638700000000000045e+00 2.157810306797674030e-06
5.752600000000000158e+00 1.997699936695505246e-06
5.868900000000000006e+00 1.849329365784331045e-06
5.987400000000000055e+00 1.711888569492159185e-06
6.108399999999999608e+00 1.584499594165826436e-06
6.231799999999999784e+00 1.466514794584379406e-06
6.357700000000000351e+00 1.357238222391760419e-06
6.486100000000000421e+00 1.256058737488169503e-06
6.617099999999999760e+00 1.162294339622641403e-06
6.750799999999999912e+00 1.075473496885725105e-06
6.887199999999999989e+00 9.951159134245475548e-07
7.026299999999999990e+00 9.206578391322722243e-07
7.168199999999999683e+00 8.517406295184073853e-07
7.312999999999999723e+00 7.879781420765027741e-07
7.460799999999999876e+00 7.288978384153858187e-07
7.611500000000000377e+00 6.742384908272758073e-07
7.765299999999999869e+00 6.235990888382688290e-07
7.922100000000000364e+00 5.767533339729445470e-07
8.082200000000000273e+00 5.334141536596453706e-07
8.245400000000000063e+00 4.932659574468084709e-07
8.412000000000000810e+00 4.561138184058701357e-07
8.581899999999999196e+00 4.217614440773950248e-07
8.755300000000000082e+00 3.899546499347704703e-07
8.932199999999999918e+00 3.605338916514001458e-07
9.112600000000000477e+00 3.333402246571566529e-07
9.296699999999999520e+00 3.081657835522972868e-07
9.484500000000000597e+00 2.848853211009174370e-07
9.676099999999999923e+00 2.633435335802866870e-07
9.871600000000000819e+00 2.434218339129697214e-07
1.007099999999999973e+01 2.250111696899293855e-07
1.027399999999999913e+01 2.079920926292007862e-07
1.048199999999999932e+01 1.922352241174137144e-07
1.069400000000000084e+01 1.776744671959883164e-07
1.091000000000000014e+01 1.642067029882780340e-07
1.113000000000000078e+01 1.517579665105060531e-07
1.135500000000000043e+01 1.402477763659466164e-07
1.158399999999999963e+01 1.296069824023892399e-07
1.181799999999999962e+01 1.197653441844693147e-07
1.205700000000000038e+01 1.106678862892506396e-07
1.230100000000000016e+01 1.022560580731637525e-07
1.254899999999999949e+01 9.448032883147387347e-08
1.280300000000000082e+01 8.729303943539486207e-08
1.306099999999999994e+01 8.065033486076842507e-08
1.332499999999999929e+01 7.450965824665676219e-08
1.359399999999999942e+01 6.883686332850488282e-08
1.386899999999999977e+01 6.359341475491005290e-08
1.414899999999999913e+01 5.874627644539148733e-08
1.443500000000000050e+01 5.427065429127993878e-08
1.472700000000000031e+01 5.013527223537369335e-08
1.502399999999999913e+01 4.631190324633991553e-08
1.532799999999999940e+01 4.278314546430488520e-08
1.563700000000000045e+01 3.951961976971171687e-08
1.595299999999999940e+01 3.650651635799707408e-08
1.627499999999999858e+01 3.372107645875252053e-08
1.660399999999999920e+01 3.114742145035132388e-08
1.694000000000000128e+01 2.876904262753319116e-08
1.728200000000000003e+01 2.657162854090691720e-08
1.763100000000000023e+01 2.454153559361528719e-08
1.798699999999999832e+01 2.266603881745966687e-08
1.835099999999999909e+01 2.093295341708759726e-08
1.872100000000000009e+01 1.933175528040786695e-08
1.909900000000000020e+01 1.785254871844100694e-08
1.948499999999999943e+01 1.648565210790019636e-08
1.987900000000000134e+01 1.522414345180915792e-08
2.028000000000000114e+01 1.405796285875070378e-08
2.069000000000000128e+01 1.298142543469230447e-08
2.110800000000000054e+01 1.198760873646661188e-08
2.153500000000000014e+01 1.106982576557550230e-08
2.196999999999999886e+01 1.022132516703786053e-08
2.241300000000000026e+01 9.439183733392058766e-09
2.286599999999999966e+01 8.716420221413641454e-09
2.332799999999999940e+01 8.049399853025231825e-09
2.379899999999999949e+01 7.432914226662073683e-09
2.428000000000000114e+01 6.863929512217276641e-09
2.477100000000000080e+01 6.337899980839240199e-09
2.527100000000000080e+01 5.852660300136425682e-09
2.578200000000000003e+01 5.404319276851575542e-09
2.630199999999999960e+01 4.990217464636697248e-09
2.683399999999999963e+01 4.607802436333874172e-09
2.737600000000000122e+01 4.254629629629629493e-09
2.792899999999999849e+01 3.928430000791995088e-09
2.849299999999999855e+01 3.627109675263187157e-09
2.906899999999999906e+01 3.348807827351657802e-09
2.965599999999999881e+01 3.091909485430873840e-09
3.025499999999999901e+01 2.854713433079878939e-09
3.086599999999999966e+01 2.635646878180908497e-09
3.148999999999999844e+01 2.433332726577716275e-09
3.212599999999999767e+01 2.246677421832987596e-09
3.277499999999999858e+01 2.074290230409143249e-09
3.343699999999999761e+01 1.914984604858022387e-09
3.411200000000000188e+01 1.768038445918505517e-09
3.480100000000000193e+01 1.632359593362378730e-09
3.550399999999999778e+01 1.507071975882426617e-09
3.622200000000000131e+01 1.391400015906259221e-09
3.695300000000000296e+01 1.284599244649601471e-09
3.770000000000000284e+01 1.185994331601322622e-09
3.846200000000000330e+01 1.094965104685942067e-09
3.923899999999999721e+01 1.010883503764837499e-09
4.003099999999999881e+01 9.333032584932505180e-10
4.084000000000000341e+01 8.616319953120421467e-10
4.166499999999999915e+01 7.954773869346734625e-10
4.250699999999999790e+01 7.344049610379011890e-10
4.336500000000000199e+01 6.779916462128062582e-10
4.424099999999999966e+01 6.259430960821742831e-10
4.513499999999999801e+01 5.778364116094986455e-10
4.604699999999999704e+01 5.334717439740733606e-10
4.697699999999999676e+01 4.925112251443232326e-10
4.792600000000000193e+01 4.546803588557242248e-10
4.889399999999999835e+01 4.197688963011495494e-10
4.988199999999999790e+01 3.875314386317907499e-10
5.089000000000000057e+01 3.577591928846409331e-10
5.191799999999999926e+01 3.302922009669960379e-10
5.296600000000000108e+01 3.049267643142476921e-10
5.403600000000000136e+01 2.815213995626366340e-10
5.512800000000000011e+01 2.599027044854881334e-10
5.624199999999999733e+01 2.399495081396361358e-10
5.737800000000000011e+01 2.215257352941176731e-10
5.853699999999999903e+01 2.045322204968944305e-10
5.971999999999999886e+01 1.888167062874006198e-10
6.092600000000000193e+01 1.743213563136312997e-10
6.215699999999999648e+01 1.609450150229056606e-10
6.341199999999999903e+01 1.485819752222637425e-10
6.469299999999999784e+01 1.371777234281055640e-10
6.600000000000000000e+01 1.266377014339135386e-10
6.733400000000000318e+01 1.169093310984530996e-10
6.869400000000000261e+01 1.079263170526821081e-10
7.008199999999999363e+01 9.963089108910891032e-11
7.149699999999999989e+01 9.197129138574272383e-11
7.294199999999999307e+01 8.489699282660164516e-11
7.441500000000000625e+01 7.836350065310692051e-11
7.591800000000000637e+01 7.233346472211273227e-11
7.745199999999999818e+01 6.676588747111842036e-11
7.901699999999999591e+01 6.162606630903174484e-11
8.061299999999999955e+01 5.688177786034415080e-11
8.224099999999999966e+01 5.250312737619269060e-11
8.390300000000000580e+01 4.846098041247797147e-11
8.559799999999999898e+01 4.473302498700018946e-11
8.732699999999999818e+01 4.129228100607112320e-11
8.909099999999999397e+01 3.811690691424382520e-11
9.089100000000000534e+01 3.518841140792360580e-11
9.272700000000000387e+01 3.248534423994546599e-11
9.459999999999999432e+01 2.999063805271496471e-11
9.651099999999999568e+01 2.768783048655228391e-11
9.846099999999999852e+01 2.556127165306860656e-11
1.004500000000000028e+02 2.359787685774946602e-11
1.024800000000000040e+02 2.178473686571851305e-11
1.045499999999999972e+02 2.011092675989570945e-11
1.066599999999999966e+02 1.856491685033059580e-11
1.088199999999999932e+02 1.713703488064362403e-11
1.110100000000000051e+02 1.581711409395973146e-11
1.132600000000000051e+02 1.459929078014184367e-11
1.155400000000000063e+02 1.347448629067516201e-11
1.178799999999999955e+02 1.243548280641541678e-11
1.202600000000000051e+02 1.147739955357142670e-11
1.226899999999999977e+02 1.059196461481754386e-11
1.251700000000000017e+02 9.776375253233598128e-12
1.277000000000000028e+02 9.022482088446018492e-12
1.302800000000000011e+02 8.328081476323120864e-12
1.329099999999999966e+02 7.686355690495905917e-12
1.355900000000000034e+02 7.095117681384944175e-12
1.383300000000000125e+02 6.549090161406394134e-12
1.411299999999999955e+02 6.045558779737645091e-12
1.439799999999999898e+02 5.580959821685030055e-12
1.468899999999999864e+02 5.152196093674084535e-12
1.498499999999999943e+02 4.756517272377038605e-12
1.528799999999999955e+02 4.391250627961602499e-12
1.559699999999999989e+02 4.054236412185247930e-12
1.591200000000000045e+02 3.743074424323380651e-12
1.623300000000000125e+02 3.455908317549998425e-12
1.656100000000000136e+02 3.190759882546633640e-12
1.689600000000000080e+02 2.946117672398320117e-12
1.723700000000000045e+02 2.720042518459464755e-12
1.758499999999999943e+02 2.511342192957802841e-12
1.794099999999999966e+02 2.318782113890186020e-12
1.830300000000000011e+02 2.140945023356090448e-12
1.867299999999999898e+02 1.976672367920942329e-12
1.905000000000000000e+02 1.824973614112680403e-12
1.943499999999999943e+02 1.684868141216503715e-12
1.982800000000000011e+02 1.555493052821060920e-12
2.022800000000000011e+02 1.436002737850787088e-12
2.063700000000000045e+02 1.325660484302673602e-12
2.105399999999999920e+02 1.223751291193229206e-12
2.147899999999999920e+02 1.129694276949116666e-12
2.191299999999999955e+02 1.042840616486920259e-12
2.235600000000000023e+02 9.626382306477093331e-13
2.280699999999999932e+02 8.886055843504431389e-13
2.326800000000000068e+02 8.202167662021676591e-13
2.373799999999999955e+02 7.571401816649499708e-13
