    0.10000E-03    0.26758E+00
    0.10202E-03    0.27287E+00
    0.10408E-03    0.27826E+00
    0.10618E-03    0.28376E+00
    0.10833E-03    0.28937E+00
    0.11052E-03    0.29509E+00
    0.11275E-03    0.30093E+00
    0.11503E-03    0.30687E+00
    0.11735E-03    0.31294E+00
    0.11972E-03    0.31913E+00
    0.12214E-03    0.32544E+00
    0.12461E-03    0.33187E+00
    0.12712E-03    0.33843E+00
    0.12969E-03    0.34512E+00
    0.13231E-03    0.35194E+00
    0.13499E-03    0.35890E+00
    0.13771E-03    0.36599E+00
    0.14049E-03    0.37323E+00
    0.14333E-03    0.38061E+00
    0.14623E-03    0.38813E+00
    0.14918E-03    0.39580E+00
    0.15220E-03    0.40363E+00
    0.15527E-03    0.41160E+00
    0.15841E-03    0.41974E+00
    0.16161E-03    0.42804E+00
    0.16487E-03    0.43650E+00
    0.16820E-03    0.44512E+00
    0.17160E-03    0.45392E+00
    0.17507E-03    0.46289E+00
    0.17860E-03    0.47204E+00
    0.18221E-03    0.48137E+00
    0.18589E-03    0.49088E+00
    0.18965E-03    0.50058E+00
    0.19348E-03    0.51048E+00
    0.19739E-03    0.52056E+00
    0.20138E-03    0.53085E+00
    0.20544E-03    0.54134E+00
    0.20959E-03    0.55204E+00
    0.21383E-03    0.56295E+00
    0.21815E-03    0.57407E+00
    0.22255E-03    0.58541E+00
    0.22705E-03    0.59698E+00
    0.23164E-03    0.60878E+00
    0.23632E-03    0.62080E+00
    0.24109E-03    0.63307E+00
    0.24596E-03    0.64557E+00
    0.25093E-03    0.65833E+00
    0.25600E-03    0.67133E+00
    0.26117E-03    0.68459E+00
    0.26645E-03    0.69812E+00
    0.27183E-03    0.71191E+00
    0.27732E-03    0.72597E+00
    0.28292E-03    0.74030E+00
    0.28864E-03    0.75492E+00
    0.29447E-03    0.76983E+00
    0.30042E-03    0.78503E+00
    0.30649E-03    0.80054E+00
    0.31268E-03    0.81634E+00
    0.31899E-03    0.83246E+00
    0.32544E-03    0.84890E+00
    0.33201E-03    0.86565E+00
    0.33872E-03    0.88274E+00
    0.34556E-03    0.90017E+00
    0.35254E-03    0.91793E+00
    0.35966E-03    0.93605E+00
    0.36693E-03    0.95452E+00
    0.37434E-03    0.97336E+00
    0.38190E-03    0.99256E+00
    0.38962E-03    0.10121E+01
    0.39749E-03    0.10321E+01
    0.40552E-03    0.10525E+01
    0.41371E-03    0.10732E+01
    0.42207E-03    0.10944E+01
    0.43060E-03    0.11160E+01
    0.43929E-03    0.11380E+01
    0.44817E-03    0.11604E+01
    0.45722E-03    0.11833E+01
    0.46646E-03    0.12066E+01
    0.47588E-03    0.12304E+01
    0.48550E-03    0.12547E+01
    0.49530E-03    0.12794E+01
    0.50531E-03    0.13046E+01
    0.51552E-03    0.13303E+01
    0.52593E-03    0.13565E+01
    0.53656E-03    0.13832E+01
    0.54739E-03    0.14104E+01
    0.55845E-03    0.14382E+01
    0.56973E-03    0.14665E+01
    0.58124E-03    0.14953E+01
    0.59299E-03    0.15248E+01
    0.60496E-03    0.15547E+01
    0.61719E-03    0.15853E+01
    0.62965E-03    0.16165E+01
    0.64237E-03    0.16483E+01
    0.65535E-03    0.16807E+01
    0.66859E-03    0.17137E+01
    0.68210E-03    0.17473E+01
    0.69588E-03    0.17816E+01
    0.70993E-03    0.18166E+01
    0.72427E-03    0.18523E+01
    0.73891E-03    0.18886E+01
    0.75383E-03    0.19256E+01
    0.76906E-03    0.19634E+01
    0.78460E-03    0.20019E+01
    0.80045E-03    0.20411E+01
    0.81662E-03    0.20811E+01
    0.83311E-03    0.21218E+01
    0.84994E-03    0.21633E+01
    0.86711E-03    0.22056E+01
    0.88463E-03    0.22488E+01
    0.90250E-03    0.22927E+01
    0.92073E-03    0.23375E+01
    0.93933E-03    0.23831E+01
    0.95831E-03    0.24297E+01
    0.97767E-03    0.24770E+01
    0.99742E-03    0.25253E+01
    0.10176E-02    0.25745E+01
    0.10381E-02    0.26247E+01
    0.10591E-02    0.26757E+01
    0.10805E-02    0.27278E+01
    0.11023E-02    0.27808E+01
    0.11246E-02    0.28348E+01
    0.11473E-02    0.28898E+01
    0.11705E-02    0.29458E+01
    0.11941E-02    0.30029E+01
    0.12182E-02    0.30610E+01
    0.12429E-02    0.31202E+01
    0.12680E-02    0.31805E+01
    0.12936E-02    0.32419E+01
    0.13197E-02    0.33045E+01
    0.13464E-02    0.33682E+01
    0.13736E-02    0.34330E+01
    0.14013E-02    0.34990E+01
    0.14296E-02    0.35662E+01
    0.14585E-02    0.36346E+01
    0.14880E-02    0.37043E+01
    0.15180E-02    0.37752E+01
    0.15487E-02    0.38473E+01
    0.15800E-02    0.39208E+01
    0.16119E-02    0.39955E+01
    0.16445E-02    0.40716E+01
    0.16777E-02    0.41490E+01
    0.17116E-02    0.42277E+01
    0.17462E-02    0.43078E+01
    0.17814E-02    0.43892E+01
    0.18174E-02    0.44721E+01
    0.18541E-02    0.45564E+01
    0.18916E-02    0.46421E+01
    0.19298E-02    0.47292E+01
    0.19688E-02    0.48178E+01
    0.20086E-02    0.49079E+01
    0.20491E-02    0.49994E+01
    0.20905E-02    0.50925E+01
    0.21328E-02    0.51870E+01
    0.21758E-02    0.52831E+01
    0.22198E-02    0.53807E+01
    0.22646E-02    0.54798E+01
    0.23104E-02    0.55805E+01
    0.23571E-02    0.56827E+01
    0.24047E-02    0.57865E+01
    0.24533E-02    0.58919E+01
    0.25028E-02    0.59989E+01
    0.25534E-02    0.61074E+01
    0.26050E-02    0.62176E+01
    0.26576E-02    0.63293E+01
    0.27113E-02    0.64426E+01
    0.27660E-02    0.65575E+01
    0.28219E-02    0.66740E+01
    0.28789E-02    0.67921E+01
    0.29371E-02    0.69118E+01
    0.29964E-02    0.70331E+01
    0.30569E-02    0.71560E+01
    0.31187E-02    0.72804E+01
    0.31817E-02    0.74064E+01
    0.32460E-02    0.75339E+01
    0.33115E-02    0.76630E+01
    0.33784E-02    0.77936E+01
    0.34467E-02    0.79257E+01
    0.35163E-02    0.80593E+01
    0.35874E-02    0.81943E+01
    0.36598E-02    0.83308E+01
    0.37338E-02    0.84688E+01
    0.38092E-02    0.86081E+01
    0.38861E-02    0.87488E+01
    0.39646E-02    0.88908E+01
    0.40447E-02    0.90341E+01
    0.41264E-02    0.91787E+01
    0.42098E-02    0.93246E+01
    0.42948E-02    0.94716E+01
    0.43816E-02    0.96198E+01
    0.44701E-02    0.97691E+01
    0.45604E-02    0.99195E+01
    0.46525E-02    0.10071E+02
    0.47465E-02    0.10223E+02
    0.48424E-02    0.10377E+02
    0.49402E-02    0.10531E+02
    0.50400E-02    0.10686E+02
    0.51419E-02    0.10842E+02
    0.52457E-02    0.10998E+02
    0.53517E-02    0.11156E+02
    0.54598E-02    0.11314E+02
    0.55701E-02    0.11472E+02
    0.56826E-02    0.11631E+02
    0.57974E-02    0.11790E+02
    0.59145E-02    0.11950E+02
    0.60340E-02    0.12109E+02
    0.61559E-02    0.12269E+02
    0.62803E-02    0.12430E+02
    0.64072E-02    0.12590E+02
    0.65366E-02    0.12750E+02
    0.66686E-02    0.12910E+02
    0.68033E-02    0.13070E+02
    0.69408E-02    0.13229E+02
    0.70810E-02    0.13388E+02
    0.72240E-02    0.13547E+02
    0.73700E-02    0.13705E+02
    0.75189E-02    0.13863E+02
    0.76708E-02    0.14019E+02
    0.78257E-02    0.14175E+02
    0.79838E-02    0.14330E+02
    0.81451E-02    0.14483E+02
    0.83096E-02    0.14635E+02
    0.84775E-02    0.14786E+02
    0.86488E-02    0.14936E+02
    0.88235E-02    0.15084E+02
    0.90017E-02    0.15230E+02
    0.91836E-02    0.15374E+02
    0.93691E-02    0.15516E+02
    0.95583E-02    0.15655E+02
    0.97514E-02    0.15793E+02
    0.99484E-02    0.15927E+02
    0.10149E-01    0.16059E+02
    0.10354E-01    0.16188E+02
    0.10564E-01    0.16314E+02
    0.10777E-01    0.16437E+02
    0.10995E-01    0.16557E+02
    0.11217E-01    0.16672E+02
    0.11443E-01    0.16784E+02
    0.11675E-01    0.16892E+02
    0.11910E-01    0.16996E+02
    0.12151E-01    0.17096E+02
    0.12397E-01    0.17191E+02
    0.12647E-01    0.17281E+02
    0.12902E-01    0.17366E+02
    0.13163E-01    0.17446E+02
    0.13429E-01    0.17521E+02
    0.13700E-01    0.17590E+02
    0.13977E-01    0.17654E+02
    0.14259E-01    0.17712E+02
    0.14547E-01    0.17763E+02
    0.14841E-01    0.17808E+02
    0.15141E-01    0.17847E+02
    0.15447E-01    0.17879E+02
    0.15759E-01    0.17904E+02
    0.16077E-01    0.17921E+02
    0.16402E-01    0.17932E+02
    0.16734E-01    0.17935E+02
    0.17072E-01    0.17931E+02
    0.17416E-01    0.17918E+02
    0.17768E-01    0.17898E+02
    0.18127E-01    0.17870E+02
    0.18493E-01    0.17833E+02
    0.18867E-01    0.17788E+02
    0.19248E-01    0.17735E+02
    0.19637E-01    0.17673E+02
    0.20034E-01    0.17602E+02
    0.20438E-01    0.17523E+02
    0.20851E-01    0.17435E+02
    0.21272E-01    0.17339E+02
    0.21702E-01    0.17234E+02
    0.22141E-01    0.17120E+02
    0.22588E-01    0.16997E+02
    0.23044E-01    0.16866E+02
    0.23510E-01    0.16727E+02
    0.23985E-01    0.16579E+02
    0.24469E-01    0.16423E+02
    0.24964E-01    0.16260E+02
    0.25468E-01    0.16089E+02
    0.25982E-01    0.15910E+02
    0.26507E-01    0.15724E+02
    0.27043E-01    0.15532E+02
    0.27589E-01    0.15333E+02
    0.28146E-01    0.15128E+02
    0.28715E-01    0.14917E+02
    0.29295E-01    0.14702E+02
    0.29887E-01    0.14482E+02
    0.30490E-01    0.14257E+02
    0.31106E-01    0.14030E+02
    0.31735E-01    0.13799E+02
    0.32376E-01    0.13566E+02
    0.33030E-01    0.13331E+02
    0.33697E-01    0.13095E+02
    0.34378E-01    0.12859E+02
    0.35072E-01    0.12622E+02
    0.35781E-01    0.12387E+02
    0.36504E-01    0.12153E+02
    0.37241E-01    0.11921E+02
    0.37993E-01    0.11693E+02
    0.38761E-01    0.11467E+02
    0.39544E-01    0.11246E+02
    0.40343E-01    0.11029E+02
    0.41158E-01    0.10817E+02
    0.41989E-01    0.10611E+02
    0.42838E-01    0.10411E+02
    0.43703E-01    0.10218E+02
    0.44586E-01    0.10031E+02
    0.45486E-01    0.98510E+01
    0.46405E-01    0.96785E+01
    0.47343E-01    0.95132E+01
    0.48299E-01    0.93553E+01
    0.49275E-01    0.92046E+01
    0.50270E-01    0.90610E+01
    0.51286E-01    0.89242E+01
    0.52322E-01    0.87938E+01
    0.53379E-01    0.86694E+01
    0.54457E-01    0.85503E+01
    0.55557E-01    0.84359E+01
    0.56680E-01    0.83253E+01
    0.57825E-01    0.82177E+01
    0.58993E-01    0.81121E+01
    0.60184E-01    0.80075E+01
    0.61400E-01    0.79027E+01
    0.62641E-01    0.77966E+01
    0.63906E-01    0.76881E+01
    0.65197E-01    0.75760E+01
    0.66514E-01    0.74592E+01
    0.67858E-01    0.73368E+01
    0.69229E-01    0.72079E+01
    0.70627E-01    0.70716E+01
    0.72054E-01    0.69276E+01
    0.73510E-01    0.67754E+01
    0.74994E-01    0.66151E+01
    0.76509E-01    0.64467E+01
    0.78055E-01    0.62710E+01
    0.79632E-01    0.60888E+01
    0.81241E-01    0.59013E+01
    0.82882E-01    0.57097E+01
    0.84556E-01    0.55159E+01
    0.86264E-01    0.53216E+01
    0.88007E-01    0.51287E+01
    0.89785E-01    0.49393E+01
    0.91598E-01    0.47553E+01
    0.93449E-01    0.45785E+01
    0.95337E-01    0.44108E+01
    0.97263E-01    0.42535E+01
    0.99227E-01    0.41078E+01
    0.10123E+00    0.39745E+01
    0.10328E+00    0.38540E+01
    0.10536E+00    0.37462E+01
    0.10749E+00    0.36507E+01
    0.10966E+00    0.35664E+01
    0.11188E+00    0.34921E+01
    0.11414E+00    0.34258E+01
    0.11644E+00    0.33655E+01
    0.11880E+00    0.33087E+01
    0.12120E+00    0.32529E+01
    0.12365E+00    0.31956E+01
    0.12614E+00    0.31342E+01
    0.12869E+00    0.30669E+01
    0.13129E+00    0.29922E+01
    0.13394E+00    0.29090E+01
    0.13665E+00    0.28176E+01
    0.13941E+00    0.27187E+01
    0.14223E+00    0.26137E+01
    0.14510E+00    0.25051E+01
    0.14803E+00    0.23955E+01
    0.15102E+00    0.22878E+01
    0.15407E+00    0.21848E+01
    0.15718E+00    0.20891E+01
    0.16036E+00    0.20025E+01
    0.16360E+00    0.19261E+01
    0.16690E+00    0.18604E+01
    0.17028E+00    0.18048E+01
    0.17371E+00    0.17578E+01
    0.17722E+00    0.17174E+01
    0.18080E+00    0.16808E+01
    0.18446E+00    0.16451E+01
    0.18818E+00    0.16078E+01
    0.19198E+00    0.15665E+01
    0.19586E+00    0.15198E+01
    0.19982E+00    0.14673E+01
    0.20386E+00    0.14098E+01
    0.20797E+00    0.13491E+01
    0.21218E+00    0.12875E+01
    0.21646E+00    0.12277E+01
    0.22083E+00    0.11721E+01
    0.22530E+00    0.11225E+01
    0.22985E+00    0.10795E+01
    0.23449E+00    0.10431E+01
    0.23923E+00    0.10120E+01
    0.24406E+00    0.98428E+00
    0.24899E+00    0.95767E+00
    0.25402E+00    0.93012E+00
    0.25915E+00    0.90015E+00
    0.26439E+00    0.86724E+00
    0.26973E+00    0.83190E+00
    0.27518E+00    0.79546E+00
    0.28074E+00    0.75972E+00
    0.28641E+00    0.72633E+00
    0.29219E+00    0.69640E+00
    0.29810E+00    0.67022E+00
    0.30412E+00    0.64719E+00
    0.31026E+00    0.62613E+00
    0.31653E+00    0.60562E+00
    0.32292E+00    0.58453E+00
    0.32945E+00    0.56232E+00
    0.33610E+00    0.53920E+00
    0.34289E+00    0.51601E+00
    0.34982E+00    0.49376E+00
    0.35689E+00    0.47324E+00
    0.36409E+00    0.45469E+00
    0.37145E+00    0.43779E+00
    0.37895E+00    0.42186E+00
    0.38661E+00    0.40615E+00
    0.39442E+00    0.39026E+00
    0.40239E+00    0.37420E+00
    0.41052E+00    0.35838E+00
    0.41881E+00    0.34330E+00
    0.42727E+00    0.32925E+00
    0.43590E+00    0.31620E+00
    0.44471E+00    0.30385E+00
    0.45369E+00    0.29184E+00
    0.46286E+00    0.27997E+00
    0.47221E+00    0.26829E+00
    0.48174E+00    0.25700E+00
    0.49148E+00    0.24628E+00
    0.50141E+00    0.23618E+00
    0.51153E+00    0.22656E+00
    0.52187E+00    0.21727E+00
    0.53241E+00    0.20821E+00
    0.54317E+00    0.19943E+00
    0.55414E+00    0.19101E+00
    0.56533E+00    0.18299E+00
    0.57675E+00    0.17534E+00
    0.58840E+00    0.16798E+00
    0.60029E+00    0.16090E+00
    0.61242E+00    0.15408E+00
    0.62479E+00    0.14753E+00
    0.63741E+00    0.14124E+00
    0.65029E+00    0.13520E+00
    0.66342E+00    0.12939E+00
    0.67683E+00    0.12383E+00
    0.69050E+00    0.11849E+00
    0.70445E+00    0.11338E+00
    0.71868E+00    0.10848E+00
    0.73320E+00    0.10378E+00
    0.74801E+00    0.99273E-01
    0.76312E+00    0.94957E-01
    0.77854E+00    0.90820E-01
    0.79426E+00    0.86856E-01
    0.81031E+00    0.83056E-01
    0.82668E+00    0.79416E-01
    0.84338E+00    0.75927E-01
    0.86041E+00    0.72585E-01
    0.87780E+00    0.69382E-01
    0.89553E+00    0.66314E-01
    0.91362E+00    0.63376E-01
    0.93208E+00    0.60563E-01
    0.95091E+00    0.57868E-01
    0.97011E+00    0.55289E-01
    0.98971E+00    0.52820E-01
    0.10097E+01    0.50457E-01
    0.10301E+01    0.48196E-01
    0.10509E+01    0.46032E-01
    0.10721E+01    0.43961E-01
    0.10938E+01    0.41981E-01
    0.11159E+01    0.40086E-01
    0.11384E+01    0.38274E-01
    0.11614E+01    0.36540E-01
    0.11849E+01    0.34883E-01
    0.12088E+01    0.33298E-01
    0.12333E+01    0.31782E-01
    0.12582E+01    0.30333E-01
    0.12836E+01    0.28948E-01
    0.13095E+01    0.27624E-01
    0.13360E+01    0.26358E-01
    0.13630E+01    0.25149E-01
    0.13905E+01    0.23993E-01
    0.14186E+01    0.22889E-01
    0.14472E+01    0.21834E-01
    0.14765E+01    0.20826E-01
    0.15063E+01    0.19863E-01
    0.15367E+01    0.18943E-01
    0.15678E+01    0.18065E-01
    0.15994E+01    0.17226E-01
    0.16318E+01    0.16425E-01
    0.16647E+01    0.15660E-01
    0.16984E+01    0.14930E-01
    0.17327E+01    0.14233E-01
    0.17677E+01    0.13567E-01
    0.18034E+01    0.12932E-01
    0.18398E+01    0.12325E-01
    0.18770E+01    0.11747E-01
    0.19149E+01    0.11195E-01
    0.19536E+01    0.10668E-01
    0.19930E+01    0.10165E-01
    0.20333E+01    0.96851E-02
    0.20744E+01    0.92274E-02
    0.21163E+01    0.87909E-02
    0.21590E+01    0.83745E-02
    0.22026E+01    0.79773E-02
    0.22471E+01    0.75985E-02
    0.22925E+01    0.72372E-02
    0.23388E+01    0.68927E-02
    0.23861E+01    0.65642E-02
    0.24343E+01    0.62511E-02
    0.24835E+01    0.59525E-02
    0.25336E+01    0.56678E-02
    0.25848E+01    0.53965E-02
    0.26370E+01    0.51378E-02
    0.26903E+01    0.48913E-02
    0.27447E+01    0.46564E-02
    0.28001E+01    0.44324E-02
    0.28567E+01    0.42191E-02
    0.29144E+01    0.40158E-02
    0.29733E+01    0.38220E-02
    0.30333E+01    0.36375E-02
    0.30946E+01    0.34616E-02
    0.31571E+01    0.32941E-02
    0.32209E+01    0.31345E-02
    0.32860E+01    0.29825E-02
    0.33523E+01    0.28378E-02
    0.34201E+01    0.26999E-02
    0.34892E+01    0.25686E-02
    0.35596E+01    0.24435E-02
    0.36316E+01    0.23245E-02
    0.37049E+01    0.22111E-02
    0.37798E+01    0.21032E-02
    0.38561E+01    0.20004E-02
    0.39340E+01    0.19025E-02
    0.40135E+01    0.18094E-02
    0.40946E+01    0.17207E-02
    0.41773E+01    0.16363E-02
    0.42617E+01    0.15560E-02
    0.43478E+01    0.14796E-02
    0.44356E+01    0.14068E-02
    0.45252E+01    0.13376E-02
    0.46166E+01    0.12717E-02
    0.47099E+01    0.12090E-02
    0.48050E+01    0.11493E-02
    0.49021E+01    0.10925E-02
    0.50011E+01    0.10385E-02
    0.51021E+01    0.98716E-03
    0.52052E+01    0.93829E-03
    0.53104E+01    0.89179E-03
    0.54176E+01    0.84757E-03
    0.55271E+01    0.80550E-03
    0.56387E+01    0.76549E-03
    0.57526E+01    0.72744E-03
    0.58689E+01    0.69125E-03
    0.59874E+01    0.65683E-03
    0.61084E+01    0.62411E-03
    0.62318E+01    0.59299E-03
    0.63577E+01    0.56340E-03
    0.64861E+01    0.53526E-03
    0.66171E+01    0.50851E-03
    0.67508E+01    0.48308E-03
    0.68872E+01    0.45890E-03
    0.70263E+01    0.43592E-03
    0.71682E+01    0.41407E-03
    0.73130E+01    0.39330E-03
    0.74608E+01    0.37356E-03
    0.76115E+01    0.35480E-03
    0.77653E+01    0.33697E-03
    0.79221E+01    0.32002E-03
    0.80822E+01    0.30391E-03
    0.82454E+01    0.28861E-03
    0.84120E+01    0.27406E-03
    0.85819E+01    0.26024E-03
    0.87553E+01    0.24711E-03
    0.89322E+01    0.23463E-03
    0.91126E+01    0.22277E-03
    0.92967E+01    0.21151E-03
    0.94845E+01    0.20080E-03
    0.96761E+01    0.19064E-03
    0.98716E+01    0.18098E-03
    0.10071E+02    0.17181E-03
    0.10274E+02    0.16309E-03
    0.10482E+02    0.15481E-03
    0.10694E+02    0.14695E-03
    0.10910E+02    0.13948E-03
    0.11130E+02    0.13239E-03
    0.11355E+02    0.12565E-03
    0.11584E+02    0.11926E-03
    0.11818E+02    0.11318E-03
    0.12057E+02    0.10741E-03
    0.12301E+02    0.10194E-03
    0.12549E+02    0.96734E-04
    0.12803E+02    0.91795E-04
    0.13061E+02    0.87106E-04
    0.13325E+02    0.82653E-04
    0.13594E+02    0.78426E-04
    0.13869E+02    0.74413E-04
    0.14149E+02    0.70603E-04
    0.14435E+02    0.66986E-04
    0.14727E+02    0.63552E-04
    0.15024E+02    0.60293E-04
    0.15328E+02    0.57199E-04
    0.15637E+02    0.54263E-04
    0.15953E+02    0.51475E-04
    0.16275E+02    0.48830E-04
    0.16604E+02    0.46319E-04
    0.16940E+02    0.43936E-04
    0.17282E+02    0.41674E-04
    0.17631E+02    0.39528E-04
    0.17987E+02    0.37491E-04
    0.18351E+02    0.35558E-04
    0.18721E+02    0.33724E-04
    0.19099E+02    0.31984E-04
    0.19485E+02    0.30333E-04
    0.19879E+02    0.28766E-04
    0.20280E+02    0.27279E-04
    0.20690E+02    0.25869E-04
    0.21108E+02    0.24530E-04
    0.21535E+02    0.23261E-04
    0.21970E+02    0.22056E-04
    0.22413E+02    0.20914E-04
    0.22866E+02    0.19830E-04
    0.23328E+02    0.18801E-04
    0.23799E+02    0.17826E-04
    0.24280E+02    0.16901E-04
    0.24771E+02    0.16023E-04
    0.25271E+02    0.15191E-04
    0.25782E+02    0.14401E-04
    0.26302E+02    0.13652E-04
    0.26834E+02    0.12942E-04
    0.27376E+02    0.12268E-04
    0.27929E+02    0.11630E-04
    0.28493E+02    0.11024E-04
    0.29069E+02    0.10449E-04
    0.29656E+02    0.99044E-05
    0.30255E+02    0.93878E-05
    0.30866E+02    0.88979E-05
    0.31490E+02    0.84333E-05
    0.32126E+02    0.79928E-05
    0.32775E+02    0.75752E-05
    0.33437E+02    0.71792E-05
    0.34112E+02    0.68037E-05
    0.34801E+02    0.64477E-05
    0.35504E+02    0.61102E-05
    0.36222E+02    0.57903E-05
    0.36953E+02    0.54869E-05
    0.37700E+02    0.51994E-05
    0.38462E+02    0.49267E-05
    0.39239E+02    0.46683E-05
    0.40031E+02    0.44233E-05
    0.40840E+02    0.41911E-05
    0.41665E+02    0.39710E-05
    0.42507E+02    0.37623E-05
    0.43365E+02    0.35646E-05
    0.44241E+02    0.33771E-05
    0.45135E+02    0.31995E-05
    0.46047E+02    0.30311E-05
    0.46977E+02    0.28715E-05
    0.47926E+02    0.27202E-05
    0.48894E+02    0.25769E-05
    0.49882E+02    0.24410E-05
    0.50890E+02    0.23123E-05
    0.51918E+02    0.21903E-05
    0.52966E+02    0.20747E-05
    0.54036E+02    0.19651E-05
    0.55128E+02    0.18613E-05
    0.56242E+02    0.17629E-05
    0.57378E+02    0.16697E-05
    0.58537E+02    0.15814E-05
    0.59720E+02    0.14977E-05
    0.60926E+02    0.14184E-05
    0.62157E+02    0.13433E-05
    0.63412E+02    0.12721E-05
    0.64693E+02    0.12047E-05
    0.66000E+02    0.11408E-05
    0.67334E+02    0.10803E-05
    0.68694E+02    0.10230E-05
    0.70082E+02    0.96864E-06
    0.71497E+02    0.91719E-06
    0.72942E+02    0.86844E-06
    0.74415E+02    0.82227E-06
    0.75918E+02    0.77853E-06
    0.77452E+02    0.73710E-06
    0.79017E+02    0.69786E-06
    0.80613E+02    0.66068E-06
    0.82241E+02    0.62548E-06
    0.83903E+02    0.59213E-06
    0.85598E+02    0.56054E-06
    0.87327E+02    0.53063E-06
    0.89091E+02    0.50230E-06
    0.90891E+02    0.47547E-06
    0.92727E+02    0.45006E-06
    0.94600E+02    0.42599E-06
    0.96511E+02    0.40320E-06
    0.98461E+02    0.38162E-06
    0.10045E+03    0.36118E-06
    0.10248E+03    0.34183E-06
    0.10455E+03    0.32351E-06
    0.10666E+03    0.30615E-06
    0.10882E+03    0.28972E-06
    0.11101E+03    0.27417E-06
    0.11326E+03    0.25944E-06
    0.11554E+03    0.24549E-06
    0.11788E+03    0.23228E-06
    0.12026E+03    0.21978E-06
    0.12269E+03    0.20794E-06
    0.12517E+03    0.19674E-06
    0.12770E+03    0.18613E-06
    0.13028E+03    0.17608E-06
    0.13291E+03    0.16657E-06
    0.13559E+03    0.15757E-06
    0.13833E+03    0.14905E-06
    0.14113E+03    0.14099E-06
    0.14398E+03    0.13336E-06
    0.14689E+03    0.12613E-06
    0.14985E+03    0.11929E-06
    0.15288E+03    0.11282E-06
    0.15597E+03    0.10670E-06
    0.15912E+03    0.10090E-06
    0.16233E+03    0.95413E-07
    0.16561E+03    0.90221E-07
    0.16896E+03    0.85307E-07
    0.17237E+03    0.80655E-07
    0.17585E+03    0.76253E-07
    0.17941E+03    0.72087E-07
    0.18303E+03    0.68143E-07
    0.18673E+03    0.64411E-07
    0.19050E+03    0.60878E-07
    0.19435E+03    0.57536E-07
    0.19828E+03    0.54374E-07
    0.20228E+03    0.51383E-07
    0.20637E+03    0.48554E-07
    0.21054E+03    0.45879E-07
    0.21479E+03    0.43350E-07
    0.21913E+03    0.40960E-07
    0.22356E+03    0.38701E-07
    0.22807E+03    0.36566E-07
