    0.10000E-03    0.26825E+00
    0.10202E-03    0.27355E+00
    0.10408E-03    0.27896E+00
    0.10618E-03    0.28447E+00
    0.10833E-03    0.29010E+00
    0.11052E-03    0.29583E+00
    0.11275E-03    0.30168E+00
    0.11503E-03    0.30764E+00
    0.11735E-03    0.31372E+00
    0.11972E-03    0.31993E+00
    0.12214E-03    0.32625E+00
    0.12461E-03    0.33270E+00
    0.12712E-03    0.33928E+00
    0.12969E-03    0.34598E+00
    0.13231E-03    0.35282E+00
    0.13499E-03    0.35980E+00
    0.13771E-03    0.36691E+00
    0.14049E-03    0.37416E+00
    0.14333E-03    0.38156E+00
    0.14623E-03    0.38910E+00
    0.14918E-03    0.39679E+00
    0.15220E-03    0.40464E+00
    0.15527E-03    0.41263E+00
    0.15841E-03    0.42079E+00
    0.16161E-03    0.42911E+00
    0.16487E-03    0.43759E+00
    0.16820E-03    0.44624E+00
    0.17160E-03    0.45506E+00
    0.17507E-03    0.46405E+00
    0.17860E-03    0.47322E+00
    0.18221E-03    0.48258E+00
    0.18589E-03    0.49211E+00
    0.18965E-03    0.50184E+00
    0.19348E-03    0.51176E+00
    0.19739E-03    0.52187E+00
    0.20138E-03    0.53218E+00
    0.20544E-03    0.54270E+00
    0.20959E-03    0.55342E+00
    0.21383E-03    0.56436E+00
    0.21815E-03    0.57551E+00
    0.22255E-03    0.58688E+00
    0.22705E-03    0.59847E+00
    0.23164E-03    0.61030E+00
    0.23632E-03    0.62236E+00
    0.24109E-03    0.63465E+00
    0.24596E-03    0.64719E+00
    0.25093E-03    0.65998E+00
    0.25600E-03    0.67301E+00
    0.26117E-03    0.68631E+00
    0.26645E-03    0.69986E+00
    0.27183E-03    0.71369E+00
    0.27732E-03    0.72778E+00
    0.28292E-03    0.74216E+00
    0.28864E-03    0.75681E+00
    0.29447E-03    0.77176E+00
    0.30042E-03    0.78700E+00
    0.30649E-03    0.80254E+00
    0.31268E-03    0.81838E+00
    0.31899E-03    0.83454E+00
    0.32544E-03    0.85102E+00
    0.33201E-03    0.86782E+00
    0.33872E-03    0.88495E+00
    0.34556E-03    0.90242E+00
    0.35254E-03    0.92023E+00
    0.35966E-03    0.93839E+00
    0.36693E-03    0.95691E+00
    0.37434E-03    0.97579E+00
    0.38190E-03    0.99504E+00
    0.38962E-03    0.10147E+01
    0.39749E-03    0.10347E+01
    0.40552E-03    0.10551E+01
    0.41371E-03    0.10759E+01
    0.42207E-03    0.10971E+01
    0.43060E-03    0.11188E+01
    0.43929E-03    0.11408E+01
    0.44817E-03    0.11633E+01
    0.45722E-03    0.11863E+01
    0.46646E-03    0.12096E+01
    0.47588E-03    0.12335E+01
    0.48550E-03    0.12578E+01
    0.49530E-03    0.12826E+01
    0.50531E-03    0.13078E+01
    0.51552E-03    0.13336E+01
    0.52593E-03    0.13599E+01
    0.53656E-03    0.13866E+01
    0.54739E-03    0.14139E+01
    0.55845E-03    0.14418E+01
    0.56973E-03    0.14701E+01
    0.58124E-03    0.14991E+01
    0.59299E-03    0.15285E+01
    0.60496E-03    0.15586E+01
    0.61719E-03    0.15893E+01
    0.62965E-03    0.16205E+01
    0.64237E-03    0.16524E+01
    0.65535E-03    0.16848E+01
    0.66859E-03    0.17179E+01
    0.68210E-03    0.17517E+01
    0.69588E-03    0.17861E+01
    0.70993E-03    0.18211E+01
    0.72427E-03    0.18569E+01
    0.73891E-03    0.18933E+01
    0.75383E-03    0.19304E+01
    0.76906E-03    0.19683E+01
    0.78460E-03    0.20068E+01
    0.80045E-03    0.20461E+01
    0.81662E-03    0.20862E+01
    0.83311E-03    0.21271E+01
    0.84994E-03    0.21687E+01
    0.86711E-03    0.22111E+01
    0.88463E-03    0.22543E+01
    0.90250E-03    0.22984E+01
    0.92073E-03    0.23433E+01
    0.93933E-03    0.23890E+01
    0.95831E-03    0.24356E+01
    0.97767E-03    0.24831E+01
    0.99742E-03    0.25315E+01
    0.10176E-02    0.25808E+01
    0.10381E-02    0.26311E+01
    0.10591E-02    0.26823E+01
    0.10805E-02    0.27344E+01
    0.11023E-02    0.27876E+01
    0.11246E-02    0.28417E+01
    0.11473E-02    0.28968E+01
    0.11705E-02    0.29530E+01
    0.11941E-02    0.30102E+01
    0.12182E-02    0.30685E+01
    0.12429E-02    0.31278E+01
    0.12680E-02    0.31882E+01
    0.12936E-02    0.32498E+01
    0.13197E-02    0.33125E+01
    0.13464E-02    0.33763E+01
    0.13736E-02    0.34413E+01
    0.14013E-02    0.35074E+01
    0.14296E-02    0.35748E+01
    0.14585E-02    0.36434E+01
    0.14880E-02    0.37132E+01
    0.15180E-02    0.37842E+01
    0.15487E-02    0.38565E+01
    0.15800E-02    0.39301E+01
    0.16119E-02    0.40050E+01
    0.16445E-02    0.40812E+01
    0.16777E-02    0.41588E+01
    0.17116E-02    0.42377E+01
    0.17462E-02    0.43179E+01
    0.17814E-02    0.43996E+01
    0.18174E-02    0.44826E+01
    0.18541E-02    0.45671E+01
    0.18916E-02    0.46529E+01
    0.19298E-02    0.47402E+01
    0.19688E-02    0.48290E+01
    0.20086E-02    0.49193E+01
    0.20491E-02    0.50110E+01
    0.20905E-02    0.51042E+01
    0.21328E-02    0.51989E+01
    0.21758E-02    0.52952E+01
    0.22198E-02    0.53930E+01
    0.22646E-02    0.54923E+01
    0.23104E-02    0.55931E+01
    0.23571E-02    0.56956E+01
    0.24047E-02    0.57996E+01
    0.24533E-02    0.59051E+01
    0.25028E-02    0.60123E+01
    0.25534E-02    0.61210E+01
    0.26050E-02    0.62313E+01
    0.26576E-02    0.63433E+01
    0.27113E-02    0.64568E+01
    0.27660E-02    0.65719E+01
    0.28219E-02    0.66886E+01
    0.28789E-02    0.68069E+01
    0.29371E-02    0.69267E+01
    0.29964E-02    0.70482E+01
    0.30569E-02    0.71713E+01
    0.31187E-02    0.72959E+01
    0.31817E-02    0.74221E+01
    0.32460E-02    0.75498E+01
    0.33115E-02    0.76790E+01
    0.33784E-02    0.78098E+01
    0.34467E-02    0.79421E+01
    0.35163E-02    0.80759E+01
    0.35874E-02    0.82111E+01
    0.36598E-02    0.83478E+01
    0.37338E-02    0.84859E+01
    0.38092E-02    0.86254E+01
    0.38861E-02    0.87663E+01
    0.39646E-02    0.89085E+01
    0.40447E-02    0.90520E+01
    0.41264E-02    0.91968E+01
    0.42098E-02    0.93428E+01
    0.42948E-02    0.94900E+01
    0.43816E-02    0.96384E+01
    0.44701E-02    0.97879E+01
    0.45604E-02    0.99385E+01
    0.46525E-02    0.10090E+02
    0.47465E-02    0.10243E+02
    0.48424E-02    0.10396E+02
    0.49402E-02    0.10551E+02
    0.50400E-02    0.10706E+02
    0.51419E-02    0.10862E+02
    0.52457E-02    0.11019E+02
    0.53517E-02    0.11176E+02
    0.54598E-02    0.11334E+02
    0.55701E-02    0.11493E+02
    0.56826E-02    0.11652E+02
    0.57974E-02    0.11812E+02
    0.59145E-02    0.11971E+02
    0.60340E-02    0.12131E+02
    0.61559E-02    0.12292E+02
    0.62803E-02    0.12452E+02
    0.64072E-02    0.12613E+02
    0.65366E-02    0.12773E+02
    0.66686E-02    0.12934E+02
    0.68033E-02    0.13094E+02
    0.69408E-02    0.13254E+02
    0.70810E-02    0.13413E+02
    0.72240E-02    0.13572E+02
    0.73700E-02    0.13730E+02
    0.75189E-02    0.13888E+02
    0.76708E-02    0.14045E+02
    0.78257E-02    0.14201E+02
    0.79838E-02    0.14356E+02
    0.81451E-02    0.14510E+02
    0.83096E-02    0.14663E+02
    0.84775E-02    0.14814E+02
    0.86488E-02    0.14964E+02
    0.88235E-02    0.15112E+02
    0.90017E-02    0.15259E+02
    0.91836E-02    0.15403E+02
    0.93691E-02    0.15546E+02
    0.95583E-02    0.15686E+02
    0.97514E-02    0.15823E+02
    0.99484E-02    0.15959E+02
    0.10149E-01    0.16091E+02
    0.10354E-01    0.16220E+02
    0.10564E-01    0.16347E+02
    0.10777E-01    0.16470E+02
    0.10995E-01    0.16590E+02
    0.11217E-01    0.16706E+02
    0.11443E-01    0.16818E+02
    0.11675E-01    0.16927E+02
    0.11910E-01    0.17031E+02
    0.12151E-01    0.17131E+02
    0.12397E-01    0.17226E+02
    0.12647E-01    0.17317E+02
    0.12902E-01    0.17402E+02
    0.13163E-01    0.17483E+02
    0.13429E-01    0.17558E+02
    0.13700E-01    0.17628E+02
    0.13977E-01    0.17691E+02
    0.14259E-01    0.17749E+02
    0.14547E-01    0.17801E+02
    0.14841E-01    0.17847E+02
    0.15141E-01    0.17885E+02
    0.15447E-01    0.17918E+02
    0.15759E-01    0.17943E+02
    0.16077E-01    0.17961E+02
    0.16402E-01    0.17971E+02
    0.16734E-01    0.17975E+02
    0.17072E-01    0.17970E+02
    0.17416E-01    0.17958E+02
    0.17768E-01    0.17938E+02
    0.18127E-01    0.17910E+02
    0.18493E-01    0.17873E+02
    0.18867E-01    0.17828E+02
    0.19248E-01    0.17775E+02
    0.19637E-01    0.17713E+02
    0.20034E-01    0.17643E+02
    0.20438E-01    0.17563E+02
    0.20851E-01    0.17475E+02
    0.21272E-01    0.17379E+02
    0.21702E-01    0.17274E+02
    0.22141E-01    0.17160E+02
    0.22588E-01    0.17037E+02
    0.23044E-01    0.16906E+02
    0.23510E-01    0.16766E+02
    0.23985E-01    0.16618E+02
    0.24469E-01    0.16462E+02
    0.24964E-01    0.16298E+02
    0.25468E-01    0.16127E+02
    0.25982E-01    0.15948E+02
    0.26507E-01    0.15762E+02
    0.27043E-01    0.15569E+02
    0.27589E-01    0.15370E+02
    0.28146E-01    0.15164E+02
    0.28715E-01    0.14953E+02
    0.29295E-01    0.14737E+02
    0.29887E-01    0.14517E+02
    0.30490E-01    0.14292E+02
    0.31106E-01    0.14064E+02
    0.31735E-01    0.13833E+02
    0.32376E-01    0.13599E+02
    0.33030E-01    0.13364E+02
    0.33697E-01    0.13127E+02
    0.34378E-01    0.12890E+02
    0.35072E-01    0.12654E+02
    0.35781E-01    0.12418E+02
    0.36504E-01    0.12183E+02
    0.37241E-01    0.11951E+02
    0.37993E-01    0.11722E+02
    0.38761E-01    0.11496E+02
    0.39544E-01    0.11274E+02
    0.40343E-01    0.11057E+02
    0.41158E-01    0.10845E+02
    0.41989E-01    0.10638E+02
    0.42838E-01    0.10438E+02
    0.43703E-01    0.10244E+02
    0.44586E-01    0.10056E+02
    0.45486E-01    0.98761E+01
    0.46405E-01    0.97032E+01
    0.47343E-01    0.95375E+01
    0.48299E-01    0.93793E+01
    0.49275E-01    0.92282E+01
    0.50270E-01    0.90843E+01
    0.51286E-01    0.89472E+01
    0.52322E-01    0.88165E+01
    0.53379E-01    0.86918E+01
    0.54457E-01    0.85724E+01
    0.55557E-01    0.84577E+01
    0.56680E-01    0.83469E+01
    0.57825E-01    0.82391E+01
    0.58993E-01    0.81332E+01
    0.60184E-01    0.80283E+01
    0.61400E-01    0.79233E+01
    0.62641E-01    0.78170E+01
    0.63906E-01    0.77082E+01
    0.65197E-01    0.75958E+01
    0.66514E-01    0.74787E+01
    0.67858E-01    0.73560E+01
    0.69229E-01    0.72267E+01
    0.70627E-01    0.70901E+01
    0.72054E-01    0.69457E+01
    0.73510E-01    0.67932E+01
    0.74994E-01    0.66324E+01
    0.76509E-01    0.64636E+01
    0.78055E-01    0.62874E+01
    0.79632E-01    0.61047E+01
    0.81241E-01    0.59167E+01
    0.82882E-01    0.57247E+01
    0.84556E-01    0.55303E+01
    0.86264E-01    0.53355E+01
    0.88007E-01    0.51421E+01
    0.89785E-01    0.49522E+01
    0.91598E-01    0.47677E+01
    0.93449E-01    0.45906E+01
    0.95337E-01    0.44224E+01
    0.97263E-01    0.42647E+01
    0.99227E-01    0.41186E+01
    0.10123E+00    0.39850E+01
    0.10328E+00    0.38642E+01
    0.10536E+00    0.37562E+01
    0.10749E+00    0.36604E+01
    0.10966E+00    0.35759E+01
    0.11188E+00    0.35014E+01
    0.11414E+00    0.34349E+01
    0.11644E+00    0.33745E+01
    0.11880E+00    0.33175E+01
    0.12120E+00    0.32616E+01
    0.12365E+00    0.32040E+01
    0.12614E+00    0.31426E+01
    0.12869E+00    0.30751E+01
    0.13129E+00    0.30001E+01
    0.13394E+00    0.29168E+01
    0.13665E+00    0.28251E+01
    0.13941E+00    0.27258E+01
    0.14223E+00    0.26206E+01
    0.14510E+00    0.25118E+01
    0.14803E+00    0.24019E+01
    0.15102E+00    0.22938E+01
    0.15407E+00    0.21906E+01
    0.15718E+00    0.20946E+01
    0.16036E+00    0.20077E+01
    0.16360E+00    0.19313E+01
    0.16690E+00    0.18654E+01
    0.17028E+00    0.18096E+01
    0.17371E+00    0.17625E+01
    0.17722E+00    0.17219E+01
    0.18080E+00    0.16852E+01
    0.18446E+00    0.16495E+01
    0.18818E+00    0.16121E+01
    0.19198E+00    0.15707E+01
    0.19586E+00    0.15238E+01
    0.19982E+00    0.14712E+01
    0.20386E+00    0.14135E+01
    0.20797E+00    0.13526E+01
    0.21218E+00    0.12909E+01
    0.21646E+00    0.12309E+01
    0.22083E+00    0.11752E+01
    0.22530E+00    0.11255E+01
    0.22985E+00    0.10824E+01
    0.23449E+00    0.10459E+01
    0.23923E+00    0.10147E+01
    0.24406E+00    0.98690E+00
    0.24899E+00    0.96023E+00
    0.25402E+00    0.93261E+00
    0.25915E+00    0.90255E+00
    0.26439E+00    0.86955E+00
    0.26973E+00    0.83410E+00
    0.27518E+00    0.79757E+00
    0.28074E+00    0.76173E+00
    0.28641E+00    0.72826E+00
    0.29219E+00    0.69825E+00
    0.29810E+00    0.67200E+00
    0.30412E+00    0.64892E+00
    0.31026E+00    0.62780E+00
    0.31653E+00    0.60724E+00
    0.32292E+00    0.58608E+00
    0.32945E+00    0.56381E+00
    0.33610E+00    0.54064E+00
    0.34289E+00    0.51739E+00
    0.34982E+00    0.49508E+00
    0.35689E+00    0.47449E+00
    0.36409E+00    0.45590E+00
    0.37145E+00    0.43896E+00
    0.37895E+00    0.42298E+00
    0.38661E+00    0.40724E+00
    0.39442E+00    0.39130E+00
    0.40239E+00    0.37519E+00
    0.41052E+00    0.35933E+00
    0.41881E+00    0.34421E+00
    0.42727E+00    0.33012E+00
    0.43590E+00    0.31704E+00
    0.44471E+00    0.30466E+00
    0.45369E+00    0.29262E+00
    0.46286E+00    0.28072E+00
    0.47221E+00    0.26901E+00
    0.48174E+00    0.25768E+00
    0.49148E+00    0.24694E+00
    0.50141E+00    0.23681E+00
    0.51153E+00    0.22717E+00
    0.52187E+00    0.21785E+00
    0.53241E+00    0.20877E+00
    0.54317E+00    0.19996E+00
    0.55414E+00    0.19152E+00
    0.56533E+00    0.18348E+00
    0.57675E+00    0.17581E+00
    0.58840E+00    0.16843E+00
    0.60029E+00    0.16132E+00
    0.61242E+00    0.15449E+00
    0.62479E+00    0.14792E+00
    0.63741E+00    0.14161E+00
    0.65029E+00    0.13556E+00
    0.66342E+00    0.12974E+00
    0.67683E+00    0.12416E+00
    0.69050E+00    0.11881E+00
    0.70445E+00    0.11368E+00
    0.71868E+00    0.10877E+00
    0.73320E+00    0.10405E+00
    0.74801E+00    0.99538E-01
    0.76312E+00    0.95210E-01
    0.77854E+00    0.91063E-01
    0.79426E+00    0.87088E-01
    0.81031E+00    0.83278E-01
    0.82668E+00    0.79628E-01
    0.84338E+00    0.76130E-01
    0.86041E+00    0.72778E-01
    0.87780E+00    0.69567E-01
    0.89553E+00    0.66492E-01
    0.91362E+00    0.63546E-01
    0.93208E+00    0.60724E-01
    0.95091E+00    0.58023E-01
    0.97011E+00    0.55437E-01
    0.98971E+00    0.52961E-01
    0.10097E+01    0.50592E-01
    0.10301E+01    0.48324E-01
    0.10509E+01    0.46155E-01
    0.10721E+01    0.44079E-01
    0.10938E+01    0.42093E-01
    0.11159E+01    0.40193E-01
    0.11384E+01    0.38376E-01
    0.11614E+01    0.36638E-01
    0.11849E+01    0.34976E-01
    0.12088E+01    0.33386E-01
    0.12333E+01    0.31867E-01
    0.12582E+01    0.30414E-01
    0.12836E+01    0.29025E-01
    0.13095E+01    0.27698E-01
    0.13360E+01    0.26429E-01
    0.13630E+01    0.25216E-01
    0.13905E+01    0.24057E-01
    0.14186E+01    0.22950E-01
    0.14472E+01    0.21892E-01
    0.14765E+01    0.20882E-01
    0.15063E+01    0.19916E-01
    0.15367E+01    0.18994E-01
    0.15678E+01    0.18113E-01
    0.15994E+01    0.17272E-01
    0.16318E+01    0.16469E-01
    0.16647E+01    0.15702E-01
    0.16984E+01    0.14970E-01
    0.17327E+01    0.14271E-01
    0.17677E+01    0.13603E-01
    0.18034E+01    0.12966E-01
    0.18398E+01    0.12358E-01
    0.18770E+01    0.11778E-01
    0.19149E+01    0.11224E-01
    0.19536E+01    0.10696E-01
    0.19930E+01    0.10192E-01
    0.20333E+01    0.97110E-02
    0.20744E+01    0.92521E-02
    0.21163E+01    0.88144E-02
    0.21590E+01    0.83968E-02
    0.22026E+01    0.79986E-02
    0.22471E+01    0.76187E-02
    0.22925E+01    0.72565E-02
    0.23388E+01    0.69111E-02
    0.23861E+01    0.65818E-02
    0.24343E+01    0.62677E-02
    0.24835E+01    0.59684E-02
    0.25336E+01    0.56829E-02
    0.25848E+01    0.54109E-02
    0.26370E+01    0.51515E-02
    0.26903E+01    0.49044E-02
    0.27447E+01    0.46688E-02
    0.28001E+01    0.44443E-02
    0.28567E+01    0.42303E-02
    0.29144E+01    0.40265E-02
    0.29733E+01    0.38322E-02
    0.30333E+01    0.36472E-02
    0.30946E+01    0.34709E-02
    0.31571E+01    0.33029E-02
    0.32209E+01    0.31429E-02
    0.32860E+01    0.29905E-02
    0.33523E+01    0.28454E-02
    0.34201E+01    0.27071E-02
    0.34892E+01    0.25754E-02
    0.35596E+01    0.24501E-02
    0.36316E+01    0.23307E-02
    0.37049E+01    0.22170E-02
    0.37798E+01    0.21088E-02
    0.38561E+01    0.20057E-02
    0.39340E+01    0.19076E-02
    0.40135E+01    0.18142E-02
    0.40946E+01    0.17253E-02
    0.41773E+01    0.16407E-02
    0.42617E+01    0.15602E-02
    0.43478E+01    0.14835E-02
    0.44356E+01    0.14106E-02
    0.45252E+01    0.13411E-02
    0.46166E+01    0.12751E-02
    0.47099E+01    0.12122E-02
    0.48050E+01    0.11524E-02
    0.49021E+01    0.10955E-02
    0.50011E+01    0.10413E-02
    0.51021E+01    0.98980E-03
    0.52052E+01    0.94079E-03
    0.53104E+01    0.89417E-03
    0.54176E+01    0.84983E-03
    0.55271E+01    0.80765E-03
    0.56387E+01    0.76753E-03
    0.57526E+01    0.72938E-03
    0.58689E+01    0.69309E-03
    0.59874E+01    0.65859E-03
    0.61084E+01    0.62577E-03
    0.62318E+01    0.59457E-03
    0.63577E+01    0.56490E-03
    0.64861E+01    0.53669E-03
    0.66171E+01    0.50987E-03
    0.67508E+01    0.48437E-03
    0.68872E+01    0.46013E-03
    0.70263E+01    0.43708E-03
    0.71682E+01    0.41518E-03
    0.73130E+01    0.39435E-03
    0.74608E+01    0.37456E-03
    0.76115E+01    0.35575E-03
    0.77653E+01    0.33787E-03
    0.79221E+01    0.32087E-03
    0.80822E+01    0.30472E-03
    0.82454E+01    0.28938E-03
    0.84120E+01    0.27479E-03
    0.85819E+01    0.26093E-03
    0.87553E+01    0.24777E-03
    0.89322E+01    0.23525E-03
    0.91126E+01    0.22337E-03
    0.92967E+01    0.21207E-03
    0.94845E+01    0.20134E-03
    0.96761E+01    0.19115E-03
    0.98716E+01    0.18146E-03
    0.10071E+02    0.17226E-03
    0.10274E+02    0.16353E-03
    0.10482E+02    0.15523E-03
    0.10694E+02    0.14734E-03
    0.10910E+02    0.13986E-03
    0.11130E+02    0.13274E-03
    0.11355E+02    0.12599E-03
    0.11584E+02    0.11958E-03
    0.11818E+02    0.11348E-03
    0.12057E+02    0.10770E-03
    0.12301E+02    0.10221E-03
    0.12549E+02    0.96993E-04
    0.12803E+02    0.92040E-04
    0.13061E+02    0.87338E-04
    0.13325E+02    0.82874E-04
    0.13594E+02    0.78635E-04
    0.13869E+02    0.74611E-04
    0.14149E+02    0.70791E-04
    0.14435E+02    0.67165E-04
    0.14727E+02    0.63722E-04
    0.15024E+02    0.60454E-04
    0.15328E+02    0.57352E-04
    0.15637E+02    0.54407E-04
    0.15953E+02    0.51613E-04
    0.16275E+02    0.48960E-04
    0.16604E+02    0.46442E-04
    0.16940E+02    0.44053E-04
    0.17282E+02    0.41785E-04
    0.17631E+02    0.39633E-04
    0.17987E+02    0.37591E-04
    0.18351E+02    0.35653E-04
    0.18721E+02    0.33814E-04
    0.19099E+02    0.32069E-04
    0.19485E+02    0.30414E-04
    0.19879E+02    0.28843E-04
    0.20280E+02    0.27352E-04
    0.20690E+02    0.25938E-04
    0.21108E+02    0.24596E-04
    0.21535E+02    0.23323E-04
    0.21970E+02    0.22115E-04
    0.22413E+02    0.20969E-04
    0.22866E+02    0.19882E-04
    0.23328E+02    0.18851E-04
    0.23799E+02    0.17873E-04
    0.24280E+02    0.16946E-04
    0.24771E+02    0.16066E-04
    0.25271E+02    0.15231E-04
    0.25782E+02    0.14439E-04
    0.26302E+02    0.13689E-04
    0.26834E+02    0.12977E-04
    0.27376E+02    0.12301E-04
    0.27929E+02    0.11661E-04
    0.28493E+02    0.11053E-04
    0.29069E+02    0.10477E-04
    0.29656E+02    0.99308E-05
    0.30255E+02    0.94128E-05
    0.30866E+02    0.89216E-05
    0.31490E+02    0.84558E-05
    0.32126E+02    0.80142E-05
    0.32775E+02    0.75954E-05
    0.33437E+02    0.71983E-05
    0.34112E+02    0.68219E-05
    0.34801E+02    0.64649E-05
    0.35504E+02    0.61265E-05
    0.36222E+02    0.58057E-05
    0.36953E+02    0.55016E-05
    0.37700E+02    0.52132E-05
    0.38462E+02    0.49399E-05
    0.39239E+02    0.46808E-05
    0.40031E+02    0.44351E-05
    0.40840E+02    0.42023E-05
    0.41665E+02    0.39816E-05
    0.42507E+02    0.37724E-05
    0.43365E+02    0.35741E-05
    0.44241E+02    0.33861E-05
    0.45135E+02    0.32080E-05
    0.46047E+02    0.30392E-05
    0.46977E+02    0.28791E-05
    0.47926E+02    0.27275E-05
    0.48894E+02    0.25838E-05
    0.49882E+02    0.24475E-05
    0.50890E+02    0.23185E-05
    0.51918E+02    0.21961E-05
    0.52966E+02    0.20802E-05
    0.54036E+02    0.19704E-05
    0.55128E+02    0.18663E-05
    0.56242E+02    0.17676E-05
    0.57378E+02    0.16742E-05
    0.58537E+02    0.15856E-05
    0.59720E+02    0.15017E-05
    0.60926E+02    0.14222E-05
    0.62157E+02    0.13469E-05
    0.63412E+02    0.12755E-05
    0.64693E+02    0.12079E-05
    0.66000E+02    0.11439E-05
    0.67334E+02    0.10832E-05
    0.68694E+02    0.10257E-05
    0.70082E+02    0.97123E-06
    0.71497E+02    0.91963E-06
    0.72942E+02    0.87076E-06
    0.74415E+02    0.82446E-06
    0.75918E+02    0.78061E-06
    0.77452E+02    0.73906E-06
    0.79017E+02    0.69972E-06
    0.80613E+02    0.66244E-06
    0.82241E+02    0.62714E-06
    0.83903E+02    0.59371E-06
    0.85598E+02    0.56204E-06
    0.87327E+02    0.53204E-06
    0.89091E+02    0.50364E-06
    0.90891E+02    0.47673E-06
    0.92727E+02    0.45125E-06
    0.94600E+02    0.42713E-06
    0.96511E+02    0.40427E-06
    0.98461E+02    0.38264E-06
    0.10045E+03    0.36214E-06
    0.10248E+03    0.34274E-06
    0.10455E+03    0.32437E-06
    0.10666E+03    0.30697E-06
    0.10882E+03    0.29049E-06
    0.11101E+03    0.27490E-06
    0.11326E+03    0.26013E-06
    0.11554E+03    0.24614E-06
    0.11788E+03    0.23290E-06
    0.12026E+03    0.22036E-06
    0.12269E+03    0.20850E-06
    0.12517E+03    0.19726E-06
    0.12770E+03    0.18662E-06
    0.13028E+03    0.17655E-06
    0.13291E+03    0.16702E-06
    0.13559E+03    0.15799E-06
    0.13833E+03    0.14945E-06
    0.14113E+03    0.14136E-06
    0.14398E+03    0.13371E-06
    0.14689E+03    0.12647E-06
    0.14985E+03    0.11961E-06
    0.15288E+03    0.11312E-06
    0.15597E+03    0.10698E-06
    0.15912E+03    0.10117E-06
    0.16233E+03    0.95666E-07
    0.16561E+03    0.90460E-07
    0.16896E+03    0.85533E-07
    0.17237E+03    0.80869E-07
    0.17585E+03    0.76455E-07
    0.17941E+03    0.72277E-07
    0.18303E+03    0.68323E-07
    0.18673E+03    0.64581E-07
    0.19050E+03    0.61039E-07
    0.19435E+03    0.57688E-07
    0.19828E+03    0.54517E-07
    0.20228E+03    0.51518E-07
    0.20637E+03    0.48682E-07
    0.21054E+03    0.46000E-07
    0.21479E+03    0.43465E-07
    0.21913E+03    0.41068E-07
    0.22356E+03    0.38803E-07
