    0.10000E-03    0.26917E+00
    0.10202E-03    0.27449E+00
    0.10408E-03    0.27991E+00
    0.10618E-03    0.28545E+00
    0.10833E-03    0.29109E+00
    0.11052E-03    0.29685E+00
    0.11275E-03    0.30271E+00
    0.11503E-03    0.30870E+00
    0.11735E-03    0.31480E+00
    0.11972E-03    0.32102E+00
    0.12214E-03    0.32737E+00
    0.12461E-03    0.33384E+00
    0.12712E-03    0.34044E+00
    0.12969E-03    0.34717E+00
    0.13231E-03    0.35403E+00
    0.13499E-03    0.36103E+00
    0.13771E-03    0.36817E+00
    0.14049E-03    0.37545E+00
    0.14333E-03    0.38287E+00
    0.14623E-03    0.39044E+00
    0.14918E-03    0.39815E+00
    0.15220E-03    0.40602E+00
    0.15527E-03    0.41405E+00
    0.15841E-03    0.42223E+00
    0.16161E-03    0.43058E+00
    0.16487E-03    0.43909E+00
    0.16820E-03    0.44777E+00
    0.17160E-03    0.45662E+00
    0.17507E-03    0.46564E+00
    0.17860E-03    0.47485E+00
    0.18221E-03    0.48423E+00
    0.18589E-03    0.49380E+00
    0.18965E-03    0.50356E+00
    0.19348E-03    0.51351E+00
    0.19739E-03    0.52366E+00
    0.20138E-03    0.53401E+00
    0.20544E-03    0.54456E+00
    0.20959E-03    0.55532E+00
    0.21383E-03    0.56629E+00
    0.21815E-03    0.57748E+00
    0.22255E-03    0.58889E+00
    0.22705E-03    0.60053E+00
    0.23164E-03    0.61239E+00
    0.23632E-03    0.62449E+00
    0.24109E-03    0.63683E+00
    0.24596E-03    0.64941E+00
    0.25093E-03    0.66224E+00
    0.25600E-03    0.67532E+00
    0.26117E-03    0.68866E+00
    0.26645E-03    0.70226E+00
    0.27183E-03    0.71613E+00
    0.27732E-03    0.73028E+00
    0.28292E-03    0.74470E+00
    0.28864E-03    0.75941E+00
    0.29447E-03    0.77440E+00
    0.30042E-03    0.78970E+00
    0.30649E-03    0.80529E+00
    0.31268E-03    0.82119E+00
    0.31899E-03    0.83740E+00
    0.32544E-03    0.85393E+00
    0.33201E-03    0.87079E+00
    0.33872E-03    0.88798E+00
    0.34556E-03    0.90551E+00
    0.35254E-03    0.92338E+00
    0.35966E-03    0.94160E+00
    0.36693E-03    0.96018E+00
    0.37434E-03    0.97913E+00
    0.38190E-03    0.99845E+00
    0.38962E-03    0.10181E+01
    0.39749E-03    0.10382E+01
    0.40552E-03    0.10587E+01
    0.41371E-03    0.10796E+01
    0.42207E-03    0.11009E+01
    0.43060E-03    0.11226E+01
    0.43929E-03    0.11447E+01
    0.44817E-03    0.11673E+01
    0.45722E-03    0.11903E+01
    0.46646E-03    0.12138E+01
    0.47588E-03    0.12377E+01
    0.48550E-03    0.12621E+01
    0.49530E-03    0.12869E+01
    0.50531E-03    0.13123E+01
    0.51552E-03    0.13381E+01
    0.52593E-03    0.13645E+01
    0.53656E-03    0.13914E+01
    0.54739E-03    0.14187E+01
    0.55845E-03    0.14467E+01
    0.56973E-03    0.14751E+01
    0.58124E-03    0.15042E+01
    0.59299E-03    0.15338E+01
    0.60496E-03    0.15639E+01
    0.61719E-03    0.15947E+01
    0.62965E-03    0.16260E+01
    0.64237E-03    0.16580E+01
    0.65535E-03    0.16906E+01
    0.66859E-03    0.17238E+01
    0.68210E-03    0.17576E+01
    0.69588E-03    0.17921E+01
    0.70993E-03    0.18273E+01
    0.72427E-03    0.18632E+01
    0.73891E-03    0.18997E+01
    0.75383E-03    0.19370E+01
    0.76906E-03    0.19749E+01
    0.78460E-03    0.20136E+01
    0.80045E-03    0.20531E+01
    0.81662E-03    0.20933E+01
    0.83311E-03    0.21342E+01
    0.84994E-03    0.21760E+01
    0.86711E-03    0.22186E+01
    0.88463E-03    0.22619E+01
    0.90250E-03    0.23061E+01
    0.92073E-03    0.23512E+01
    0.93933E-03    0.23971E+01
    0.95831E-03    0.24438E+01
    0.97767E-03    0.24915E+01
    0.99742E-03    0.25400E+01
    0.10176E-02    0.25895E+01
    0.10381E-02    0.26399E+01
    0.10591E-02    0.26913E+01
    0.10805E-02    0.27436E+01
    0.11023E-02    0.27969E+01
    0.11246E-02    0.28512E+01
    0.11473E-02    0.29065E+01
    0.11705E-02    0.29628E+01
    0.11941E-02    0.30202E+01
    0.12182E-02    0.30787E+01
    0.12429E-02    0.31382E+01
    0.12680E-02    0.31988E+01
    0.12936E-02    0.32605E+01
    0.13197E-02    0.33234E+01
    0.13464E-02    0.33874E+01
    0.13736E-02    0.34526E+01
    0.14013E-02    0.35190E+01
    0.14296E-02    0.35865E+01
    0.14585E-02    0.36553E+01
    0.14880E-02    0.37253E+01
    0.15180E-02    0.37966E+01
    0.15487E-02    0.38691E+01
    0.15800E-02    0.39429E+01
    0.16119E-02    0.40180E+01
    0.16445E-02    0.40945E+01
    0.16777E-02    0.41722E+01
    0.17116E-02    0.42513E+01
    0.17462E-02    0.43318E+01
    0.17814E-02    0.44137E+01
    0.18174E-02    0.44970E+01
    0.18541E-02    0.45816E+01
    0.18916E-02    0.46677E+01
    0.19298E-02    0.47553E+01
    0.19688E-02    0.48443E+01
    0.20086E-02    0.49348E+01
    0.20491E-02    0.50267E+01
    0.20905E-02    0.51202E+01
    0.21328E-02    0.52152E+01
    0.21758E-02    0.53116E+01
    0.22198E-02    0.54097E+01
    0.22646E-02    0.55092E+01
    0.23104E-02    0.56103E+01
    0.23571E-02    0.57130E+01
    0.24047E-02    0.58173E+01
    0.24533E-02    0.59231E+01
    0.25028E-02    0.60305E+01
    0.25534E-02    0.61395E+01
    0.26050E-02    0.62500E+01
    0.26576E-02    0.63622E+01
    0.27113E-02    0.64760E+01
    0.27660E-02    0.65913E+01
    0.28219E-02    0.67083E+01
    0.28789E-02    0.68268E+01
    0.29371E-02    0.69470E+01
    0.29964E-02    0.70687E+01
    0.30569E-02    0.71920E+01
    0.31187E-02    0.73168E+01
    0.31817E-02    0.74432E+01
    0.32460E-02    0.75712E+01
    0.33115E-02    0.77007E+01
    0.33784E-02    0.78317E+01
    0.34467E-02    0.79642E+01
    0.35163E-02    0.80983E+01
    0.35874E-02    0.82337E+01
    0.36598E-02    0.83707E+01
    0.37338E-02    0.85090E+01
    0.38092E-02    0.86487E+01
    0.38861E-02    0.87899E+01
    0.39646E-02    0.89323E+01
    0.40447E-02    0.90761E+01
    0.41264E-02    0.92211E+01
    0.42098E-02    0.93674E+01
    0.42948E-02    0.95149E+01
    0.43816E-02    0.96635E+01
    0.44701E-02    0.98133E+01
    0.45604E-02    0.99641E+01
    0.46525E-02    0.10116E+02
    0.47465E-02    0.10269E+02
    0.48424E-02    0.10423E+02
    0.49402E-02    0.10577E+02
    0.50400E-02    0.10733E+02
    0.51419E-02    0.10889E+02
    0.52457E-02    0.11046E+02
    0.53517E-02    0.11204E+02
    0.54598E-02    0.11363E+02
    0.55701E-02    0.11521E+02
    0.56826E-02    0.11681E+02
    0.57974E-02    0.11841E+02
    0.59145E-02    0.12001E+02
    0.60340E-02    0.12161E+02
    0.61559E-02    0.12322E+02
    0.62803E-02    0.12483E+02
    0.64072E-02    0.12644E+02
    0.65366E-02    0.12805E+02
    0.66686E-02    0.12966E+02
    0.68033E-02    0.13126E+02
    0.69408E-02    0.13286E+02
    0.70810E-02    0.13446E+02
    0.72240E-02    0.13606E+02
    0.73700E-02    0.13765E+02
    0.75189E-02    0.13923E+02
    0.76708E-02    0.14081E+02
    0.78257E-02    0.14237E+02
    0.79838E-02    0.14393E+02
    0.81451E-02    0.14547E+02
    0.83096E-02    0.14701E+02
    0.84775E-02    0.14852E+02
    0.86488E-02    0.15003E+02
    0.88235E-02    0.15151E+02
    0.90017E-02    0.15298E+02
    0.91836E-02    0.15443E+02
    0.93691E-02    0.15586E+02
    0.95583E-02    0.15727E+02
    0.97514E-02    0.15865E+02
    0.99484E-02    0.16001E+02
    0.10149E-01    0.16134E+02
    0.10354E-01    0.16264E+02
    0.10564E-01    0.16391E+02
    0.10777E-01    0.16514E+02
    0.10995E-01    0.16635E+02
    0.11217E-01    0.16751E+02
    0.11443E-01    0.16864E+02
    0.11675E-01    0.16973E+02
    0.11910E-01    0.17078E+02
    0.12151E-01    0.17178E+02
    0.12397E-01    0.17274E+02
    0.12647E-01    0.17365E+02
    0.12902E-01    0.17451E+02
    0.13163E-01    0.17532E+02
    0.13429E-01    0.17608E+02
    0.13700E-01    0.17678E+02
    0.13977E-01    0.17742E+02
    0.14259E-01    0.17800E+02
    0.14547E-01    0.17852E+02
    0.14841E-01    0.17898E+02
    0.15141E-01    0.17937E+02
    0.15447E-01    0.17970E+02
    0.15759E-01    0.17995E+02
    0.16077E-01    0.18013E+02
    0.16402E-01    0.18024E+02
    0.16734E-01    0.18028E+02
    0.17072E-01    0.18024E+02
    0.17416E-01    0.18011E+02
    0.17768E-01    0.17991E+02
    0.18127E-01    0.17963E+02
    0.18493E-01    0.17927E+02
    0.18867E-01    0.17882E+02
    0.19248E-01    0.17829E+02
    0.19637E-01    0.17767E+02
    0.20034E-01    0.17696E+02
    0.20438E-01    0.17617E+02
    0.20851E-01    0.17529E+02
    0.21272E-01    0.17432E+02
    0.21702E-01    0.17327E+02
    0.22141E-01    0.17213E+02
    0.22588E-01    0.17090E+02
    0.23044E-01    0.16958E+02
    0.23510E-01    0.16819E+02
    0.23985E-01    0.16670E+02
    0.24469E-01    0.16514E+02
    0.24964E-01    0.16350E+02
    0.25468E-01    0.16178E+02
    0.25982E-01    0.15998E+02
    0.26507E-01    0.15812E+02
    0.27043E-01    0.15618E+02
    0.27589E-01    0.15419E+02
    0.28146E-01    0.15213E+02
    0.28715E-01    0.15001E+02
    0.29295E-01    0.14785E+02
    0.29887E-01    0.14564E+02
    0.30490E-01    0.14338E+02
    0.31106E-01    0.14109E+02
    0.31735E-01    0.13877E+02
    0.32376E-01    0.13643E+02
    0.33030E-01    0.13407E+02
    0.33697E-01    0.13170E+02
    0.34378E-01    0.12932E+02
    0.35072E-01    0.12695E+02
    0.35781E-01    0.12458E+02
    0.36504E-01    0.12223E+02
    0.37241E-01    0.11991E+02
    0.37993E-01    0.11760E+02
    0.38761E-01    0.11534E+02
    0.39544E-01    0.11311E+02
    0.40343E-01    0.11093E+02
    0.41158E-01    0.10880E+02
    0.41989E-01    0.10673E+02
    0.42838E-01    0.10472E+02
    0.43703E-01    0.10278E+02
    0.44586E-01    0.10090E+02
    0.45486E-01    0.99092E+01
    0.46405E-01    0.97357E+01
    0.47343E-01    0.95696E+01
    0.48299E-01    0.94108E+01
    0.49275E-01    0.92593E+01
    0.50270E-01    0.91150E+01
    0.51286E-01    0.89774E+01
    0.52322E-01    0.88464E+01
    0.53379E-01    0.87213E+01
    0.54457E-01    0.86015E+01
    0.55557E-01    0.84865E+01
    0.56680E-01    0.83753E+01
    0.57825E-01    0.82671E+01
    0.58993E-01    0.81610E+01
    0.60184E-01    0.80557E+01
    0.61400E-01    0.79504E+01
    0.62641E-01    0.78437E+01
    0.63906E-01    0.77345E+01
    0.65197E-01    0.76218E+01
    0.66514E-01    0.75043E+01
    0.67858E-01    0.73812E+01
    0.69229E-01    0.72514E+01
    0.70627E-01    0.71144E+01
    0.72054E-01    0.69695E+01
    0.73510E-01    0.68164E+01
    0.74994E-01    0.66551E+01
    0.76509E-01    0.64857E+01
    0.78055E-01    0.63089E+01
    0.79632E-01    0.61256E+01
    0.81241E-01    0.59369E+01
    0.82882E-01    0.57443E+01
    0.84556E-01    0.55493E+01
    0.86264E-01    0.53538E+01
    0.88007E-01    0.51597E+01
    0.89785E-01    0.49692E+01
    0.91598E-01    0.47841E+01
    0.93449E-01    0.46063E+01
    0.95337E-01    0.44376E+01
    0.97263E-01    0.42794E+01
    0.99227E-01    0.41328E+01
    0.10123E+00    0.39988E+01
    0.10328E+00    0.38776E+01
    0.10536E+00    0.37692E+01
    0.10749E+00    0.36731E+01
    0.10966E+00    0.35883E+01
    0.11188E+00    0.35135E+01
    0.11414E+00    0.34469E+01
    0.11644E+00    0.33862E+01
    0.11880E+00    0.33291E+01
    0.12120E+00    0.32729E+01
    0.12365E+00    0.32152E+01
    0.12614E+00    0.31535E+01
    0.12869E+00    0.30858E+01
    0.13129E+00    0.30105E+01
    0.13394E+00    0.29268E+01
    0.13665E+00    0.28348E+01
    0.13941E+00    0.27352E+01
    0.14223E+00    0.26297E+01
    0.14510E+00    0.25204E+01
    0.14803E+00    0.24101E+01
    0.15102E+00    0.23017E+01
    0.15407E+00    0.21981E+01
    0.15718E+00    0.21018E+01
    0.16036E+00    0.20147E+01
    0.16360E+00    0.19379E+01
    0.16690E+00    0.18718E+01
    0.17028E+00    0.18159E+01
    0.17371E+00    0.17686E+01
    0.17722E+00    0.17279E+01
    0.18080E+00    0.16911E+01
    0.18446E+00    0.16553E+01
    0.18818E+00    0.16177E+01
    0.19198E+00    0.15761E+01
    0.19586E+00    0.15291E+01
    0.19982E+00    0.14763E+01
    0.20386E+00    0.14184E+01
    0.20797E+00    0.13573E+01
    0.21218E+00    0.12953E+01
    0.21646E+00    0.12352E+01
    0.22083E+00    0.11793E+01
    0.22530E+00    0.11294E+01
    0.22985E+00    0.10862E+01
    0.23449E+00    0.10496E+01
    0.23923E+00    0.10183E+01
    0.24406E+00    0.99034E+00
    0.24899E+00    0.96357E+00
    0.25402E+00    0.93586E+00
    0.25915E+00    0.90569E+00
    0.26439E+00    0.87256E+00
    0.26973E+00    0.83699E+00
    0.27518E+00    0.80033E+00
    0.28074E+00    0.76437E+00
    0.28641E+00    0.73078E+00
    0.29219E+00    0.70068E+00
    0.29810E+00    0.67434E+00
    0.30412E+00    0.65119E+00
    0.31026E+00    0.62999E+00
    0.31653E+00    0.60936E+00
    0.32292E+00    0.58812E+00
    0.32945E+00    0.56577E+00
    0.33610E+00    0.54251E+00
    0.34289E+00    0.51918E+00
    0.34982E+00    0.49680E+00
    0.35689E+00    0.47615E+00
    0.36409E+00    0.45748E+00
    0.37145E+00    0.44049E+00
    0.37895E+00    0.42446E+00
    0.38661E+00    0.40866E+00
    0.39442E+00    0.39266E+00
    0.40239E+00    0.37650E+00
    0.41052E+00    0.36058E+00
    0.41881E+00    0.34541E+00
    0.42727E+00    0.33127E+00
    0.43590E+00    0.31815E+00
    0.44471E+00    0.30572E+00
    0.45369E+00    0.29364E+00
    0.46286E+00    0.28170E+00
    0.47221E+00    0.26994E+00
    0.48174E+00    0.25858E+00
    0.49148E+00    0.24780E+00
    0.50141E+00    0.23764E+00
    0.51153E+00    0.22796E+00
    0.52187E+00    0.21860E+00
    0.53241E+00    0.20949E+00
    0.54317E+00    0.20066E+00
    0.55414E+00    0.19219E+00
    0.56533E+00    0.18412E+00
    0.57675E+00    0.17642E+00
    0.58840E+00    0.16901E+00
    0.60029E+00    0.16188E+00
    0.61242E+00    0.15503E+00
    0.62479E+00    0.14844E+00
    0.63741E+00    0.14210E+00
    0.65029E+00    0.13602E+00
    0.66342E+00    0.13019E+00
    0.67683E+00    0.12459E+00
    0.69050E+00    0.11922E+00
    0.70445E+00    0.11408E+00
    0.71868E+00    0.10914E+00
    0.73320E+00    0.10442E+00
    0.74801E+00    0.99885E-01
    0.76312E+00    0.95542E-01
    0.77854E+00    0.91380E-01
    0.79426E+00    0.87391E-01
    0.81031E+00    0.83569E-01
    0.82668E+00    0.79906E-01
    0.84338E+00    0.76395E-01
    0.86041E+00    0.73032E-01
    0.87780E+00    0.69810E-01
    0.89553E+00    0.66723E-01
    0.91362E+00    0.63767E-01
    0.93208E+00    0.60936E-01
    0.95091E+00    0.58225E-01
    0.97011E+00    0.55630E-01
    0.98971E+00    0.53146E-01
    0.10097E+01    0.50768E-01
    0.10301E+01    0.48493E-01
    0.10509E+01    0.46315E-01
    0.10721E+01    0.44232E-01
    0.10938E+01    0.42239E-01
    0.11159E+01    0.40333E-01
    0.11384E+01    0.38509E-01
    0.11614E+01    0.36765E-01
    0.11849E+01    0.35098E-01
    0.12088E+01    0.33503E-01
    0.12333E+01    0.31978E-01
    0.12582E+01    0.30520E-01
    0.12836E+01    0.29126E-01
    0.13095E+01    0.27794E-01
    0.13360E+01    0.26521E-01
    0.13630E+01    0.25304E-01
    0.13905E+01    0.24141E-01
    0.14186E+01    0.23030E-01
    0.14472E+01    0.21968E-01
    0.14765E+01    0.20954E-01
    0.15063E+01    0.19985E-01
    0.15367E+01    0.19060E-01
    0.15678E+01    0.18176E-01
    0.15994E+01    0.17332E-01
    0.16318E+01    0.16526E-01
    0.16647E+01    0.15757E-01
    0.16984E+01    0.15022E-01
    0.17327E+01    0.14320E-01
    0.17677E+01    0.13651E-01
    0.18034E+01    0.13011E-01
    0.18398E+01    0.12401E-01
    0.18770E+01    0.11819E-01
    0.19149E+01    0.11264E-01
    0.19536E+01    0.10733E-01
    0.19930E+01    0.10227E-01
    0.20333E+01    0.97448E-02
    0.20744E+01    0.92843E-02
    0.21163E+01    0.88450E-02
    0.21590E+01    0.84260E-02
    0.22026E+01    0.80264E-02
    0.22471E+01    0.76453E-02
    0.22925E+01    0.72818E-02
    0.23388E+01    0.69352E-02
    0.23861E+01    0.66047E-02
    0.24343E+01    0.62896E-02
    0.24835E+01    0.59891E-02
    0.25336E+01    0.57027E-02
    0.25848E+01    0.54297E-02
    0.26370E+01    0.51695E-02
    0.26903E+01    0.49214E-02
    0.27447E+01    0.46850E-02
    0.28001E+01    0.44598E-02
    0.28567E+01    0.42451E-02
    0.29144E+01    0.40405E-02
    0.29733E+01    0.38456E-02
    0.30333E+01    0.36599E-02
    0.30946E+01    0.34829E-02
    0.31571E+01    0.33144E-02
    0.32209E+01    0.31538E-02
    0.32860E+01    0.30009E-02
    0.33523E+01    0.28553E-02
    0.34201E+01    0.27165E-02
    0.34892E+01    0.25844E-02
    0.35596E+01    0.24586E-02
    0.36316E+01    0.23388E-02
    0.37049E+01    0.22247E-02
    0.37798E+01    0.21161E-02
    0.38561E+01    0.20127E-02
    0.39340E+01    0.19143E-02
    0.40135E+01    0.18205E-02
    0.40946E+01    0.17313E-02
    0.41773E+01    0.16464E-02
    0.42617E+01    0.15656E-02
    0.43478E+01    0.14887E-02
    0.44356E+01    0.14155E-02
    0.45252E+01    0.13458E-02
    0.46166E+01    0.12795E-02
    0.47099E+01    0.12164E-02
    0.48050E+01    0.11564E-02
    0.49021E+01    0.10993E-02
    0.50011E+01    0.10449E-02
    0.51021E+01    0.99324E-03
    0.52052E+01    0.94407E-03
    0.53104E+01    0.89729E-03
    0.54176E+01    0.85279E-03
    0.55271E+01    0.81046E-03
    0.56387E+01    0.77021E-03
    0.57526E+01    0.73192E-03
    0.58689E+01    0.69551E-03
    0.59874E+01    0.66088E-03
    0.61084E+01    0.62795E-03
    0.62318E+01    0.59664E-03
    0.63577E+01    0.56687E-03
    0.64861E+01    0.53856E-03
    0.66171E+01    0.51165E-03
    0.67508E+01    0.48606E-03
    0.68872E+01    0.46173E-03
    0.70263E+01    0.43861E-03
    0.71682E+01    0.41662E-03
    0.73130E+01    0.39573E-03
    0.74608E+01    0.37586E-03
    0.76115E+01    0.35699E-03
    0.77653E+01    0.33904E-03
    0.79221E+01    0.32199E-03
    0.80822E+01    0.30578E-03
    0.82454E+01    0.29038E-03
    0.84120E+01    0.27575E-03
    0.85819E+01    0.26184E-03
    0.87553E+01    0.24863E-03
    0.89322E+01    0.23607E-03
    0.91126E+01    0.22414E-03
    0.92967E+01    0.21281E-03
    0.94845E+01    0.20204E-03
    0.96761E+01    0.19181E-03
    0.98716E+01    0.18210E-03
    0.10071E+02    0.17286E-03
    0.10274E+02    0.16410E-03
    0.10482E+02    0.15577E-03
    0.10694E+02    0.14786E-03
    0.10910E+02    0.14034E-03
    0.11130E+02    0.13321E-03
    0.11355E+02    0.12643E-03
    0.11584E+02    0.11999E-03
    0.11818E+02    0.11388E-03
    0.12057E+02    0.10808E-03
    0.12301E+02    0.10256E-03
    0.12549E+02    0.97330E-04
    0.12803E+02    0.92361E-04
    0.13061E+02    0.87642E-04
    0.13325E+02    0.83163E-04
    0.13594E+02    0.78909E-04
    0.13869E+02    0.74871E-04
    0.14149E+02    0.71038E-04
    0.14435E+02    0.67399E-04
    0.14727E+02    0.63944E-04
    0.15024E+02    0.60665E-04
    0.15328E+02    0.57552E-04
    0.15637E+02    0.54597E-04
    0.15953E+02    0.51792E-04
    0.16275E+02    0.49131E-04
    0.16604E+02    0.46604E-04
    0.16940E+02    0.44207E-04
    0.17282E+02    0.41931E-04
    0.17631E+02    0.39772E-04
    0.17987E+02    0.37722E-04
    0.18351E+02    0.35777E-04
    0.18721E+02    0.33932E-04
    0.19099E+02    0.32181E-04
    0.19485E+02    0.30519E-04
    0.19879E+02    0.28943E-04
    0.20280E+02    0.27447E-04
    0.20690E+02    0.26028E-04
    0.21108E+02    0.24681E-04
    0.21535E+02    0.23404E-04
    0.21970E+02    0.22192E-04
    0.22413E+02    0.21042E-04
    0.22866E+02    0.19952E-04
    0.23328E+02    0.18917E-04
    0.23799E+02    0.17936E-04
    0.24280E+02    0.17005E-04
    0.24771E+02    0.16122E-04
    0.25271E+02    0.15284E-04
    0.25782E+02    0.14490E-04
    0.26302E+02    0.13736E-04
    0.26834E+02    0.13022E-04
    0.27376E+02    0.12344E-04
    0.27929E+02    0.11701E-04
    0.28493E+02    0.11092E-04
    0.29069E+02    0.10514E-04
    0.29656E+02    0.99654E-05
    0.30255E+02    0.94456E-05
    0.30866E+02    0.89527E-05
    0.31490E+02    0.84853E-05
    0.32126E+02    0.80421E-05
    0.32775E+02    0.76218E-05
    0.33437E+02    0.72234E-05
    0.34112E+02    0.68456E-05
    0.34801E+02    0.64874E-05
    0.35504E+02    0.61479E-05
    0.36222E+02    0.58259E-05
    0.36953E+02    0.55207E-05
    0.37700E+02    0.52314E-05
    0.38462E+02    0.49571E-05
    0.39239E+02    0.46971E-05
    0.40031E+02    0.44506E-05
    0.40840E+02    0.42169E-05
    0.41665E+02    0.39954E-05
    0.42507E+02    0.37855E-05
    0.43365E+02    0.35865E-05
    0.44241E+02    0.33979E-05
    0.45135E+02    0.32192E-05
    0.46047E+02    0.30497E-05
    0.46977E+02    0.28892E-05
    0.47926E+02    0.27370E-05
    0.48894E+02    0.25927E-05
    0.49882E+02    0.24561E-05
    0.50890E+02    0.23265E-05
    0.51918E+02    0.22038E-05
    0.52966E+02    0.20875E-05
    0.54036E+02    0.19772E-05
    0.55128E+02    0.18728E-05
    0.56242E+02    0.17738E-05
    0.57378E+02    0.16800E-05
    0.58537E+02    0.15911E-05
    0.59720E+02    0.15069E-05
    0.60926E+02    0.14272E-05
    0.62157E+02    0.13516E-05
    0.63412E+02    0.12800E-05
    0.64693E+02    0.12121E-05
    0.66000E+02    0.11478E-05
    0.67334E+02    0.10869E-05
    0.68694E+02    0.10293E-05
    0.70082E+02    0.97460E-06
    0.71497E+02    0.92283E-06
    0.72942E+02    0.87379E-06
    0.74415E+02    0.82733E-06
    0.75918E+02    0.78332E-06
    0.77452E+02    0.74163E-06
    0.79017E+02    0.70215E-06
    0.80613E+02    0.66475E-06
    0.82241E+02    0.62932E-06
    0.83903E+02    0.59577E-06
    0.85598E+02    0.56399E-06
    0.87327E+02    0.53389E-06
    0.89091E+02    0.50539E-06
    0.90891E+02    0.47839E-06
    0.92727E+02    0.45282E-06
    0.94600E+02    0.42861E-06
    0.96511E+02    0.40568E-06
    0.98461E+02    0.38396E-06
    0.10045E+03    0.36340E-06
    0.10248E+03    0.34393E-06
    0.10455E+03    0.32549E-06
    0.10666E+03    0.30803E-06
    0.10882E+03    0.29150E-06
    0.11101E+03    0.27585E-06
    0.11326E+03    0.26103E-06
    0.11554E+03    0.24700E-06
    0.11788E+03    0.23371E-06
    0.12026E+03    0.22113E-06
    0.12269E+03    0.20922E-06
    0.12517E+03    0.19794E-06
    0.12770E+03    0.18727E-06
    0.13028E+03    0.17716E-06
    0.13291E+03    0.16760E-06
    0.13559E+03    0.15854E-06
    0.13833E+03    0.14997E-06
    0.14113E+03    0.14185E-06
    0.14398E+03    0.13417E-06
    0.14689E+03    0.12690E-06
    0.14985E+03    0.12002E-06
    0.15288E+03    0.11351E-06
    0.15597E+03    0.10735E-06
    0.15912E+03    0.10152E-06
    0.16233E+03    0.95997E-07
    0.16561E+03    0.90773E-07
    0.16896E+03    0.85828E-07
    0.17237E+03    0.81148E-07
    0.17585E+03    0.76719E-07
    0.17941E+03    0.72527E-07
    0.18303E+03    0.68559E-07
    0.18673E+03    0.64804E-07
    0.19050E+03    0.61250E-07
    0.19435E+03    0.57887E-07
    0.19828E+03    0.54705E-07
    0.20228E+03    0.51696E-07
    0.20637E+03    0.48849E-07
    0.21054E+03    0.46158E-07
    0.21479E+03    0.43614E-07
    0.21913E+03    0.41210E-07
    0.22356E+03    0.38937E-07
