    0.10000E-03    0.26681E+00
    0.10202E-03    0.27209E+00
    0.10408E-03    0.27747E+00
    0.10618E-03    0.28295E+00
    0.10833E-03    0.28855E+00
    0.11052E-03    0.29425E+00
    0.11275E-03    0.30007E+00
    0.11503E-03    0.30600E+00
    0.11735E-03    0.31205E+00
    0.11972E-03    0.31822E+00
    0.12214E-03    0.32451E+00
    0.12461E-03    0.33092E+00
    0.12712E-03    0.33747E+00
    0.12969E-03    0.34414E+00
    0.13231E-03    0.35094E+00
    0.13499E-03    0.35788E+00
    0.13771E-03    0.36495E+00
    0.14049E-03    0.37217E+00
    0.14333E-03    0.37952E+00
    0.14623E-03    0.38703E+00
    0.14918E-03    0.39468E+00
    0.15220E-03    0.40248E+00
    0.15527E-03    0.41043E+00
    0.15841E-03    0.41854E+00
    0.16161E-03    0.42682E+00
    0.16487E-03    0.43525E+00
    0.16820E-03    0.44386E+00
    0.17160E-03    0.45263E+00
    0.17507E-03    0.46157E+00
    0.17860E-03    0.47070E+00
    0.18221E-03    0.48000E+00
    0.18589E-03    0.48949E+00
    0.18965E-03    0.49916E+00
    0.19348E-03    0.50902E+00
    0.19739E-03    0.51908E+00
    0.20138E-03    0.52934E+00
    0.20544E-03    0.53980E+00
    0.20959E-03    0.55047E+00
    0.21383E-03    0.56135E+00
    0.21815E-03    0.57244E+00
    0.22255E-03    0.58375E+00
    0.22705E-03    0.59528E+00
    0.23164E-03    0.60704E+00
    0.23632E-03    0.61904E+00
    0.24109E-03    0.63127E+00
    0.24596E-03    0.64374E+00
    0.25093E-03    0.65646E+00
    0.25600E-03    0.66942E+00
    0.26117E-03    0.68265E+00
    0.26645E-03    0.69613E+00
    0.27183E-03    0.70988E+00
    0.27732E-03    0.72390E+00
    0.28292E-03    0.73820E+00
    0.28864E-03    0.75278E+00
    0.29447E-03    0.76764E+00
    0.30042E-03    0.78280E+00
    0.30649E-03    0.79826E+00
    0.31268E-03    0.81402E+00
    0.31899E-03    0.83010E+00
    0.32544E-03    0.84648E+00
    0.33201E-03    0.86320E+00
    0.33872E-03    0.88023E+00
    0.34556E-03    0.89761E+00
    0.35254E-03    0.91533E+00
    0.35966E-03    0.93339E+00
    0.36693E-03    0.95181E+00
    0.37434E-03    0.97059E+00
    0.38190E-03    0.98975E+00
    0.38962E-03    0.10093E+01
    0.39749E-03    0.10292E+01
    0.40552E-03    0.10495E+01
    0.41371E-03    0.10702E+01
    0.42207E-03    0.10913E+01
    0.43060E-03    0.11128E+01
    0.43929E-03    0.11348E+01
    0.44817E-03    0.11571E+01
    0.45722E-03    0.11799E+01
    0.46646E-03    0.12032E+01
    0.47588E-03    0.12269E+01
    0.48550E-03    0.12511E+01
    0.49530E-03    0.12757E+01
    0.50531E-03    0.13009E+01
    0.51552E-03    0.13265E+01
    0.52593E-03    0.13526E+01
    0.53656E-03    0.13793E+01
    0.54739E-03    0.14064E+01
    0.55845E-03    0.14341E+01
    0.56973E-03    0.14623E+01
    0.58124E-03    0.14911E+01
    0.59299E-03    0.15204E+01
    0.60496E-03    0.15503E+01
    0.61719E-03    0.15808E+01
    0.62965E-03    0.16119E+01
    0.64237E-03    0.16436E+01
    0.65535E-03    0.16759E+01
    0.66859E-03    0.17088E+01
    0.68210E-03    0.17424E+01
    0.69588E-03    0.17766E+01
    0.70993E-03    0.18115E+01
    0.72427E-03    0.18470E+01
    0.73891E-03    0.18833E+01
    0.75383E-03    0.19202E+01
    0.76906E-03    0.19579E+01
    0.78460E-03    0.19962E+01
    0.80045E-03    0.20354E+01
    0.81662E-03    0.20752E+01
    0.83311E-03    0.21158E+01
    0.84994E-03    0.21573E+01
    0.86711E-03    0.21995E+01
    0.88463E-03    0.22425E+01
    0.90250E-03    0.22863E+01
    0.92073E-03    0.23310E+01
    0.93933E-03    0.23765E+01
    0.95831E-03    0.24229E+01
    0.97767E-03    0.24701E+01
    0.99742E-03    0.25183E+01
    0.10176E-02    0.25673E+01
    0.10381E-02    0.26173E+01
    0.10591E-02    0.26683E+01
    0.10805E-02    0.27202E+01
    0.11023E-02    0.27730E+01
    0.11246E-02    0.28269E+01
    0.11473E-02    0.28818E+01
    0.11705E-02    0.29376E+01
    0.11941E-02    0.29946E+01
    0.12182E-02    0.30525E+01
    0.12429E-02    0.31116E+01
    0.12680E-02    0.31717E+01
    0.12936E-02    0.32330E+01
    0.13197E-02    0.32954E+01
    0.13464E-02    0.33589E+01
    0.13736E-02    0.34236E+01
    0.14013E-02    0.34894E+01
    0.14296E-02    0.35564E+01
    0.14585E-02    0.36247E+01
    0.14880E-02    0.36942E+01
    0.15180E-02    0.37649E+01
    0.15487E-02    0.38369E+01
    0.15800E-02    0.39101E+01
    0.16119E-02    0.39847E+01
    0.16445E-02    0.40605E+01
    0.16777E-02    0.41377E+01
    0.17116E-02    0.42163E+01
    0.17462E-02    0.42962E+01
    0.17814E-02    0.43774E+01
    0.18174E-02    0.44601E+01
    0.18541E-02    0.45442E+01
    0.18916E-02    0.46297E+01
    0.19298E-02    0.47166E+01
    0.19688E-02    0.48050E+01
    0.20086E-02    0.48949E+01
    0.20491E-02    0.49862E+01
    0.20905E-02    0.50790E+01
    0.21328E-02    0.51734E+01
    0.21758E-02    0.52692E+01
    0.22198E-02    0.53666E+01
    0.22646E-02    0.54655E+01
    0.23104E-02    0.55660E+01
    0.23571E-02    0.56680E+01
    0.24047E-02    0.57716E+01
    0.24533E-02    0.58768E+01
    0.25028E-02    0.59835E+01
    0.25534E-02    0.60919E+01
    0.26050E-02    0.62018E+01
    0.26576E-02    0.63133E+01
    0.27113E-02    0.64264E+01
    0.27660E-02    0.65411E+01
    0.28219E-02    0.66574E+01
    0.28789E-02    0.67753E+01
    0.29371E-02    0.68947E+01
    0.29964E-02    0.70158E+01
    0.30569E-02    0.71384E+01
    0.31187E-02    0.72626E+01
    0.31817E-02    0.73884E+01
    0.32460E-02    0.75157E+01
    0.33115E-02    0.76446E+01
    0.33784E-02    0.77749E+01
    0.34467E-02    0.79068E+01
    0.35163E-02    0.80402E+01
    0.35874E-02    0.81751E+01
    0.36598E-02    0.83113E+01
    0.37338E-02    0.84490E+01
    0.38092E-02    0.85882E+01
    0.38861E-02    0.87286E+01
    0.39646E-02    0.88704E+01
    0.40447E-02    0.90136E+01
    0.41264E-02    0.91579E+01
    0.42098E-02    0.93036E+01
    0.42948E-02    0.94504E+01
    0.43816E-02    0.95984E+01
    0.44701E-02    0.97475E+01
    0.45604E-02    0.98977E+01
    0.46525E-02    0.10049E+02
    0.47465E-02    0.10201E+02
    0.48424E-02    0.10354E+02
    0.49402E-02    0.10508E+02
    0.50400E-02    0.10663E+02
    0.51419E-02    0.10819E+02
    0.52457E-02    0.10975E+02
    0.53517E-02    0.11132E+02
    0.54598E-02    0.11290E+02
    0.55701E-02    0.11448E+02
    0.56826E-02    0.11606E+02
    0.57974E-02    0.11765E+02
    0.59145E-02    0.11924E+02
    0.60340E-02    0.12084E+02
    0.61559E-02    0.12244E+02
    0.62803E-02    0.12404E+02
    0.64072E-02    0.12563E+02
    0.65366E-02    0.12723E+02
    0.66686E-02    0.12883E+02
    0.68033E-02    0.13042E+02
    0.69408E-02    0.13202E+02
    0.70810E-02    0.13360E+02
    0.72240E-02    0.13519E+02
    0.73700E-02    0.13676E+02
    0.75189E-02    0.13833E+02
    0.76708E-02    0.13989E+02
    0.78257E-02    0.14145E+02
    0.79838E-02    0.14299E+02
    0.81451E-02    0.14452E+02
    0.83096E-02    0.14604E+02
    0.84775E-02    0.14754E+02
    0.86488E-02    0.14903E+02
    0.88235E-02    0.15051E+02
    0.90017E-02    0.15196E+02
    0.91836E-02    0.15340E+02
    0.93691E-02    0.15481E+02
    0.95583E-02    0.15620E+02
    0.97514E-02    0.15757E+02
    0.99484E-02    0.15892E+02
    0.10149E-01    0.16023E+02
    0.10354E-01    0.16152E+02
    0.10564E-01    0.16277E+02
    0.10777E-01    0.16400E+02
    0.10995E-01    0.16519E+02
    0.11217E-01    0.16634E+02
    0.11443E-01    0.16745E+02
    0.11675E-01    0.16853E+02
    0.11910E-01    0.16956E+02
    0.12151E-01    0.17055E+02
    0.12397E-01    0.17150E+02
    0.12647E-01    0.17240E+02
    0.12902E-01    0.17325E+02
    0.13163E-01    0.17404E+02
    0.13429E-01    0.17479E+02
    0.13700E-01    0.17548E+02
    0.13977E-01    0.17611E+02
    0.14259E-01    0.17668E+02
    0.14547E-01    0.17719E+02
    0.14841E-01    0.17764E+02
    0.15141E-01    0.17802E+02
    0.15447E-01    0.17834E+02
    0.15759E-01    0.17859E+02
    0.16077E-01    0.17876E+02
    0.16402E-01    0.17887E+02
    0.16734E-01    0.17889E+02
    0.17072E-01    0.17885E+02
    0.17416E-01    0.17872E+02
    0.17768E-01    0.17852E+02
    0.18127E-01    0.17823E+02
    0.18493E-01    0.17786E+02
    0.18867E-01    0.17741E+02
    0.19248E-01    0.17688E+02
    0.19637E-01    0.17626E+02
    0.20034E-01    0.17556E+02
    0.20438E-01    0.17477E+02
    0.20851E-01    0.17389E+02
    0.21272E-01    0.17292E+02
    0.21702E-01    0.17187E+02
    0.22141E-01    0.17073E+02
    0.22588E-01    0.16951E+02
    0.23044E-01    0.16820E+02
    0.23510E-01    0.16681E+02
    0.23985E-01    0.16534E+02
    0.24469E-01    0.16378E+02
    0.24964E-01    0.16215E+02
    0.25468E-01    0.16044E+02
    0.25982E-01    0.15866E+02
    0.26507E-01    0.15680E+02
    0.27043E-01    0.15488E+02
    0.27589E-01    0.15290E+02
    0.28146E-01    0.15085E+02
    0.28715E-01    0.14875E+02
    0.29295E-01    0.14660E+02
    0.29887E-01    0.14441E+02
    0.30490E-01    0.14217E+02
    0.31106E-01    0.13990E+02
    0.31735E-01    0.13760E+02
    0.32376E-01    0.13527E+02
    0.33030E-01    0.13293E+02
    0.33697E-01    0.13057E+02
    0.34378E-01    0.12822E+02
    0.35072E-01    0.12586E+02
    0.35781E-01    0.12351E+02
    0.36504E-01    0.12118E+02
    0.37241E-01    0.11887E+02
    0.37993E-01    0.11659E+02
    0.38761E-01    0.11434E+02
    0.39544E-01    0.11213E+02
    0.40343E-01    0.10997E+02
    0.41158E-01    0.10785E+02
    0.41989E-01    0.10580E+02
    0.42838E-01    0.10380E+02
    0.43703E-01    0.10187E+02
    0.44586E-01    0.10001E+02
    0.45486E-01    0.98217E+01
    0.46405E-01    0.96496E+01
    0.47343E-01    0.94848E+01
    0.48299E-01    0.93273E+01
    0.49275E-01    0.91770E+01
    0.50270E-01    0.90338E+01
    0.51286E-01    0.88973E+01
    0.52322E-01    0.87673E+01
    0.53379E-01    0.86432E+01
    0.54457E-01    0.85244E+01
    0.55557E-01    0.84103E+01
    0.56680E-01    0.83000E+01
    0.57825E-01    0.81927E+01
    0.58993E-01    0.80874E+01
    0.60184E-01    0.79831E+01
    0.61400E-01    0.78786E+01
    0.62641E-01    0.77728E+01
    0.63906E-01    0.76646E+01
    0.65197E-01    0.75528E+01
    0.66514E-01    0.74364E+01
    0.67858E-01    0.73144E+01
    0.69229E-01    0.71858E+01
    0.70627E-01    0.70500E+01
    0.72054E-01    0.69064E+01
    0.73510E-01    0.67547E+01
    0.74994E-01    0.65949E+01
    0.76509E-01    0.64270E+01
    0.78055E-01    0.62518E+01
    0.79632E-01    0.60702E+01
    0.81241E-01    0.58832E+01
    0.82882E-01    0.56923E+01
    0.84556E-01    0.54990E+01
    0.86264E-01    0.53053E+01
    0.88007E-01    0.51130E+01
    0.89785E-01    0.49242E+01
    0.91598E-01    0.47407E+01
    0.93449E-01    0.45645E+01
    0.95337E-01    0.43972E+01
    0.97263E-01    0.42404E+01
    0.99227E-01    0.40951E+01
    0.10123E+00    0.39622E+01
    0.10328E+00    0.38421E+01
    0.10536E+00    0.37346E+01
    0.10749E+00    0.36393E+01
    0.10966E+00    0.35553E+01
    0.11188E+00    0.34812E+01
    0.11414E+00    0.34151E+01
    0.11644E+00    0.33550E+01
    0.11880E+00    0.32984E+01
    0.12120E+00    0.32428E+01
    0.12365E+00    0.31856E+01
    0.12614E+00    0.31245E+01
    0.12869E+00    0.30574E+01
    0.13129E+00    0.29828E+01
    0.13394E+00    0.29000E+01
    0.13665E+00    0.28089E+01
    0.13941E+00    0.27102E+01
    0.14223E+00    0.26057E+01
    0.14510E+00    0.24974E+01
    0.14803E+00    0.23881E+01
    0.15102E+00    0.22808E+01
    0.15407E+00    0.21781E+01
    0.15718E+00    0.20826E+01
    0.16036E+00    0.19962E+01
    0.16360E+00    0.19201E+01
    0.16690E+00    0.18546E+01
    0.17028E+00    0.17991E+01
    0.17371E+00    0.17523E+01
    0.17722E+00    0.17119E+01
    0.18080E+00    0.16755E+01
    0.18446E+00    0.16400E+01
    0.18818E+00    0.16028E+01
    0.19198E+00    0.15616E+01
    0.19586E+00    0.15150E+01
    0.19982E+00    0.14627E+01
    0.20386E+00    0.14054E+01
    0.20797E+00    0.13449E+01
    0.21218E+00    0.12835E+01
    0.21646E+00    0.12239E+01
    0.22083E+00    0.11685E+01
    0.22530E+00    0.11190E+01
    0.22985E+00    0.10762E+01
    0.23449E+00    0.10399E+01
    0.23923E+00    0.10088E+01
    0.24406E+00    0.98116E+00
    0.24899E+00    0.95465E+00
    0.25402E+00    0.92721E+00
    0.25915E+00    0.89735E+00
    0.26439E+00    0.86454E+00
    0.26973E+00    0.82930E+00
    0.27518E+00    0.79298E+00
    0.28074E+00    0.75735E+00
    0.28641E+00    0.72406E+00
    0.29219E+00    0.69422E+00
    0.29810E+00    0.66812E+00
    0.30412E+00    0.64517E+00
    0.31026E+00    0.62417E+00
    0.31653E+00    0.60373E+00
    0.32292E+00    0.58270E+00
    0.32945E+00    0.56056E+00
    0.33610E+00    0.53752E+00
    0.34289E+00    0.51440E+00
    0.34982E+00    0.49222E+00
    0.35689E+00    0.47176E+00
    0.36409E+00    0.45326E+00
    0.37145E+00    0.43641E+00
    0.37895E+00    0.42054E+00
    0.38661E+00    0.40489E+00
    0.39442E+00    0.38904E+00
    0.40239E+00    0.37303E+00
    0.41052E+00    0.35726E+00
    0.41881E+00    0.34222E+00
    0.42727E+00    0.32822E+00
    0.43590E+00    0.31521E+00
    0.44471E+00    0.30290E+00
    0.45369E+00    0.29093E+00
    0.46286E+00    0.27910E+00
    0.47221E+00    0.26745E+00
    0.48174E+00    0.25620E+00
    0.49148E+00    0.24551E+00
    0.50141E+00    0.23544E+00
    0.51153E+00    0.22585E+00
    0.52187E+00    0.21659E+00
    0.53241E+00    0.20756E+00
    0.54317E+00    0.19881E+00
    0.55414E+00    0.19041E+00
    0.56533E+00    0.18242E+00
    0.57675E+00    0.17479E+00
    0.58840E+00    0.16745E+00
    0.60029E+00    0.16039E+00
    0.61242E+00    0.15360E+00
    0.62479E+00    0.14707E+00
    0.63741E+00    0.14080E+00
    0.65029E+00    0.13477E+00
    0.66342E+00    0.12899E+00
    0.67683E+00    0.12344E+00
    0.69050E+00    0.11812E+00
    0.70445E+00    0.11302E+00
    0.71868E+00    0.10814E+00
    0.73320E+00    0.10345E+00
    0.74801E+00    0.98962E-01
    0.76312E+00    0.94659E-01
    0.77854E+00    0.90535E-01
    0.79426E+00    0.86583E-01
    0.81031E+00    0.82796E-01
    0.82668E+00    0.79167E-01
    0.84338E+00    0.75690E-01
    0.86041E+00    0.72357E-01
    0.87780E+00    0.69165E-01
    0.89553E+00    0.66107E-01
    0.91362E+00    0.63178E-01
    0.93208E+00    0.60373E-01
    0.95091E+00    0.57687E-01
    0.97011E+00    0.55116E-01
    0.98971E+00    0.52655E-01
    0.10097E+01    0.50299E-01
    0.10301E+01    0.48045E-01
    0.10509E+01    0.45888E-01
    0.10721E+01    0.43824E-01
    0.10938E+01    0.41849E-01
    0.11159E+01    0.39960E-01
    0.11384E+01    0.38154E-01
    0.11614E+01    0.36426E-01
    0.11849E+01    0.34773E-01
    0.12088E+01    0.33193E-01
    0.12333E+01    0.31683E-01
    0.12582E+01    0.30238E-01
    0.12836E+01    0.28857E-01
    0.13095E+01    0.27537E-01
    0.13360E+01    0.26276E-01
    0.13630E+01    0.25070E-01
    0.13905E+01    0.23918E-01
    0.14186E+01    0.22817E-01
    0.14472E+01    0.21766E-01
    0.14765E+01    0.20761E-01
    0.15063E+01    0.19801E-01
    0.15367E+01    0.18884E-01
    0.15678E+01    0.18008E-01
    0.15994E+01    0.17172E-01
    0.16318E+01    0.16374E-01
    0.16647E+01    0.15611E-01
    0.16984E+01    0.14883E-01
    0.17327E+01    0.14188E-01
    0.17677E+01    0.13525E-01
    0.18034E+01    0.12891E-01
    0.18398E+01    0.12287E-01
    0.18770E+01    0.11710E-01
    0.19149E+01    0.11159E-01
    0.19536E+01    0.10634E-01
    0.19930E+01    0.10133E-01
    0.20333E+01    0.96548E-02
    0.20744E+01    0.91985E-02
    0.21163E+01    0.87633E-02
    0.21590E+01    0.83482E-02
    0.22026E+01    0.79523E-02
    0.22471E+01    0.75747E-02
    0.22925E+01    0.72145E-02
    0.23388E+01    0.68711E-02
    0.23861E+01    0.65437E-02
    0.24343E+01    0.62315E-02
    0.24835E+01    0.59338E-02
    0.25336E+01    0.56501E-02
    0.25848E+01    0.53796E-02
    0.26370E+01    0.51217E-02
    0.26903E+01    0.48760E-02
    0.27447E+01    0.46418E-02
    0.28001E+01    0.44186E-02
    0.28567E+01    0.42059E-02
    0.29144E+01    0.40032E-02
    0.29733E+01    0.38101E-02
    0.30333E+01    0.36261E-02
    0.30946E+01    0.34508E-02
    0.31571E+01    0.32838E-02
    0.32209E+01    0.31247E-02
    0.32860E+01    0.29732E-02
    0.33523E+01    0.28289E-02
    0.34201E+01    0.26914E-02
    0.34892E+01    0.25605E-02
    0.35596E+01    0.24359E-02
    0.36316E+01    0.23172E-02
    0.37049E+01    0.22042E-02
    0.37798E+01    0.20966E-02
    0.38561E+01    0.19941E-02
    0.39340E+01    0.18966E-02
    0.40135E+01    0.18037E-02
    0.40946E+01    0.17153E-02
    0.41773E+01    0.16312E-02
    0.42617E+01    0.15511E-02
    0.43478E+01    0.14749E-02
    0.44356E+01    0.14024E-02
    0.45252E+01    0.13334E-02
    0.46166E+01    0.12677E-02
    0.47099E+01    0.12052E-02
    0.48050E+01    0.11457E-02
    0.49021E+01    0.10891E-02
    0.50011E+01    0.10353E-02
    0.51021E+01    0.98407E-03
    0.52052E+01    0.93535E-03
    0.53104E+01    0.88900E-03
    0.54176E+01    0.84491E-03
    0.55271E+01    0.80298E-03
    0.56387E+01    0.76309E-03
    0.57526E+01    0.72516E-03
    0.58689E+01    0.68908E-03
    0.59874E+01    0.65478E-03
    0.61084E+01    0.62215E-03
    0.62318E+01    0.59113E-03
    0.63577E+01    0.56163E-03
    0.64861E+01    0.53359E-03
    0.66171E+01    0.50692E-03
    0.67508E+01    0.48157E-03
    0.68872E+01    0.45747E-03
    0.70263E+01    0.43455E-03
    0.71682E+01    0.41277E-03
    0.73130E+01    0.39207E-03
    0.74608E+01    0.37239E-03
    0.76115E+01    0.35369E-03
    0.77653E+01    0.33591E-03
    0.79221E+01    0.31902E-03
    0.80822E+01    0.30296E-03
    0.82454E+01    0.28770E-03
    0.84120E+01    0.27320E-03
    0.85819E+01    0.25942E-03
    0.87553E+01    0.24633E-03
    0.89322E+01    0.23389E-03
    0.91126E+01    0.22207E-03
    0.92967E+01    0.21084E-03
    0.94845E+01    0.20018E-03
    0.96761E+01    0.19004E-03
    0.98716E+01    0.18041E-03
    0.10071E+02    0.17127E-03
    0.10274E+02    0.16258E-03
    0.10482E+02    0.15433E-03
    0.10694E+02    0.14649E-03
    0.10910E+02    0.13905E-03
    0.11130E+02    0.13198E-03
    0.11355E+02    0.12526E-03
    0.11584E+02    0.11888E-03
    0.11818E+02    0.11283E-03
    0.12057E+02    0.10708E-03
    0.12301E+02    0.10162E-03
    0.12549E+02    0.96431E-04
    0.12803E+02    0.91508E-04
    0.13061E+02    0.86833E-04
    0.13325E+02    0.82394E-04
    0.13594E+02    0.78180E-04
    0.13869E+02    0.74180E-04
    0.14149E+02    0.70382E-04
    0.14435E+02    0.66776E-04
    0.14727E+02    0.63353E-04
    0.15024E+02    0.60104E-04
    0.15328E+02    0.57020E-04
    0.15637E+02    0.54093E-04
    0.15953E+02    0.51314E-04
    0.16275E+02    0.48677E-04
    0.16604E+02    0.46174E-04
    0.16940E+02    0.43798E-04
    0.17282E+02    0.41544E-04
    0.17631E+02    0.39404E-04
    0.17987E+02    0.37374E-04
    0.18351E+02    0.35447E-04
    0.18721E+02    0.33619E-04
    0.19099E+02    0.31884E-04
    0.19485E+02    0.30238E-04
    0.19879E+02    0.28676E-04
    0.20280E+02    0.27194E-04
    0.20690E+02    0.25788E-04
    0.21108E+02    0.24453E-04
    0.21535E+02    0.23188E-04
    0.21970E+02    0.21987E-04
    0.22413E+02    0.20848E-04
    0.22866E+02    0.19767E-04
    0.23328E+02    0.18742E-04
    0.23799E+02    0.17770E-04
    0.24280E+02    0.16848E-04
    0.24771E+02    0.15973E-04
    0.25271E+02    0.15143E-04
    0.25782E+02    0.14356E-04
    0.26302E+02    0.13609E-04
    0.26834E+02    0.12901E-04
    0.27376E+02    0.12230E-04
    0.27929E+02    0.11593E-04
    0.28493E+02    0.10989E-04
    0.29069E+02    0.10417E-04
    0.29656E+02    0.98734E-05
    0.30255E+02    0.93584E-05
    0.30866E+02    0.88700E-05
    0.31490E+02    0.84069E-05
    0.32126E+02    0.79678E-05
    0.32775E+02    0.75515E-05
    0.33437E+02    0.71567E-05
    0.34112E+02    0.67824E-05
    0.34801E+02    0.64275E-05
    0.35504E+02    0.60911E-05
    0.36222E+02    0.57721E-05
    0.36953E+02    0.54697E-05
    0.37700E+02    0.51831E-05
    0.38462E+02    0.49113E-05
    0.39239E+02    0.46537E-05
    0.40031E+02    0.44095E-05
    0.40840E+02    0.41780E-05
    0.41665E+02    0.39586E-05
    0.42507E+02    0.37506E-05
    0.43365E+02    0.35534E-05
    0.44241E+02    0.33666E-05
    0.45135E+02    0.31894E-05
    0.46047E+02    0.30216E-05
    0.46977E+02    0.28625E-05
    0.47926E+02    0.27117E-05
    0.48894E+02    0.25688E-05
    0.49882E+02    0.24334E-05
    0.50890E+02    0.23051E-05
    0.51918E+02    0.21834E-05
    0.52966E+02    0.20682E-05
    0.54036E+02    0.19590E-05
    0.55128E+02    0.18555E-05
    0.56242E+02    0.17574E-05
    0.57378E+02    0.16645E-05
    0.58537E+02    0.15765E-05
    0.59720E+02    0.14930E-05
    0.60926E+02    0.14140E-05
    0.62157E+02    0.13391E-05
    0.63412E+02    0.12682E-05
    0.64693E+02    0.12009E-05
    0.66000E+02    0.11373E-05
    0.67334E+02    0.10769E-05
    0.68694E+02    0.10198E-05
    0.70082E+02    0.96561E-06
    0.71497E+02    0.91432E-06
    0.72942E+02    0.86573E-06
    0.74415E+02    0.81970E-06
    0.75918E+02    0.77610E-06
    0.77452E+02    0.73480E-06
    0.79017E+02    0.69567E-06
    0.80613E+02    0.65862E-06
    0.82241E+02    0.62352E-06
    0.83903E+02    0.59028E-06
    0.85598E+02    0.55879E-06
    0.87327E+02    0.52897E-06
    0.89091E+02    0.50073E-06
    0.90891E+02    0.47398E-06
    0.92727E+02    0.44865E-06
    0.94600E+02    0.42466E-06
    0.96511E+02    0.40194E-06
    0.98461E+02    0.38043E-06
    0.10045E+03    0.36005E-06
    0.10248E+03    0.34076E-06
    0.10455E+03    0.32250E-06
    0.10666E+03    0.30520E-06
    0.10882E+03    0.28882E-06
    0.11101E+03    0.27331E-06
    0.11326E+03    0.25863E-06
    0.11554E+03    0.24472E-06
    0.11788E+03    0.23156E-06
    0.12026E+03    0.21909E-06
    0.12269E+03    0.20729E-06
    0.12517E+03    0.19612E-06
    0.12770E+03    0.18555E-06
    0.13028E+03    0.17553E-06
    0.13291E+03    0.16606E-06
    0.13559E+03    0.15708E-06
    0.13833E+03    0.14859E-06
    0.14113E+03    0.14055E-06
    0.14398E+03    0.13294E-06
    0.14689E+03    0.12574E-06
    0.14985E+03    0.11892E-06
    0.15288E+03    0.11247E-06
    0.15597E+03    0.10636E-06
    0.15912E+03    0.10059E-06
    0.16233E+03    0.95116E-07
    0.16561E+03    0.89940E-07
    0.16896E+03    0.85041E-07
    0.17237E+03    0.80405E-07
    0.17585E+03    0.76016E-07
    0.17941E+03    0.71863E-07
    0.18303E+03    0.67932E-07
    0.18673E+03    0.64211E-07
    0.19050E+03    0.60690E-07
    0.19435E+03    0.57358E-07
    0.19828E+03    0.54205E-07
    0.20228E+03    0.51223E-07
    0.20637E+03    0.48403E-07
    0.21054E+03    0.45737E-07
    0.21479E+03    0.43216E-07
    0.21913E+03    0.40833E-07
    0.22356E+03    0.38581E-07
    0.22807E+03    0.36453E-07
