    0.10000E-03    0.26879E+00
    0.10202E-03    0.27411E+00
    0.10408E-03    0.27952E+00
    0.10618E-03    0.28505E+00
    0.10833E-03    0.29069E+00
    0.11052E-03    0.29643E+00
    0.11275E-03    0.30229E+00
    0.11503E-03    0.30827E+00
    0.11735E-03    0.31436E+00
    0.11972E-03    0.32058E+00
    0.12214E-03    0.32692E+00
    0.12461E-03    0.33338E+00
    0.12712E-03    0.33997E+00
    0.12969E-03    0.34669E+00
    0.13231E-03    0.35354E+00
    0.13499E-03    0.36053E+00
    0.13771E-03    0.36766E+00
    0.14049E-03    0.37493E+00
    0.14333E-03    0.38234E+00
    0.14623E-03    0.38989E+00
    0.14918E-03    0.39760E+00
    0.15220E-03    0.40546E+00
    0.15527E-03    0.41347E+00
    0.15841E-03    0.42165E+00
    0.16161E-03    0.42998E+00
    0.16487E-03    0.43848E+00
    0.16820E-03    0.44715E+00
    0.17160E-03    0.45598E+00
    0.17507E-03    0.46500E+00
    0.17860E-03    0.47419E+00
    0.18221E-03    0.48356E+00
    0.18589E-03    0.49311E+00
    0.18965E-03    0.50286E+00
    0.19348E-03    0.51280E+00
    0.19739E-03    0.52293E+00
    0.20138E-03    0.53326E+00
    0.20544E-03    0.54380E+00
    0.20959E-03    0.55455E+00
    0.21383E-03    0.56550E+00
    0.21815E-03    0.57668E+00
    0.22255E-03    0.58807E+00
    0.22705E-03    0.59969E+00
    0.23164E-03    0.61154E+00
    0.23632E-03    0.62362E+00
    0.24109E-03    0.63594E+00
    0.24596E-03    0.64851E+00
    0.25093E-03    0.66132E+00
    0.25600E-03    0.67438E+00
    0.26117E-03    0.68770E+00
    0.26645E-03    0.70129E+00
    0.27183E-03    0.71514E+00
    0.27732E-03    0.72926E+00
    0.28292E-03    0.74366E+00
    0.28864E-03    0.75835E+00
    0.29447E-03    0.77333E+00
    0.30042E-03    0.78860E+00
    0.30649E-03    0.80417E+00
    0.31268E-03    0.82005E+00
    0.31899E-03    0.83624E+00
    0.32544E-03    0.85275E+00
    0.33201E-03    0.86958E+00
    0.33872E-03    0.88675E+00
    0.34556E-03    0.90425E+00
    0.35254E-03    0.92210E+00
    0.35966E-03    0.94030E+00
    0.36693E-03    0.95885E+00
    0.37434E-03    0.97777E+00
    0.38190E-03    0.99706E+00
    0.38962E-03    0.10167E+01
    0.39749E-03    0.10368E+01
    0.40552E-03    0.10572E+01
    0.41371E-03    0.10781E+01
    0.42207E-03    0.10994E+01
    0.43060E-03    0.11210E+01
    0.43929E-03    0.11431E+01
    0.44817E-03    0.11657E+01
    0.45722E-03    0.11887E+01
    0.46646E-03    0.12121E+01
    0.47588E-03    0.12360E+01
    0.48550E-03    0.12603E+01
    0.49530E-03    0.12852E+01
    0.50531E-03    0.13105E+01
    0.51552E-03    0.13363E+01
    0.52593E-03    0.13626E+01
    0.53656E-03    0.13894E+01
    0.54739E-03    0.14168E+01
    0.55845E-03    0.14447E+01
    0.56973E-03    0.14731E+01
    0.58124E-03    0.15021E+01
    0.59299E-03    0.15316E+01
    0.60496E-03    0.15618E+01
    0.61719E-03    0.15925E+01
    0.62965E-03    0.16238E+01
    0.64237E-03    0.16557E+01
    0.65535E-03    0.16882E+01
    0.66859E-03    0.17214E+01
    0.68210E-03    0.17552E+01
    0.69588E-03    0.17897E+01
    0.70993E-03    0.18248E+01
    0.72427E-03    0.18606E+01
    0.73891E-03    0.18971E+01
    0.75383E-03    0.19343E+01
    0.76906E-03    0.19722E+01
    0.78460E-03    0.20109E+01
    0.80045E-03    0.20503E+01
    0.81662E-03    0.20904E+01
    0.83311E-03    0.21313E+01
    0.84994E-03    0.21730E+01
    0.86711E-03    0.22155E+01
    0.88463E-03    0.22588E+01
    0.90250E-03    0.23030E+01
    0.92073E-03    0.23479E+01
    0.93933E-03    0.23938E+01
    0.95831E-03    0.24405E+01
    0.97767E-03    0.24881E+01
    0.99742E-03    0.25366E+01
    0.10176E-02    0.25860E+01
    0.10381E-02    0.26363E+01
    0.10591E-02    0.26876E+01
    0.10805E-02    0.27399E+01
    0.11023E-02    0.27931E+01
    0.11246E-02    0.28473E+01
    0.11473E-02    0.29026E+01
    0.11705E-02    0.29588E+01
    0.11941E-02    0.30161E+01
    0.12182E-02    0.30745E+01
    0.12429E-02    0.31340E+01
    0.12680E-02    0.31945E+01
    0.12936E-02    0.32562E+01
    0.13197E-02    0.33190E+01
    0.13464E-02    0.33829E+01
    0.13736E-02    0.34480E+01
    0.14013E-02    0.35143E+01
    0.14296E-02    0.35818E+01
    0.14585E-02    0.36505E+01
    0.14880E-02    0.37204E+01
    0.15180E-02    0.37916E+01
    0.15487E-02    0.38640E+01
    0.15800E-02    0.39377E+01
    0.16119E-02    0.40128E+01
    0.16445E-02    0.40891E+01
    0.16777E-02    0.41668E+01
    0.17116E-02    0.42458E+01
    0.17462E-02    0.43262E+01
    0.17814E-02    0.44080E+01
    0.18174E-02    0.44911E+01
    0.18541E-02    0.45757E+01
    0.18916E-02    0.46617E+01
    0.19298E-02    0.47492E+01
    0.19688E-02    0.48381E+01
    0.20086E-02    0.49285E+01
    0.20491E-02    0.50203E+01
    0.20905E-02    0.51137E+01
    0.21328E-02    0.52086E+01
    0.21758E-02    0.53050E+01
    0.22198E-02    0.54029E+01
    0.22646E-02    0.55024E+01
    0.23104E-02    0.56034E+01
    0.23571E-02    0.57059E+01
    0.24047E-02    0.58101E+01
    0.24533E-02    0.59158E+01
    0.25028E-02    0.60231E+01
    0.25534E-02    0.61320E+01
    0.26050E-02    0.62425E+01
    0.26576E-02    0.63545E+01
    0.27113E-02    0.64682E+01
    0.27660E-02    0.65835E+01
    0.28219E-02    0.67003E+01
    0.28789E-02    0.68187E+01
    0.29371E-02    0.69388E+01
    0.29964E-02    0.70604E+01
    0.30569E-02    0.71836E+01
    0.31187E-02    0.73083E+01
    0.31817E-02    0.74347E+01
    0.32460E-02    0.75625E+01
    0.33115E-02    0.76919E+01
    0.33784E-02    0.78229E+01
    0.34467E-02    0.79553E+01
    0.35163E-02    0.80892E+01
    0.35874E-02    0.82246E+01
    0.36598E-02    0.83614E+01
    0.37338E-02    0.84997E+01
    0.38092E-02    0.86393E+01
    0.38861E-02    0.87803E+01
    0.39646E-02    0.89227E+01
    0.40447E-02    0.90663E+01
    0.41264E-02    0.92113E+01
    0.42098E-02    0.93574E+01
    0.42948E-02    0.95048E+01
    0.43816E-02    0.96534E+01
    0.44701E-02    0.98030E+01
    0.45604E-02    0.99538E+01
    0.46525E-02    0.10106E+02
    0.47465E-02    0.10258E+02
    0.48424E-02    0.10412E+02
    0.49402E-02    0.10567E+02
    0.50400E-02    0.10722E+02
    0.51419E-02    0.10878E+02
    0.52457E-02    0.11035E+02
    0.53517E-02    0.11193E+02
    0.54598E-02    0.11351E+02
    0.55701E-02    0.11510E+02
    0.56826E-02    0.11669E+02
    0.57974E-02    0.11829E+02
    0.59145E-02    0.11989E+02
    0.60340E-02    0.12149E+02
    0.61559E-02    0.12310E+02
    0.62803E-02    0.12471E+02
    0.64072E-02    0.12631E+02
    0.65366E-02    0.12792E+02
    0.66686E-02    0.12953E+02
    0.68033E-02    0.13113E+02
    0.69408E-02    0.13273E+02
    0.70810E-02    0.13433E+02
    0.72240E-02    0.13592E+02
    0.73700E-02    0.13751E+02
    0.75189E-02    0.13909E+02
    0.76708E-02    0.14066E+02
    0.78257E-02    0.14223E+02
    0.79838E-02    0.14378E+02
    0.81451E-02    0.14532E+02
    0.83096E-02    0.14685E+02
    0.84775E-02    0.14837E+02
    0.86488E-02    0.14987E+02
    0.88235E-02    0.15136E+02
    0.90017E-02    0.15282E+02
    0.91836E-02    0.15427E+02
    0.93691E-02    0.15570E+02
    0.95583E-02    0.15710E+02
    0.97514E-02    0.15848E+02
    0.99484E-02    0.15984E+02
    0.10149E-01    0.16116E+02
    0.10354E-01    0.16246E+02
    0.10564E-01    0.16373E+02
    0.10777E-01    0.16497E+02
    0.10995E-01    0.16617E+02
    0.11217E-01    0.16733E+02
    0.11443E-01    0.16846E+02
    0.11675E-01    0.16954E+02
    0.11910E-01    0.17059E+02
    0.12151E-01    0.17159E+02
    0.12397E-01    0.17255E+02
    0.12647E-01    0.17345E+02
    0.12902E-01    0.17431E+02
    0.13163E-01    0.17512E+02
    0.13429E-01    0.17588E+02
    0.13700E-01    0.17657E+02
    0.13977E-01    0.17722E+02
    0.14259E-01    0.17780E+02
    0.14547E-01    0.17832E+02
    0.14841E-01    0.17877E+02
    0.15141E-01    0.17916E+02
    0.15447E-01    0.17949E+02
    0.15759E-01    0.17974E+02
    0.16077E-01    0.17992E+02
    0.16402E-01    0.18003E+02
    0.16734E-01    0.18006E+02
    0.17072E-01    0.18002E+02
    0.17416E-01    0.17990E+02
    0.17768E-01    0.17970E+02
    0.18127E-01    0.17942E+02
    0.18493E-01    0.17905E+02
    0.18867E-01    0.17860E+02
    0.19248E-01    0.17807E+02
    0.19637E-01    0.17745E+02
    0.20034E-01    0.17675E+02
    0.20438E-01    0.17595E+02
    0.20851E-01    0.17508E+02
    0.21272E-01    0.17411E+02
    0.21702E-01    0.17305E+02
    0.22141E-01    0.17191E+02
    0.22588E-01    0.17069E+02
    0.23044E-01    0.16937E+02
    0.23510E-01    0.16798E+02
    0.23985E-01    0.16649E+02
    0.24469E-01    0.16493E+02
    0.24964E-01    0.16329E+02
    0.25468E-01    0.16157E+02
    0.25982E-01    0.15978E+02
    0.26507E-01    0.15792E+02
    0.27043E-01    0.15599E+02
    0.27589E-01    0.15399E+02
    0.28146E-01    0.15193E+02
    0.28715E-01    0.14982E+02
    0.29295E-01    0.14766E+02
    0.29887E-01    0.14545E+02
    0.30490E-01    0.14320E+02
    0.31106E-01    0.14091E+02
    0.31735E-01    0.13859E+02
    0.32376E-01    0.13625E+02
    0.33030E-01    0.13390E+02
    0.33697E-01    0.13153E+02
    0.34378E-01    0.12916E+02
    0.35072E-01    0.12678E+02
    0.35781E-01    0.12442E+02
    0.36504E-01    0.12207E+02
    0.37241E-01    0.11975E+02
    0.37993E-01    0.11745E+02
    0.38761E-01    0.11519E+02
    0.39544E-01    0.11296E+02
    0.40343E-01    0.11079E+02
    0.41158E-01    0.10866E+02
    0.41989E-01    0.10659E+02
    0.42838E-01    0.10458E+02
    0.43703E-01    0.10264E+02
    0.44586E-01    0.10076E+02
    0.45486E-01    0.98960E+01
    0.46405E-01    0.97227E+01
    0.47343E-01    0.95568E+01
    0.48299E-01    0.93982E+01
    0.49275E-01    0.92469E+01
    0.50270E-01    0.91027E+01
    0.51286E-01    0.89654E+01
    0.52322E-01    0.88345E+01
    0.53379E-01    0.87095E+01
    0.54457E-01    0.85899E+01
    0.55557E-01    0.84750E+01
    0.56680E-01    0.83640E+01
    0.57825E-01    0.82559E+01
    0.58993E-01    0.81499E+01
    0.60184E-01    0.80448E+01
    0.61400E-01    0.79396E+01
    0.62641E-01    0.78330E+01
    0.63906E-01    0.77240E+01
    0.65197E-01    0.76114E+01
    0.66514E-01    0.74941E+01
    0.67858E-01    0.73711E+01
    0.69229E-01    0.72416E+01
    0.70627E-01    0.71047E+01
    0.72054E-01    0.69600E+01
    0.73510E-01    0.68071E+01
    0.74994E-01    0.66461E+01
    0.76509E-01    0.64769E+01
    0.78055E-01    0.63004E+01
    0.79632E-01    0.61173E+01
    0.81241E-01    0.59288E+01
    0.82882E-01    0.57364E+01
    0.84556E-01    0.55417E+01
    0.86264E-01    0.53465E+01
    0.88007E-01    0.51527E+01
    0.89785E-01    0.49624E+01
    0.91598E-01    0.47775E+01
    0.93449E-01    0.46000E+01
    0.95337E-01    0.44315E+01
    0.97263E-01    0.42735E+01
    0.99227E-01    0.41272E+01
    0.10123E+00    0.39933E+01
    0.10328E+00    0.38722E+01
    0.10536E+00    0.37640E+01
    0.10749E+00    0.36680E+01
    0.10966E+00    0.35834E+01
    0.11188E+00    0.35087E+01
    0.11414E+00    0.34421E+01
    0.11644E+00    0.33815E+01
    0.11880E+00    0.33245E+01
    0.12120E+00    0.32684E+01
    0.12365E+00    0.32108E+01
    0.12614E+00    0.31492E+01
    0.12869E+00    0.30815E+01
    0.13129E+00    0.30064E+01
    0.13394E+00    0.29228E+01
    0.13665E+00    0.28309E+01
    0.13941E+00    0.27315E+01
    0.14223E+00    0.26261E+01
    0.14510E+00    0.25170E+01
    0.14803E+00    0.24068E+01
    0.15102E+00    0.22986E+01
    0.15407E+00    0.21951E+01
    0.15718E+00    0.20989E+01
    0.16036E+00    0.20119E+01
    0.16360E+00    0.19353E+01
    0.16690E+00    0.18693E+01
    0.17028E+00    0.18134E+01
    0.17371E+00    0.17662E+01
    0.17722E+00    0.17255E+01
    0.18080E+00    0.16888E+01
    0.18446E+00    0.16530E+01
    0.18818E+00    0.16155E+01
    0.19198E+00    0.15740E+01
    0.19586E+00    0.15270E+01
    0.19982E+00    0.14742E+01
    0.20386E+00    0.14165E+01
    0.20797E+00    0.13554E+01
    0.21218E+00    0.12936E+01
    0.21646E+00    0.12335E+01
    0.22083E+00    0.11777E+01
    0.22530E+00    0.11278E+01
    0.22985E+00    0.10847E+01
    0.23449E+00    0.10481E+01
    0.23923E+00    0.10169E+01
    0.24406E+00    0.98898E+00
    0.24899E+00    0.96224E+00
    0.25402E+00    0.93455E+00
    0.25915E+00    0.90444E+00
    0.26439E+00    0.87136E+00
    0.26973E+00    0.83584E+00
    0.27518E+00    0.79923E+00
    0.28074E+00    0.76332E+00
    0.28641E+00    0.72978E+00
    0.29219E+00    0.69971E+00
    0.29810E+00    0.67341E+00
    0.30412E+00    0.65028E+00
    0.31026E+00    0.62912E+00
    0.31653E+00    0.60852E+00
    0.32292E+00    0.58732E+00
    0.32945E+00    0.56498E+00
    0.33610E+00    0.54176E+00
    0.34289E+00    0.51847E+00
    0.34982E+00    0.49611E+00
    0.35689E+00    0.47549E+00
    0.36409E+00    0.45685E+00
    0.37145E+00    0.43988E+00
    0.37895E+00    0.42387E+00
    0.38661E+00    0.40809E+00
    0.39442E+00    0.39212E+00
    0.40239E+00    0.37598E+00
    0.41052E+00    0.36009E+00
    0.41881E+00    0.34493E+00
    0.42727E+00    0.33081E+00
    0.43590E+00    0.31771E+00
    0.44471E+00    0.30530E+00
    0.45369E+00    0.29323E+00
    0.46286E+00    0.28130E+00
    0.47221E+00    0.26957E+00
    0.48174E+00    0.25822E+00
    0.49148E+00    0.24746E+00
    0.50141E+00    0.23731E+00
    0.51153E+00    0.22764E+00
    0.52187E+00    0.21830E+00
    0.53241E+00    0.20920E+00
    0.54317E+00    0.20038E+00
    0.55414E+00    0.19192E+00
    0.56533E+00    0.18387E+00
    0.57675E+00    0.17618E+00
    0.58840E+00    0.16878E+00
    0.60029E+00    0.16166E+00
    0.61242E+00    0.15482E+00
    0.62479E+00    0.14823E+00
    0.63741E+00    0.14191E+00
    0.65029E+00    0.13584E+00
    0.66342E+00    0.13001E+00
    0.67683E+00    0.12442E+00
    0.69050E+00    0.11906E+00
    0.70445E+00    0.11392E+00
    0.71868E+00    0.10899E+00
    0.73320E+00    0.10427E+00
    0.74801E+00    0.99747E-01
    0.76312E+00    0.95410E-01
    0.77854E+00    0.91253E-01
    0.79426E+00    0.87270E-01
    0.81031E+00    0.83453E-01
    0.82668E+00    0.79795E-01
    0.84338E+00    0.76290E-01
    0.86041E+00    0.72931E-01
    0.87780E+00    0.69713E-01
    0.89553E+00    0.66631E-01
    0.91362E+00    0.63679E-01
    0.93208E+00    0.60851E-01
    0.95091E+00    0.58144E-01
    0.97011E+00    0.55553E-01
    0.98971E+00    0.53072E-01
    0.10097E+01    0.50698E-01
    0.10301E+01    0.48425E-01
    0.10509E+01    0.46251E-01
    0.10721E+01    0.44171E-01
    0.10938E+01    0.42181E-01
    0.11159E+01    0.40277E-01
    0.11384E+01    0.38456E-01
    0.11614E+01    0.36714E-01
    0.11849E+01    0.35049E-01
    0.12088E+01    0.33456E-01
    0.12333E+01    0.31934E-01
    0.12582E+01    0.30478E-01
    0.12836E+01    0.29086E-01
    0.13095E+01    0.27756E-01
    0.13360E+01    0.26484E-01
    0.13630E+01    0.25269E-01
    0.13905E+01    0.24108E-01
    0.14186E+01    0.22998E-01
    0.14472E+01    0.21938E-01
    0.14765E+01    0.20925E-01
    0.15063E+01    0.19958E-01
    0.15367E+01    0.19034E-01
    0.15678E+01    0.18151E-01
    0.15994E+01    0.17308E-01
    0.16318E+01    0.16503E-01
    0.16647E+01    0.15735E-01
    0.16984E+01    0.15001E-01
    0.17327E+01    0.14301E-01
    0.17677E+01    0.13632E-01
    0.18034E+01    0.12993E-01
    0.18398E+01    0.12384E-01
    0.18770E+01    0.11803E-01
    0.19149E+01    0.11248E-01
    0.19536E+01    0.10718E-01
    0.19930E+01    0.10213E-01
    0.20333E+01    0.97313E-02
    0.20744E+01    0.92715E-02
    0.21163E+01    0.88328E-02
    0.21590E+01    0.84144E-02
    0.22026E+01    0.80153E-02
    0.22471E+01    0.76347E-02
    0.22925E+01    0.72717E-02
    0.23388E+01    0.69256E-02
    0.23861E+01    0.65956E-02
    0.24343E+01    0.62809E-02
    0.24835E+01    0.59809E-02
    0.25336E+01    0.56948E-02
    0.25848E+01    0.54222E-02
    0.26370E+01    0.51623E-02
    0.26903E+01    0.49146E-02
    0.27447E+01    0.46786E-02
    0.28001E+01    0.44536E-02
    0.28567E+01    0.42392E-02
    0.29144E+01    0.40349E-02
    0.29733E+01    0.38403E-02
    0.30333E+01    0.36548E-02
    0.30946E+01    0.34781E-02
    0.31571E+01    0.33098E-02
    0.32209E+01    0.31495E-02
    0.32860E+01    0.29968E-02
    0.33523E+01    0.28513E-02
    0.34201E+01    0.27128E-02
    0.34892E+01    0.25808E-02
    0.35596E+01    0.24552E-02
    0.36316E+01    0.23356E-02
    0.37049E+01    0.22216E-02
    0.37798E+01    0.21132E-02
    0.38561E+01    0.20099E-02
    0.39340E+01    0.19116E-02
    0.40135E+01    0.18180E-02
    0.40946E+01    0.17289E-02
    0.41773E+01    0.16441E-02
    0.42617E+01    0.15634E-02
    0.43478E+01    0.14866E-02
    0.44356E+01    0.14135E-02
    0.45252E+01    0.13439E-02
    0.46166E+01    0.12777E-02
    0.47099E+01    0.12147E-02
    0.48050E+01    0.11548E-02
    0.49021E+01    0.10978E-02
    0.50011E+01    0.10435E-02
    0.51021E+01    0.99187E-03
    0.52052E+01    0.94276E-03
    0.53104E+01    0.89604E-03
    0.54176E+01    0.85161E-03
    0.55271E+01    0.80934E-03
    0.56387E+01    0.76914E-03
    0.57526E+01    0.73091E-03
    0.58689E+01    0.69455E-03
    0.59874E+01    0.65997E-03
    0.61084E+01    0.62708E-03
    0.62318E+01    0.59582E-03
    0.63577E+01    0.56608E-03
    0.64861E+01    0.53781E-03
    0.66171E+01    0.51094E-03
    0.67508E+01    0.48538E-03
    0.68872E+01    0.46109E-03
    0.70263E+01    0.43800E-03
    0.71682E+01    0.41605E-03
    0.73130E+01    0.39518E-03
    0.74608E+01    0.37534E-03
    0.76115E+01    0.35649E-03
    0.77653E+01    0.33857E-03
    0.79221E+01    0.32154E-03
    0.80822E+01    0.30536E-03
    0.82454E+01    0.28998E-03
    0.84120E+01    0.27537E-03
    0.85819E+01    0.26148E-03
    0.87553E+01    0.24828E-03
    0.89322E+01    0.23575E-03
    0.91126E+01    0.22383E-03
    0.92967E+01    0.21252E-03
    0.94845E+01    0.20176E-03
    0.96761E+01    0.19155E-03
    0.98716E+01    0.18184E-03
    0.10071E+02    0.17263E-03
    0.10274E+02    0.16387E-03
    0.10482E+02    0.15555E-03
    0.10694E+02    0.14765E-03
    0.10910E+02    0.14015E-03
    0.11130E+02    0.13302E-03
    0.11355E+02    0.12625E-03
    0.11584E+02    0.11983E-03
    0.11818E+02    0.11372E-03
    0.12057E+02    0.10793E-03
    0.12301E+02    0.10242E-03
    0.12549E+02    0.97196E-04
    0.12803E+02    0.92233E-04
    0.13061E+02    0.87521E-04
    0.13325E+02    0.83048E-04
    0.13594E+02    0.78800E-04
    0.13869E+02    0.74768E-04
    0.14149E+02    0.70939E-04
    0.14435E+02    0.67305E-04
    0.14727E+02    0.63855E-04
    0.15024E+02    0.60581E-04
    0.15328E+02    0.57472E-04
    0.15637E+02    0.54521E-04
    0.15953E+02    0.51721E-04
    0.16275E+02    0.49063E-04
    0.16604E+02    0.46540E-04
    0.16940E+02    0.44145E-04
    0.17282E+02    0.41873E-04
    0.17631E+02    0.39716E-04
    0.17987E+02    0.37670E-04
    0.18351E+02    0.35728E-04
    0.18721E+02    0.33885E-04
    0.19099E+02    0.32136E-04
    0.19485E+02    0.30477E-04
    0.19879E+02    0.28903E-04
    0.20280E+02    0.27409E-04
    0.20690E+02    0.25992E-04
    0.21108E+02    0.24647E-04
    0.21535E+02    0.23372E-04
    0.21970E+02    0.22161E-04
    0.22413E+02    0.21013E-04
    0.22866E+02    0.19924E-04
    0.23328E+02    0.18891E-04
    0.23799E+02    0.17911E-04
    0.24280E+02    0.16981E-04
    0.24771E+02    0.16099E-04
    0.25271E+02    0.15263E-04
    0.25782E+02    0.14470E-04
    0.26302E+02    0.13717E-04
    0.26834E+02    0.13004E-04
    0.27376E+02    0.12327E-04
    0.27929E+02    0.11685E-04
    0.28493E+02    0.11076E-04
    0.29069E+02    0.10499E-04
    0.29656E+02    0.99516E-05
    0.30255E+02    0.94325E-05
    0.30866E+02    0.89403E-05
    0.31490E+02    0.84735E-05
    0.32126E+02    0.80309E-05
    0.32775E+02    0.76113E-05
    0.33437E+02    0.72134E-05
    0.34112E+02    0.68362E-05
    0.34801E+02    0.64785E-05
    0.35504E+02    0.61394E-05
    0.36222E+02    0.58179E-05
    0.36953E+02    0.55131E-05
    0.37700E+02    0.52241E-05
    0.38462E+02    0.49502E-05
    0.39239E+02    0.46906E-05
    0.40031E+02    0.44444E-05
    0.40840E+02    0.42111E-05
    0.41665E+02    0.39899E-05
    0.42507E+02    0.37803E-05
    0.43365E+02    0.35816E-05
    0.44241E+02    0.33932E-05
    0.45135E+02    0.32147E-05
    0.46047E+02    0.30455E-05
    0.46977E+02    0.28852E-05
    0.47926E+02    0.27332E-05
    0.48894E+02    0.25892E-05
    0.49882E+02    0.24527E-05
    0.50890E+02    0.23233E-05
    0.51918E+02    0.22007E-05
    0.52966E+02    0.20846E-05
    0.54036E+02    0.19745E-05
    0.55128E+02    0.18702E-05
    0.56242E+02    0.17713E-05
    0.57378E+02    0.16777E-05
    0.58537E+02    0.15889E-05
    0.59720E+02    0.15049E-05
    0.60926E+02    0.14252E-05
    0.62157E+02    0.13497E-05
    0.63412E+02    0.12782E-05
    0.64693E+02    0.12104E-05
    0.66000E+02    0.11463E-05
    0.67334E+02    0.10854E-05
    0.68694E+02    0.10278E-05
    0.70082E+02    0.97326E-06
    0.71497E+02    0.92156E-06
    0.72942E+02    0.87258E-06
    0.74415E+02    0.82619E-06
    0.75918E+02    0.78224E-06
    0.77452E+02    0.74061E-06
    0.79017E+02    0.70118E-06
    0.80613E+02    0.66383E-06
    0.82241E+02    0.62845E-06
    0.83903E+02    0.59495E-06
    0.85598E+02    0.56321E-06
    0.87327E+02    0.53316E-06
    0.89091E+02    0.50469E-06
    0.90891E+02    0.47773E-06
    0.92727E+02    0.45220E-06
    0.94600E+02    0.42802E-06
    0.96511E+02    0.40512E-06
    0.98461E+02    0.38344E-06
    0.10045E+03    0.36290E-06
    0.10248E+03    0.34346E-06
    0.10455E+03    0.32504E-06
    0.10666E+03    0.30761E-06
    0.10882E+03    0.29110E-06
    0.11101E+03    0.27547E-06
    0.11326E+03    0.26067E-06
    0.11554E+03    0.24665E-06
    0.11788E+03    0.23339E-06
    0.12026E+03    0.22082E-06
    0.12269E+03    0.20893E-06
    0.12517E+03    0.19767E-06
    0.12770E+03    0.18701E-06
    0.13028E+03    0.17692E-06
    0.13291E+03    0.16737E-06
    0.13559E+03    0.15832E-06
    0.13833E+03    0.14976E-06
    0.14113E+03    0.14166E-06
    0.14398E+03    0.13399E-06
    0.14689E+03    0.12673E-06
    0.14985E+03    0.11986E-06
    0.15288E+03    0.11336E-06
    0.15597E+03    0.10720E-06
    0.15912E+03    0.10138E-06
    0.16233E+03    0.95865E-07
    0.16561E+03    0.90648E-07
    0.16896E+03    0.85710E-07
    0.17237E+03    0.81037E-07
    0.17585E+03    0.76614E-07
    0.17941E+03    0.72427E-07
    0.18303E+03    0.68465E-07
    0.18673E+03    0.64715E-07
    0.19050E+03    0.61166E-07
    0.19435E+03    0.57807E-07
    0.19828E+03    0.54630E-07
    0.20228E+03    0.51625E-07
    0.20637E+03    0.48783E-07
    0.21054E+03    0.46095E-07
    0.21479E+03    0.43555E-07
    0.21913E+03    0.41153E-07
    0.22356E+03    0.38883E-07
