1.000000000000000048e-04 1.303359499981398217e+00
1.020200000000000024e-04 1.303272408886943179e+00
1.040800000000000064e-04 1.303234115626788814e+00
1.061800000000000032e-04 1.303104718470443624e+00
1.083300000000000013e-04 1.303003199284461067e+00
1.105200000000000057e-04 1.302972033869716162e+00
1.127500000000000030e-04 1.302854874458301726e+00
1.150300000000000015e-04 1.302754079216271510e+00
1.173500000000000064e-04 1.302678457819061109e+00
1.197199999999999989e-04 1.302545386486992474e+00
1.221399999999999927e-04 1.302428728740976371e+00
1.246099999999999877e-04 1.302327674125622448e+00
1.271199999999999891e-04 1.302203135570785708e+00
1.296899999999999865e-04 1.302085436557154807e+00
1.323100000000000122e-04 1.301946031566442175e+00
1.349900000000000069e-04 1.301833411921337946e+00
1.377100000000000080e-04 1.301664581406734467e+00
1.404900000000000051e-04 1.301522950950844359e+00
1.433299999999999982e-04 1.301380969817439892e+00
1.462299999999999874e-04 1.301238810946677260e+00
1.491800000000000049e-04 1.301056338028169002e+00
1.522000000000000132e-04 1.300892813101169221e+00
1.552699999999999957e-04 1.300723147991389883e+00
1.584099999999999961e-04 1.300533617929562347e+00
1.616099999999999926e-04 1.300339550676775646e+00
1.648700000000000122e-04 1.300150519978106267e+00
1.681999999999999956e-04 1.299921726489992269e+00
1.715999999999999969e-04 1.299728058248168727e+00
1.750699999999999891e-04 1.299483870967741872e+00
1.786000000000000044e-04 1.299247137223475956e+00
1.822100000000000054e-04 1.299011498056084069e+00
1.858899999999999973e-04 1.298777149114801910e+00
1.896500000000000020e-04 1.298492622201010249e+00
1.934799999999999975e-04 1.298225429017160648e+00
1.973900000000000058e-04 1.297936626317097941e+00
2.013799999999999998e-04 1.297659678205753453e+00
2.054400000000000117e-04 1.297351967635160142e+00
2.095900000000000042e-04 1.297015598232801326e+00
2.138300000000000042e-04 1.296693191865605721e+00
2.181499999999999900e-04 1.296334188804883158e+00
2.225499999999999885e-04 1.295985171833285099e+00
2.270499999999999895e-04 1.295602728076172827e+00
2.316399999999999980e-04 1.295205546652713036e+00
2.363199999999999871e-04 1.294810942561175127e+00
2.410900000000000109e-04 1.294383117904204905e+00
2.459599999999999829e-04 1.293935328676504515e+00
2.509300000000000115e-04 1.293473658743119925e+00
2.559999999999999884e-04 1.292995047302707645e+00
2.611700000000000219e-04 1.292511269448887612e+00
2.664499999999999985e-04 1.291976215260448591e+00
2.718299999999999775e-04 1.291439438431635889e+00
2.773200000000000079e-04 1.290897622247209497e+00
2.829199999999999814e-04 1.290320845547696438e+00
2.886400000000000012e-04 1.289707918507285500e+00
2.944700000000000182e-04 1.289061590782718980e+00
3.004199999999999731e-04 1.288359117423281797e+00
3.064899999999999743e-04 1.287787408135095735e+00
3.126800000000000217e-04 1.286994695445399683e+00
3.189900000000000070e-04 1.286233617143403674e+00
3.254399999999999741e-04 1.285488126649076523e+00
3.320099999999999874e-04 1.284758159111295095e+00
3.387199999999999825e-04 1.283901888920214285e+00
3.455600000000000186e-04 1.283052253248548435e+00
3.525399999999999823e-04 1.282181975924519879e+00
3.596599999999999819e-04 1.281186855258960033e+00
3.669300000000000122e-04 1.280179381550816231e+00
3.743400000000000243e-04 1.279237448479703776e+00
3.819000000000000129e-04 1.278157783884620757e+00
3.896200000000000271e-04 1.277072882856299829e+00
3.974900000000000178e-04 1.275945216049382713e+00
4.055199999999999799e-04 1.274782444192205766e+00
4.137100000000000217e-04 1.273536777664409536e+00
4.220699999999999756e-04 1.272239403310897021e+00
4.306000000000000040e-04 1.271008028545941082e+00
4.392900000000000038e-04 1.269617706237424537e+00
4.481700000000000137e-04 1.268079265677275469e+00
4.572199999999999897e-04 1.266593757886766980e+00
4.664599999999999758e-04 1.265077138849930005e+00
4.758799999999999771e-04 1.263430420711974200e+00
4.854999999999999832e-04 1.261842418471792460e+00
4.952999999999999504e-04 1.259959539371304116e+00
5.053100000000000256e-04 1.258222052651659650e+00
5.155199999999999973e-04 1.256304721993564355e+00
5.259299999999999739e-04 1.254366651988844783e+00
5.365600000000000534e-04 1.252411112710522634e+00
5.473900000000000293e-04 1.250211744776962286e+00
5.584500000000000488e-04 1.248009967467294201e+00
5.697299999999999543e-04 1.245808159663295056e+00
5.812400000000000119e-04 1.243392583716130595e+00
5.929900000000000535e-04 1.240989814572995620e+00
6.049599999999999813e-04 1.238378793699577374e+00
6.171899999999999912e-04 1.235729984301412898e+00
6.296500000000000447e-04 1.232972040891735510e+00
6.423699999999999636e-04 1.230114151114332532e+00
6.553499999999999647e-04 1.227165027840303235e+00
6.685900000000000480e-04 1.224061810154525309e+00
6.821000000000000457e-04 1.220886508659981828e+00
6.958799999999999578e-04 1.217522489802760122e+00
7.099300000000000012e-04 1.214105655414291940e+00
7.242699999999999486e-04 1.210523487047189040e+00
7.389099999999999575e-04 1.206789309999472870e+00
7.538300000000000382e-04 1.202967481776353376e+00
7.690600000000000127e-04 1.198965622147855070e+00
7.845999999999999893e-04 1.194788403202546201e+00
8.004499999999999680e-04 1.190508706043018172e+00
8.166199999999999978e-04 1.186040949100650721e+00
8.331099999999999704e-04 1.181438558626190405e+00
8.499399999999999837e-04 1.176668200644270579e+00
8.671100000000000379e-04 1.171699390656736561e+00
8.846299999999999650e-04 1.166548609881352894e+00
9.024999999999999819e-04 1.161181068171949660e+00
9.207300000000000293e-04 1.155713616423186485e+00
9.393300000000000477e-04 1.149970757790959919e+00
9.583099999999999778e-04 1.144027863142798473e+00
9.776699999999999280e-04 1.137896386801173554e+00
9.974199999999999473e-04 1.131554048726642003e+00
1.017600000000000015e-03 1.124980665119876155e+00
1.038099999999999917e-03 1.118233888404202903e+00
1.059100000000000102e-03 1.111177258520613220e+00
1.080500000000000080e-03 1.103908901784736551e+00
1.102300000000000068e-03 1.096416168415022652e+00
1.124599999999999905e-03 1.088645383345625550e+00
1.147299999999999969e-03 1.080617377523599432e+00
1.170500000000000099e-03 1.072360416385020887e+00
1.194100000000000023e-03 1.063824143761811669e+00
1.218200000000000012e-03 1.054968287526427018e+00
1.242899999999999908e-03 1.045851946394384058e+00
1.268000000000000030e-03 1.036468930975113389e+00
1.293600000000000002e-03 1.026779681837724834e+00
1.319700000000000040e-03 1.016812292859295086e+00
1.346399999999999984e-03 1.006532856424960931e+00
1.373599999999999995e-03 9.959396751740139386e-01
1.401300000000000072e-03 9.850325811683692256e-01
1.429600000000000055e-03 9.738120498073594700e-01
1.458499999999999944e-03 9.622791398438569344e-01
1.487999999999999956e-03 9.504354370497796189e-01
1.518000000000000035e-03 9.382582550901994445e-01
1.548700000000000077e-03 9.257505175983437029e-01
1.580000000000000024e-03 9.129187088909770376e-01
1.611900000000000095e-03 8.997458133971291128e-01
1.644499999999999912e-03 8.862585899097600306e-01
1.677700000000000068e-03 8.724200825573581453e-01
1.711599999999999970e-03 8.582834801450844875e-01
1.746200000000000052e-03 8.438352364661827476e-01
1.781400000000000041e-03 8.290834845735026715e-01
1.817400000000000048e-03 8.140099307519316207e-01
1.854100000000000019e-03 7.986100487357125077e-01
1.891600000000000009e-03 7.828689104833002066e-01
1.929799999999999962e-03 7.668238861281899688e-01
1.968800000000000151e-03 7.505218990926190159e-01
2.008600000000000142e-03 7.339149842751344632e-01
2.049099999999999880e-03 7.170487819453020828e-01
2.090499999999999910e-03 6.999041789702172833e-01
2.132799999999999800e-03 6.825250547171985982e-01
2.175799999999999870e-03 6.649198868991518241e-01
2.219800000000000072e-03 6.471154380055156308e-01
2.264599999999999860e-03 6.290891247455655533e-01
2.310400000000000214e-03 6.109148017275226605e-01
2.357099999999999994e-03 5.925796105785240409e-01
2.404700000000000067e-03 5.741037159429269732e-01
2.453299999999999838e-03 5.555292606240914699e-01
2.502799999999999903e-03 5.368830004482740836e-01
2.553399999999999941e-03 5.181669928245270507e-01
2.605000000000000111e-03 4.994313175810973782e-01
2.657599999999999980e-03 4.807144543237076295e-01
2.711299999999999821e-03 4.620141615905506427e-01
2.765999999999999796e-03 4.434115592010328677e-01
2.821900000000000016e-03 4.248764980672506963e-01
2.878900000000000209e-03 4.064557760276885645e-01
2.937100000000000214e-03 3.884100997290598212e-01
2.996400000000000192e-03 3.706588861820860337e-01
3.056899999999999982e-03 3.529567347847875625e-01
3.118699999999999858e-03 3.354405265246363510e-01
3.181699999999999980e-03 3.182778054259082223e-01
3.246000000000000187e-03 3.014479338842975253e-01
3.311500000000000207e-03 2.850011050585681271e-01
3.378400000000000153e-03 2.689411854938705271e-01
3.446700000000000024e-03 2.533405402687516350e-01
3.516299999999999981e-03 2.381941353903970771e-01
3.587400000000000137e-03 2.235488655983269568e-01
3.659799999999999946e-03 2.094027315999713035e-01
3.733799999999999793e-03 1.957833805899031332e-01
3.809199999999999999e-03 1.827115622793513416e-01
3.886099999999999971e-03 1.702447524572053283e-01
3.964600000000000415e-03 1.583713449964696540e-01
4.044700000000000031e-03 1.470831540981436536e-01
4.126399999999999686e-03 1.364085416824986630e-01
4.209799999999999653e-03 1.263385128347617736e-01
4.294799999999999660e-03 1.168672670650618695e-01
4.381600000000000251e-03 1.080033977665900147e-01
4.470100000000000288e-03 9.972865449352237566e-02
4.560400000000000044e-03 9.204223512628344206e-02
4.652500000000000385e-03 8.492083910548189896e-02
4.746499999999999851e-03 7.835542990836420751e-02
4.842400000000000176e-03 7.231271609681136359e-02
4.940199999999999626e-03 6.677959685814327528e-02
5.040000000000000209e-03 6.173754896474539094e-02
5.141899999999999596e-03 5.715480786909358374e-02
5.245699999999999842e-03 5.300407793384685068e-02
5.351700000000000033e-03 4.925757169659609330e-02
5.459799999999999896e-03 4.589199189498722325e-02
5.570099999999999704e-03 4.287576020851433661e-02
5.682600000000000325e-03 4.018253492158710416e-02
5.797400000000000296e-03 3.778087750443823861e-02
5.914499999999999619e-03 3.564517474351489024e-02
6.034000000000000301e-03 3.374927977611326402e-02
6.155899999999999740e-03 3.206336311941510725e-02
6.280299999999999945e-03 3.056290594178493955e-02
6.407200000000000048e-03 2.922650621486818159e-02
6.536600000000000049e-03 2.802454659161976100e-02
6.668600000000000222e-03 2.693507295607195165e-02
6.803299999999999972e-03 2.593914436055822642e-02
6.940799999999999574e-03 2.501318466058916751e-02
7.080999999999999621e-03 2.413757165190202891e-02
7.224000000000000386e-03 2.329679223072395403e-02
7.369999999999999815e-03 2.247327467093302583e-02
7.518900000000000236e-03 2.165504349701631928e-02
7.670800000000000188e-03 2.083108204180292647e-02
7.825699999999999670e-03 1.999226604795049933e-02
7.983799999999999231e-03 1.913618027542078256e-02
8.145100000000000603e-03 1.825970272502064340e-02
8.309600000000000319e-03 1.736397684712291320e-02
8.477500000000000660e-03 1.645211296084114067e-02
8.648799999999999891e-03 1.553279508907720076e-02
8.823499999999999746e-03 1.461350422832981104e-02
9.001699999999999632e-03 1.370501243292762683e-02
9.183600000000000096e-03 1.281584235431386561e-02
9.369099999999999998e-03 1.195825305073859937e-02
9.558300000000000476e-03 1.114131126670910195e-02
9.751400000000000345e-03 1.037354871277132613e-02
9.948399999999999604e-03 9.660910910910910920e-03
1.014900000000000004e-02 9.009679821295607516e-03
1.035400000000000036e-02 8.419303213098611183e-03
1.056400000000000047e-02 7.890429365418677107e-03
1.077700000000000012e-02 7.420136994605079639e-03
1.099499999999999957e-02 7.004874526087741422e-03
1.121699999999999954e-02 6.637781629116117424e-03
1.144300000000000005e-02 6.311290514068621654e-03
1.167499999999999961e-02 6.016869175415831376e-03
1.191000000000000045e-02 5.745237118236707144e-03
1.215100000000000034e-02 5.488723119062882856e-03
1.239700000000000003e-02 5.239119095914227496e-03
1.264700000000000026e-02 4.990890746612857039e-03
1.290200000000000027e-02 4.739085537261201325e-03
1.316299999999999935e-02 4.481955230698949667e-03
1.342899999999999996e-02 4.220093245394586877e-03
1.370000000000000037e-02 3.956221328651526349e-03
1.397699999999999984e-02 3.694221871120640602e-03
1.425900000000000084e-02 3.439820022497187390e-03
1.454699999999999917e-02 3.198239120681920043e-03
1.484100000000000003e-02 2.974268613302008535e-03
1.514099999999999994e-02 2.771321723599017711e-03
1.544700000000000066e-02 2.590840715360186956e-03
1.575899999999999870e-02 2.432958718148436374e-03
1.607700000000000101e-02 2.295297910182303187e-03
1.640199999999999991e-02 2.174193190023885128e-03
1.673399999999999888e-02 2.065144951682772612e-03
1.707200000000000037e-02 1.963059660037773640e-03
1.741600000000000092e-02 1.863535297387437523e-03
1.776799999999999907e-02 1.763272120200334034e-03
1.812700000000000075e-02 1.660740162746627982e-03
1.849299999999999902e-02 1.556213348226752205e-03
1.886699999999999836e-02 1.451735722284434524e-03
1.924800000000000122e-02 1.350030886729937634e-03
1.963700000000000168e-02 1.254606931530008419e-03
2.003399999999999972e-02 1.167637906647807627e-03
2.043800000000000130e-02 1.090707587382779356e-03
2.085100000000000148e-02 1.023132282385195253e-03
2.127199999999999924e-02 9.635288036298890425e-04
2.170199999999999907e-02 9.092747760762784999e-04
2.214100000000000096e-02 8.577744168460241193e-04
2.258800000000000044e-02 8.069014001991915534e-04
2.304399999999999851e-02 7.562142055854046644e-04
2.350999999999999965e-02 7.059769020121443167e-04
2.398499999999999938e-02 6.579974773259654377e-04
2.446900000000000117e-02 6.136542775723034023e-04
2.496400000000000008e-02 5.741809051380978093e-04
2.546800000000000105e-02 5.392832827876462660e-04
2.598200000000000162e-02 5.077731881336837536e-04
2.650699999999999931e-02 4.776405775075988043e-04
2.704300000000000107e-02 4.473812423873325408e-04
2.758899999999999894e-02 4.163452172218975729e-04
2.814600000000000088e-02 3.856117949055486160e-04
2.871500000000000094e-02 3.569149646242157419e-04
2.929500000000000159e-02 3.322565352837599829e-04
2.988700000000000037e-02 3.121416294259195799e-04
3.048999999999999974e-02 2.957681564245810430e-04
3.110600000000000170e-02 2.806401249024199733e-04
3.173499999999999932e-02 2.643552925896529445e-04
3.237600000000000200e-02 2.454238532110091528e-04
3.302999999999999686e-02 2.247199402539208255e-04
3.369699999999999779e-02 2.044704630122405533e-04
3.437799999999999884e-02 1.870935274078662058e-04
3.507199999999999901e-02 1.734500709891149918e-04
3.578100000000000031e-02 1.623292075229062863e-04
3.650400000000000172e-02 1.516343081838289529e-04
3.724100000000000327e-02 1.394488517745302728e-04
3.799299999999999899e-02 1.262750106428267550e-04
3.876099999999999685e-02 1.137164684434412571e-04
3.954400000000000276e-02 1.038951841359773336e-04
4.034299999999999692e-02 9.678671360231067000e-05
4.115800000000000014e-02 9.117246456837843670e-05
4.198899999999999855e-02 8.511961722488038706e-05
4.283800000000000108e-02 7.796615031554791019e-05
4.370299999999999879e-02 7.090705378020265308e-05
4.458600000000000063e-02 6.506252481143310273e-05
4.548599999999999866e-02 6.086095392077605948e-05
4.640500000000000180e-02 5.711890729941272179e-05
4.734300000000000314e-02 5.300100452034152865e-05
4.829900000000000165e-02 4.860292396416335140e-05
4.927499999999999936e-02 4.484854383631270880e-05
5.027000000000000218e-02 4.204137234007491623e-05
5.128599999999999826e-02 3.951859370468690450e-05
5.232200000000000045e-02 3.659516667609937954e-05
5.337900000000000283e-02 3.341868075090418538e-05
5.445699999999999846e-02 3.063015867472263605e-05
5.555700000000000222e-02 2.841887905604720025e-05
5.668000000000000121e-02 2.645982783357245279e-05
5.782500000000000140e-02 2.456303976550103382e-05
5.899299999999999683e-02 2.276960453502496683e-05
6.018400000000000138e-02 2.106702466189339746e-05
6.140000000000000319e-02 1.941659529447327355e-05
6.264100000000000223e-02 1.794587003702284960e-05
6.390600000000000447e-02 1.670766442257897163e-05
6.519700000000000495e-02 1.561867724728696651e-05
6.651400000000000368e-02 1.445670594200771114e-05
6.785800000000000165e-02 1.322353515757485421e-05
6.922899999999999887e-02 1.229148254529385825e-05
7.062699999999999534e-02 1.151899446845046144e-05
7.205400000000000693e-02 1.064137931034482711e-05
7.351000000000000589e-02 9.848540494483699391e-06
7.499400000000000510e-02 9.192007342652083225e-06
7.650899999999999368e-02 8.444471892417669721e-06
7.805499999999999938e-02 7.744428925147609595e-06
7.963199999999999446e-02 7.281970804112925038e-06
8.124099999999999377e-02 6.785184185669950943e-06
8.288199999999999734e-02 6.165365037305627692e-06
8.455600000000000616e-02 5.727123445874010103e-06
8.626399999999999346e-02 5.383147853736089438e-06
8.800700000000000189e-02 4.929454460768140680e-06
8.978500000000000369e-02 4.542963082379493710e-06
9.159799999999999887e-02 4.266457352171638547e-06
9.344900000000000428e-02 3.876521739130435710e-06
9.533700000000000507e-02 3.590657790815750932e-06
9.726300000000000223e-02 3.432081432081431754e-06
9.922699999999999576e-02 3.092169025004845866e-06
1.012300000000000005e-01 2.859289309593569307e-06
1.032799999999999968e-01 2.726098858530034598e-06
1.053599999999999953e-01 2.465488841657810883e-06
1.074900000000000022e-01 2.291548527808069385e-06
1.096599999999999936e-01 2.121309370988446605e-06
1.118799999999999933e-01 1.969247869581326368e-06
1.141400000000000053e-01 1.808924784288660852e-06
1.164400000000000018e-01 1.664882448617477492e-06
1.188000000000000028e-01 1.558489998496014362e-06
1.212000000000000022e-01 1.381868804307918050e-06
1.236499999999999960e-01 1.332565092811760336e-06
1.261400000000000021e-01 1.207131970024133011e-06
1.286899999999999988e-01 1.141392179133538868e-06
1.312899999999999900e-01 1.053585683874401227e-06
1.339400000000000035e-01 9.558300260024634811e-07
1.366499999999999937e-01 8.840651382952417973e-07
1.394100000000000061e-01 8.199524071023246801e-07
1.422299999999999953e-01 7.653173908076614614e-07
1.451000000000000068e-01 7.178784266984505846e-07
1.480299999999999949e-01 6.492853581519029797e-07
1.510199999999999876e-01 6.025841816758026555e-07
1.540700000000000125e-01 5.466265773768848111e-07
1.571799999999999864e-01 5.293725284672924532e-07
1.603600000000000025e-01 4.694070281823153036e-07
1.635999999999999954e-01 4.533560688265385170e-07
1.668999999999999928e-01 4.009629272989889605e-07
1.702799999999999869e-01 3.742748428366604636e-07
1.737100000000000033e-01 3.418469029554976790e-07
1.772199999999999886e-01 3.326166328600405493e-07
1.807999999999999885e-01 2.905080530554239632e-07
1.844600000000000128e-01 2.705989110707803707e-07
1.881799999999999862e-01 2.534571340142371158e-07
1.919800000000000118e-01 2.378589580686149817e-07
1.958600000000000063e-01 2.200261951538965496e-07
1.998199999999999976e-01 1.942138108804775338e-07
2.038600000000000134e-01 1.782209671726085371e-07
2.079699999999999882e-01 1.756898332595543836e-07
2.121800000000000075e-01 1.553957946815089628e-07
2.164600000000000135e-01 1.468098905553303384e-07
2.208299999999999985e-01 1.353655430075571014e-07
2.253000000000000003e-01 1.239492817875509922e-07
2.298499999999999988e-01 1.138194892597031425e-07
2.344900000000000040e-01 1.052094265814330573e-07
2.392299999999999982e-01 1.020257645786213029e-07
2.440599999999999992e-01 9.015248033327266329e-08
2.489899999999999891e-01 8.095485533754572916e-08
2.540200000000000236e-01 7.707345781392114038e-08
2.591499999999999915e-01 7.190858431736765328e-08
2.643900000000000139e-01 6.532546823356592186e-08
2.697300000000000253e-01 6.165892993874425208e-08
2.751799999999999802e-01 5.549091000087584016e-08
2.807399999999999896e-01 4.929256406225436404e-08
2.864099999999999979e-01 4.725396694894352099e-08
2.921900000000000053e-01 4.342799159651855642e-08
2.980999999999999761e-01 4.106859120001188235e-08
3.041200000000000014e-01 3.776527034508212373e-08
3.102599999999999802e-01 3.364064089521872032e-08
3.165299999999999780e-01 3.277953066456320602e-08
3.229199999999999848e-01 2.976912075188994361e-08
3.294500000000000206e-01 2.683988813763318732e-08
3.361000000000000099e-01 2.571064678086237348e-08
3.428899999999999726e-01 2.338033058807645393e-08
3.498200000000000198e-01 2.167664429259639959e-08
3.568899999999999850e-01 1.921197080906012335e-08
3.640900000000000247e-01 1.886921308963555119e-08
3.714500000000000024e-01 1.725379648995180680e-08
3.789500000000000091e-01 1.559440394460565688e-08
3.866100000000000092e-01 1.419515302996887918e-08
3.944199999999999928e-01 1.335688054677139585e-08
4.023900000000000254e-01 1.240092558114793588e-08
4.105199999999999960e-01 1.152350801188591687e-08
4.188100000000000156e-01 1.075725509523671376e-08
4.272699999999999831e-01 1.002992654393760824e-08
4.359000000000000097e-01 8.926064650152656100e-09
4.447099999999999942e-01 8.400917130691124099e-09
4.536899999999999822e-01 7.410224056201616374e-09
4.628599999999999937e-01 7.145751866334873462e-09
4.722100000000000186e-01 6.524464888526171456e-09
4.817400000000000015e-01 5.875609945008132636e-09
4.914799999999999724e-01 5.594439505374605837e-09
5.014100000000000223e-01 5.243773966541654724e-09
5.115300000000000402e-01 4.720611491829204166e-09
5.218699999999999450e-01 4.413879981676592507e-09
5.324100000000000499e-01 4.088384321223709193e-09
5.431700000000000417e-01 3.672572112985327872e-09
5.541399999999999659e-01 3.512192580241767483e-09
5.653299999999999992e-01 2.988089410996899696e-09
5.767499999999999849e-01 2.610398456124417880e-09
5.884000000000000341e-01 1.926827823201800941e-09
6.002899999999999903e-01 1.566064579982679872e-09
6.124199999999999644e-01 1.379279162898850113e-09
6.247899999999999565e-01 1.295554206301018572e-09
6.374100000000000321e-01 1.276936086251849525e-09
6.502900000000000347e-01 1.299838044758539577e-09
6.634200000000000097e-01 1.344742712099069576e-09
6.768300000000000427e-01 1.391416171033595716e-09
6.905000000000000027e-01 1.417100621535360198e-09
7.044500000000000206e-01 1.403177668539325875e-09
7.186799999999999855e-01 1.352509404532525962e-09
7.331999999999999629e-01 1.274192001534477668e-09
7.480099999999999527e-01 1.178180797417466240e-09
7.631200000000000205e-01 1.073682003982811137e-09
7.785400000000000098e-01 9.684065181418692167e-10
7.942599999999999660e-01 8.679844161796723151e-10
8.103099999999999747e-01 7.763291912813200947e-10
8.266799999999999704e-01 6.957829437934706757e-10
8.433800000000000185e-01 6.274478961856075574e-10
8.604100000000000081e-01 5.710877404670167677e-10
8.778000000000000247e-01 5.242781116864859529e-10
8.955300000000000482e-01 4.847293301916526334e-10
9.136199999999999877e-01 4.506823285541544401e-10
9.320800000000000196e-01 4.207654763274226796e-10
9.509100000000000330e-01 3.938497523390203372e-10
9.701100000000000279e-01 3.690529764369161212e-10
9.897099999999999786e-01 3.457001808863430835e-10
1.009700000000000042e+00 3.232277407392796886e-10
1.030100000000000016e+00 3.011874032008260136e-10
1.050899999999999945e+00 2.794101749151369806e-10
1.072100000000000053e+00 2.581331642933145832e-10
1.093800000000000106e+00 2.376662478367037136e-10
1.115899999999999892e+00 2.182461454428085358e-10
1.138400000000000079e+00 1.999973996255460957e-10
1.161399999999999988e+00 1.830255488369559509e-10
1.184900000000000064e+00 1.673799537789951317e-10
1.208800000000000097e+00 1.530786704925872932e-10
1.233300000000000063e+00 1.400920648838228973e-10
1.258199999999999985e+00 1.283876894809370633e-10
1.283600000000000074e+00 1.178883311558825667e-10
1.309500000000000108e+00 1.084486237209972574e-10
1.336000000000000076e+00 9.993203443588581801e-11
1.362999999999999989e+00 9.222367327555501965e-11
1.390500000000000069e+00 8.522067363530778305e-11
1.418600000000000083e+00 7.884163840333941696e-11
1.447200000000000042e+00 7.301030175950405625e-11
1.476499999999999924e+00 6.766547192353643957e-11
1.506299999999999972e+00 6.274676821324781954e-11
1.536699999999999955e+00 5.821687506567196845e-11
1.567800000000000082e+00 5.402622445044350102e-11
1.599399999999999933e+00 5.014559741160157081e-11
1.631799999999999917e+00 4.654547658001575236e-11
1.664700000000000069e+00 4.320050842071814678e-11
1.698399999999999910e+00 4.009132724485033803e-11
1.732699999999999907e+00 3.719390252429900272e-11
1.767700000000000049e+00 3.449457159624413253e-11
1.803399999999999892e+00 3.197721850227045818e-11
1.839800000000000102e+00 2.962451550387597054e-11
1.877000000000000002e+00 2.742523087350673862e-11
1.914900000000000047e+00 2.536984352773826639e-11
1.953600000000000003e+00 2.344560552341854632e-11
1.993000000000000105e+00 2.164104572603544688e-11
2.033300000000000107e+00 1.994697522427630497e-11
2.074399999999999800e+00 1.835625303348972580e-11
2.116299999999999848e+00 1.686328231138484071e-11
2.158999999999999808e+00 1.546040121696139957e-11
2.202599999999999891e+00 1.414419921899367578e-11
2.247100000000000097e+00 1.290895516523242434e-11
2.292499999999999982e+00 1.175144739194411234e-11
2.338799999999999990e+00 1.067041122790805146e-11
2.386099999999999888e+00 9.670992783067499945e-12
2.434299999999999908e+00 8.756866054227897187e-12
2.483499999999999819e+00 7.928238225016301614e-12
2.533599999999999852e+00 7.183922174615438959e-12
2.584799999999999986e+00 6.520231640293607550e-12
2.637000000000000011e+00 5.933014354066985415e-12
2.690300000000000136e+00 5.417124486224718130e-12
2.744699999999999918e+00 4.967511648783824626e-12
2.800100000000000033e+00 4.578767738458774419e-12
2.856700000000000017e+00 4.244432911870164148e-12
2.914400000000000102e+00 3.954001338323130214e-12
2.973300000000000054e+00 3.697106996849204898e-12
3.033300000000000107e+00 3.466400350224362293e-12
3.094599999999999795e+00 3.254938040884391241e-12
3.157099999999999795e+00 3.058190827240316896e-12
3.220899999999999874e+00 2.871281155739006269e-12
3.286000000000000032e+00 2.691237319807794789e-12
3.352300000000000058e+00 2.515414021674323561e-12
3.420100000000000140e+00 2.341860808021232536e-12
3.489199999999999857e+00 2.170179789212647395e-12
3.559600000000000097e+00 2.002647442163571480e-12
3.631600000000000161e+00 1.841710909402294996e-12
3.704899999999999860e+00 1.689323010442924235e-12
3.779799999999999827e+00 1.546517130418322923e-12
3.856100000000000083e+00 1.414249465147519838e-12
3.934000000000000163e+00 1.292791378949571112e-12
4.013499999999999623e+00 1.182233223322332260e-12
4.094599999999999795e+00 1.082422349470761816e-12
4.177299999999999791e+00 9.928836445471688492e-13
4.261700000000000266e+00 9.130101061788410859e-13
4.347800000000000331e+00 8.410466837077896155e-13
4.435599999999999987e+00 7.757339936328262622e-13
4.525199999999999889e+00 7.157154550189746118e-13
4.616600000000000037e+00 6.601314862643812751e-13
4.709900000000000198e+00 6.081995554457891184e-13
4.804999999999999716e+00 5.593176307585728559e-13
4.902099999999999902e+00 5.130351612315541114e-13
5.001100000000000101e+00 4.690656444657403899e-13
5.102100000000000080e+00 4.271225059735650992e-13
5.205199999999999605e+00 3.872141372141372435e-13
5.310399999999999565e+00 3.498504531047721198e-13
5.417600000000000193e+00 3.154613027089864602e-13
5.527099999999999902e+00 2.842686633553265585e-13
5.638700000000000045e+00 2.563252463790727717e-13
5.752600000000000158e+00 2.316017019879328785e-13
5.868900000000000006e+00 2.099776833921243780e-13
5.987400000000000055e+00 1.912814218828128852e-13
6.108399999999999608e+00 1.753045863366715617e-13
6.231799999999999784e+00 1.618525729247087897e-13
6.357700000000000351e+00 1.506783493499152294e-13
6.486100000000000421e+00 1.412878153994905145e-13
6.617099999999999760e+00 1.332426508004853684e-13
6.750799999999999912e+00 1.262000906506242563e-13
6.887199999999999989e+00 1.198638009932984913e-13
7.026299999999999990e+00 1.139999999999999939e-13
7.168199999999999683e+00 1.084124504266314167e-13
7.312999999999999723e+00 1.029404322081077032e-13
7.460799999999999876e+00 9.745031171737624049e-14
7.611500000000000377e+00 9.183988330668462619e-14
7.765299999999999869e+00 8.607082730306880034e-14
7.922100000000000364e+00 8.022952043291659119e-14
8.082200000000000273e+00 7.441708147760021100e-14
8.245400000000000063e+00 6.872198082626387385e-14
8.412000000000000810e+00 6.320949994552784628e-14
8.581899999999999196e+00 5.793559736882360588e-14
8.755300000000000082e+00 5.294022877396488533e-14
8.932199999999999918e+00 4.824602332979850991e-14
9.112600000000000477e+00 4.388330429343697997e-14
9.296699999999999520e+00 3.984519104084321334e-14
9.484500000000000597e+00 3.614393338620142468e-14
9.676099999999999923e+00 3.278726181153746218e-14
9.871600000000000819e+00 2.978222613286405288e-14
1.007099999999999973e+01 2.711869315877889135e-14
1.027399999999999913e+01 2.478672118142430214e-14
1.048199999999999932e+01 2.276695596271295518e-14
1.069400000000000084e+01 2.104029800203183226e-14
1.091000000000000014e+01 1.958687120941848180e-14
1.113000000000000078e+01 1.839272289881220887e-14
1.135500000000000043e+01 1.743999999999999940e-14
1.158399999999999963e+01 1.670449803888842431e-14
1.181799999999999962e+01 1.612469222652128208e-14
1.205700000000000038e+01 1.563420735662002938e-14
1.230100000000000016e+01 1.518062878344073531e-14
1.254899999999999949e+01 1.471253961068356998e-14
1.280300000000000082e+01 1.418906465148049018e-14
1.306099999999999994e+01 1.357274254178997043e-14
1.332499999999999929e+01 1.283835853963972653e-14
1.359399999999999942e+01 1.197093908629441562e-14
1.386899999999999977e+01 1.096712497325058942e-14
1.414899999999999913e+01 9.856355460325067406e-15
1.443500000000000050e+01 8.719708788351534786e-15
1.472700000000000031e+01 7.629316420014093536e-15
1.502399999999999913e+01 6.632772651491391451e-15
1.532799999999999940e+01 5.756716314031180265e-15
1.563700000000000045e+01 5.011280057225655517e-15
1.595299999999999940e+01 4.395506660737417823e-15
1.627499999999999858e+01 3.903348755681470943e-15
1.660399999999999920e+01 3.525569402664374872e-15
1.694000000000000128e+01 3.254049156189829286e-15
1.728200000000000003e+01 3.077400711675781700e-15
1.763100000000000023e+01 2.969332259039178521e-15
1.798699999999999832e+01 2.906026015396867971e-15
1.835099999999999909e+01 2.868338557993730140e-15
1.872100000000000009e+01 2.838247011952191387e-15
1.909900000000000020e+01 2.799477221807318980e-15
1.948499999999999943e+01 2.736260130590281335e-15
1.987900000000000134e+01 2.634882192159983133e-15
2.028000000000000114e+01 2.485278558137838109e-15
2.069000000000000128e+01 2.282702369959987558e-15
2.110800000000000054e+01 2.034852111818882838e-15
2.153500000000000014e+01 1.769424952935136032e-15
2.196999999999999886e+01 1.511800009024863625e-15
2.241300000000000026e+01 1.277970779993337473e-15
2.286599999999999966e+01 1.076591045974703731e-15
2.332799999999999940e+01 9.101159282197872871e-16
2.379899999999999949e+01 7.776785215789180366e-16
2.428000000000000114e+01 6.764619280372181215e-16
2.477100000000000080e+01 6.031741101931797562e-16
2.527100000000000080e+01 5.552643648037738840e-16
2.578200000000000003e+01 5.297857636489288233e-16
2.630199999999999960e+01 5.199825034628562708e-16
2.683399999999999963e+01 5.196478006767148365e-16
2.737600000000000122e+01 5.235418187718017402e-16
2.792899999999999849e+01 5.263842533162173291e-16
2.849299999999999855e+01 5.228602383531960981e-16
2.906899999999999906e+01 5.079245642442137098e-16
2.965599999999999881e+01 4.777322239639856877e-16
3.025499999999999901e+01 4.306705539358600704e-16
3.086599999999999966e+01 3.683880854110041306e-16
3.148999999999999844e+01 2.970555260518085643e-16
3.212599999999999767e+01 2.271849979454357466e-16
3.277499999999999858e+01 1.662396699643950349e-16
3.343699999999999761e+01 1.174411511908392591e-16
3.411200000000000188e+01 8.080366285363212733e-17
3.480100000000000193e+01 5.462992976769314067e-17
3.550399999999999778e+01 3.661595595660813258e-17
3.622200000000000131e+01 3.259251620000343783e-17
3.695300000000000296e+01 3.437993143603417422e-17
3.770000000000000284e+01 3.626653394843130821e-17
3.846200000000000330e+01 3.825906023999030403e-17
3.923899999999999721e+01 4.035944228883299168e-17
4.003099999999999881e+01 4.257717577175771371e-17
4.084000000000000341e+01 4.491700505806083569e-17
4.166499999999999915e+01 4.738715256021454110e-17
4.250699999999999790e+01 4.999338676824590670e-17
4.336500000000000199e+01 5.274458342640161032e-17
4.424099999999999966e+01 5.564953436284333254e-17
4.513499999999999801e+01 5.871465455563505544e-17
4.604699999999999704e+01 6.195041865046790291e-17
4.697699999999999676e+01 6.536461943712740386e-17
4.792600000000000193e+01 6.897043758232109625e-17
4.889399999999999835e+01 7.277537463309129290e-17
4.988199999999999790e+01 7.679292208586456895e-17
5.089000000000000057e+01 8.103990014203934840e-17
5.191799999999999926e+01 8.551824419502885678e-17
5.296600000000000108e+01 9.024273241868944571e-17
5.403600000000000136e+01 9.523423651557357145e-17
5.512800000000000011e+01 1.005026200406373711e-16
5.624199999999999733e+01 1.060689888782250266e-16
5.737800000000000011e+01 1.119389640579364542e-16
5.853699999999999903e+01 1.181446283592422497e-16
5.971999999999999886e+01 1.246860256495448267e-16
6.092600000000000193e+01 1.316025820937412310e-16
6.215699999999999648e+01 1.389123508927909816e-16
6.341199999999999903e+01 1.466202472226568524e-16
6.469299999999999784e+01 1.547670191672174323e-16
6.600000000000000000e+01 1.633516531449009934e-16
6.733400000000000318e+01 1.724433388612493192e-16
6.869400000000000261e+01 1.820295777388597100e-16
7.008199999999999363e+01 1.921480385508497319e-16
7.149699999999999989e+01 2.028516862711055296e-16
7.294199999999999307e+01 2.141465538976368894e-16
7.441500000000000625e+01 2.260739055181011927e-16
7.591800000000000637e+01 2.386735528737982811e-16
7.745199999999999818e+01 2.519814747302898715e-16
7.901699999999999591e+01 2.660372514903448472e-16
8.061299999999999955e+01 2.809002304806953478e-16
8.224099999999999966e+01 2.965868406396690463e-16
8.390300000000000580e+01 3.131523657450205900e-16
8.559799999999999898e+01 3.306581914383621984e-16
8.732699999999999818e+01 3.491447220346612833e-16
8.909099999999999397e+01 3.686817650438883604e-16
9.089100000000000534e+01 3.893412597073660832e-16
9.272700000000000387e+01 4.111455108359133078e-16
9.459999999999999432e+01 4.341853184430634570e-16
9.651099999999999568e+01 4.585308056872037836e-16
9.846099999999999852e+01 4.842478614646359576e-16
1.004500000000000028e+02 5.114632130063379113e-16
1.024800000000000040e+02 5.401793513072846650e-16
1.045499999999999972e+02 5.705451636721634445e-16
1.066599999999999966e+02 6.026136991645265550e-16
1.088199999999999932e+02 6.365166609412572427e-16
1.110100000000000051e+02 6.723781173993538083e-16
1.132600000000000051e+02 7.102466720374419040e-16
1.155400000000000063e+02 7.502939387796472572e-16
1.178799999999999955e+02 7.925789451133296760e-16
1.202600000000000051e+02 8.373788606104519446e-16
1.226899999999999977e+02 8.846503613650504544e-16
1.251700000000000017e+02 9.346385389791067078e-16
1.277000000000000028e+02 9.874873001443772160e-16
1.302800000000000011e+02 1.043352927877006634e-15
1.329099999999999966e+02 1.102467586783772463e-15
1.355900000000000034e+02 1.164982314300151425e-15
1.383300000000000125e+02 1.231036324786324652e-15
1.411299999999999955e+02 1.300931808555696745e-15
1.439799999999999898e+02 1.374804089857452073e-15
1.468899999999999864e+02 1.452931429022331019e-15
1.498499999999999943e+02 1.535541465042549809e-15
1.528799999999999955e+02 1.622971065631615908e-15
1.559699999999999989e+02 1.715485074626865730e-15
1.591200000000000045e+02 1.813178141645295192e-15
1.623300000000000125e+02 1.916653627497000979e-15
1.656100000000000136e+02 2.026189215426705551e-15
1.689600000000000080e+02 2.141990432854976210e-15
1.723700000000000045e+02 2.264521144662314832e-15
1.758499999999999943e+02 2.394340459968152194e-15
1.794099999999999966e+02 2.531652560509202182e-15
1.830300000000000011e+02 2.676988242167530687e-15
1.867299999999999898e+02 2.830873831414664545e-15
1.905000000000000000e+02 2.993983585652159529e-15
1.943499999999999943e+02 3.166571522479976167e-15
1.982800000000000011e+02 3.349258649093904664e-15
2.022800000000000011e+02 3.542857142857142839e-15
2.063700000000000045e+02 3.747616997724617190e-15
2.105399999999999920e+02 3.964421303829049186e-15
2.147899999999999920e+02 4.194007576627252936e-15
2.191299999999999955e+02 4.436857580249313691e-15
2.235600000000000023e+02 4.693825064938405042e-15
