1.000000000000000048e-04 1.138150743975113288e+00
1.020200000000000024e-04 1.138079311992355347e+00
1.040800000000000064e-04 1.138032940498071799e+00
1.061800000000000032e-04 1.138010249160629206e+00
1.083300000000000013e-04 1.137931034482758674e+00
1.105200000000000057e-04 1.137875955819880991e+00
1.127500000000000030e-04 1.137801179724730938e+00
1.150300000000000015e-04 1.137745098039215863e+00
1.173500000000000064e-04 1.137702291299471202e+00
1.197199999999999989e-04 1.137609201181572383e+00
1.221399999999999927e-04 1.137561246186558073e+00
1.246099999999999877e-04 1.137495467182400466e+00
1.271199999999999891e-04 1.137404806353157438e+00
1.296899999999999865e-04 1.137327831696402614e+00
1.323100000000000122e-04 1.137259930472445557e+00
1.349900000000000069e-04 1.137140941097574576e+00
1.377100000000000080e-04 1.137087272229072576e+00
1.404900000000000051e-04 1.136980412177230892e+00
1.433299999999999982e-04 1.136883431703203939e+00
1.462299999999999874e-04 1.136759424334031099e+00
1.491800000000000049e-04 1.136667680145941217e+00
1.522000000000000132e-04 1.136553369111508616e+00
1.552699999999999957e-04 1.136466632556099698e+00
1.584099999999999961e-04 1.136354948153103450e+00
1.616099999999999926e-04 1.136216672133452121e+00
1.648700000000000122e-04 1.136105686387133717e+00
1.681999999999999956e-04 1.135943766052358805e+00
1.715999999999999969e-04 1.135806287696352390e+00
1.750699999999999891e-04 1.135689061247481479e+00
1.786000000000000044e-04 1.135521563628638209e+00
1.822100000000000054e-04 1.135375000000000023e+00
1.858899999999999973e-04 1.135201944881407243e+00
1.896500000000000020e-04 1.135046878756310607e+00
1.934799999999999975e-04 1.134866999332049708e+00
1.973900000000000058e-04 1.134699853587115559e+00
2.013799999999999998e-04 1.134488230626818250e+00
2.054400000000000117e-04 1.134290477954798204e+00
2.095900000000000042e-04 1.134085417915599248e+00
2.138300000000000042e-04 1.133873697336777342e+00
2.181499999999999900e-04 1.133655929005660035e+00
2.225499999999999885e-04 1.133413276231263422e+00
2.270499999999999895e-04 1.133181024055906594e+00
2.316399999999999980e-04 1.132940168687401217e+00
2.363199999999999871e-04 1.132673171362108988e+00
2.410900000000000109e-04 1.132399765551982407e+00
2.459599999999999829e-04 1.132118557181470919e+00
2.509300000000000115e-04 1.131813057916704723e+00
2.559999999999999884e-04 1.131516835469510873e+00
2.611700000000000219e-04 1.131194609243389770e+00
2.664499999999999985e-04 1.130866361168172629e+00
2.718299999999999775e-04 1.130529103510452549e+00
2.773200000000000079e-04 1.130169912971404900e+00
2.829199999999999814e-04 1.129788675155784405e+00
2.886400000000000012e-04 1.129400356013709139e+00
2.944700000000000182e-04 1.129005783961231968e+00
3.004199999999999731e-04 1.128589678078691927e+00
3.064899999999999743e-04 1.128141207125497925e+00
3.126800000000000217e-04 1.127699565121250025e+00
3.189900000000000070e-04 1.127213588724250037e+00
3.254399999999999741e-04 1.126736603345619647e+00
3.320099999999999874e-04 1.126204819277108582e+00
3.387199999999999825e-04 1.125683060109289535e+00
3.455600000000000186e-04 1.125098873675649758e+00
3.525399999999999823e-04 1.124512470912130135e+00
3.596599999999999819e-04 1.123967473403400419e+00
3.669300000000000122e-04 1.123333438396318495e+00
3.743400000000000243e-04 1.122719170813628820e+00
3.819000000000000129e-04 1.122000505178075258e+00
3.896200000000000271e-04 1.121272168829881899e+00
3.974900000000000178e-04 1.120579090555771540e+00
4.055199999999999799e-04 1.119771319676036159e+00
4.137100000000000217e-04 1.119043169501027890e+00
4.220699999999999756e-04 1.118207642261523027e+00
4.306000000000000040e-04 1.117361610352264556e+00
4.392900000000000038e-04 1.116408177652449707e+00
4.481700000000000137e-04 1.115547489413188043e+00
4.572199999999999897e-04 1.114585981862869835e+00
4.664599999999999758e-04 1.113613696808510634e+00
4.758799999999999771e-04 1.112560110848479722e+00
4.854999999999999832e-04 1.111501878347054495e+00
4.952999999999999504e-04 1.110370776828407902e+00
5.053100000000000256e-04 1.109155200245983686e+00
5.155199999999999973e-04 1.107953260459856759e+00
5.259299999999999739e-04 1.106757356202868525e+00
5.365600000000000534e-04 1.105343290074675577e+00
5.473900000000000293e-04 1.104024459613196729e+00
5.584500000000000488e-04 1.102642772470538990e+00
5.697299999999999543e-04 1.101142036517814393e+00
5.812400000000000119e-04 1.099657970625712355e+00
5.929900000000000535e-04 1.098066298342541547e+00
6.049599999999999813e-04 1.096432948461588008e+00
6.171899999999999912e-04 1.094698886639676072e+00
6.296500000000000447e-04 1.092871766238600273e+00
6.423699999999999636e-04 1.091019712825505028e+00
6.553499999999999647e-04 1.089086461006026685e+00
6.685900000000000480e-04 1.087137172284644127e+00
6.821000000000000457e-04 1.085055096418732878e+00
6.958799999999999578e-04 1.082854891365529593e+00
7.099300000000000012e-04 1.080651393872481325e+00
7.242699999999999486e-04 1.078343259339469506e+00
7.389099999999999575e-04 1.075877449158392007e+00
7.538300000000000382e-04 1.073377773148630476e+00
7.690600000000000127e-04 1.070739057153072160e+00
7.845999999999999893e-04 1.068079350766456326e+00
8.004499999999999680e-04 1.065245160656381973e+00
8.166199999999999978e-04 1.062355435620663036e+00
8.331099999999999704e-04 1.059362888741846920e+00
8.499399999999999837e-04 1.056181337783340224e+00
8.671100000000000379e-04 1.052921118436008108e+00
8.846299999999999650e-04 1.049587513935339889e+00
9.024999999999999819e-04 1.046100686699033444e+00
9.207300000000000293e-04 1.042428142428142523e+00
9.393300000000000477e-04 1.038670313486219188e+00
9.583099999999999778e-04 1.034793016632960638e+00
9.776699999999999280e-04 1.030767985101817663e+00
9.974199999999999473e-04 1.026565540245403696e+00
1.017600000000000015e-03 1.022241265142367572e+00
1.038099999999999917e-03 1.017766400489053646e+00
1.059100000000000102e-03 1.013079488813102058e+00
1.080500000000000080e-03 1.008234688625836206e+00
1.102300000000000068e-03 1.003281644428416719e+00
1.124599999999999905e-03 9.980897803247372746e-01
1.147299999999999969e-03 9.927475883128599188e-01
1.170500000000000099e-03 9.872344771241829964e-01
1.194100000000000023e-03 9.815000333934414956e-01
1.218200000000000012e-03 9.755937755937755806e-01
1.242899999999999908e-03 9.694690834297466919e-01
1.268000000000000030e-03 9.631427940851909897e-01
1.293600000000000002e-03 9.566037735849055590e-01
1.319700000000000040e-03 9.498391697517752919e-01
1.346399999999999984e-03 9.428682008991037256e-01
1.373599999999999995e-03 9.356817385208552329e-01
1.401300000000000072e-03 9.282684702241074115e-01
1.429600000000000055e-03 9.206219772803958534e-01
1.458499999999999944e-03 9.127100173807487504e-01
1.487999999999999956e-03 9.045530832115208364e-01
1.518000000000000035e-03 8.961725411033494293e-01
1.548700000000000077e-03 8.875133571372723074e-01
1.580000000000000024e-03 8.786220301271068234e-01
1.611900000000000095e-03 8.694506487313975462e-01
1.644499999999999912e-03 8.600418667651766880e-01
1.677700000000000068e-03 8.503516446334921097e-01
1.711599999999999970e-03 8.403813770367383196e-01
1.746200000000000052e-03 8.301522275499279013e-01
1.781400000000000041e-03 8.196646411111619956e-01
1.817400000000000048e-03 8.088832088966615430e-01
1.854100000000000019e-03 7.978302011355133949e-01
1.891600000000000009e-03 7.865088450655550734e-01
1.929799999999999962e-03 7.749226137471907361e-01
1.968800000000000151e-03 7.630593132154006586e-01
2.008600000000000142e-03 7.509040021246604635e-01
2.049099999999999880e-03 7.385183105370822787e-01
2.090499999999999910e-03 7.258515455798385529e-01
2.132799999999999800e-03 7.129160706691923810e-01
2.175799999999999870e-03 6.997267137326349529e-01
2.219800000000000072e-03 6.862818171654305743e-01
2.264599999999999860e-03 6.726191565273077488e-01
2.310400000000000214e-03 6.586956521739131265e-01
2.357099999999999994e-03 6.445659844742412936e-01
2.404700000000000067e-03 6.302238547369879429e-01
2.453299999999999838e-03 6.156581813231690736e-01
2.502799999999999903e-03 6.009359070777972045e-01
2.553399999999999941e-03 5.860076495017975118e-01
2.605000000000000111e-03 5.709148956754490634e-01
2.657599999999999980e-03 5.557157112761946793e-01
2.711299999999999821e-03 5.403647454251213622e-01
2.765999999999999796e-03 5.248199844062925168e-01
2.821900000000000016e-03 5.093730285096284005e-01
2.878900000000000209e-03 4.941183416232491910e-01
2.937100000000000214e-03 4.786865273325887626e-01
2.996400000000000192e-03 4.629692978705208239e-01
3.056899999999999982e-03 4.472991146475400748e-01
3.118699999999999858e-03 4.316773607248092781e-01
3.181699999999999980e-03 4.160846732716149687e-01
3.246000000000000187e-03 4.006014077198398193e-01
3.311500000000000207e-03 3.851869293357402801e-01
3.378400000000000153e-03 3.698568470334023806e-01
3.446700000000000024e-03 3.548464612738402302e-01
3.516299999999999981e-03 3.402527300315912329e-01
3.587400000000000137e-03 3.257085540238039978e-01
3.659799999999999946e-03 3.111907884446476480e-01
3.733799999999999793e-03 2.969582199076813978e-01
3.809199999999999999e-03 2.830511632239584019e-01
3.886099999999999971e-03 2.694704763650528356e-01
3.964600000000000415e-03 2.562229437229437412e-01
4.044700000000000031e-03 2.433433922073311440e-01
4.126399999999999686e-03 2.308498673276624669e-01
4.209799999999999653e-03 2.187647792252461476e-01
4.294799999999999660e-03 2.071023448742910500e-01
4.381600000000000251e-03 1.958243040506751076e-01
4.470100000000000288e-03 1.849807642985380751e-01
4.560400000000000044e-03 1.746365317194903677e-01
4.652500000000000385e-03 1.647726141904667096e-01
4.746499999999999851e-03 1.553769238309969380e-01
4.842400000000000176e-03 1.464458180413366895e-01
4.940199999999999626e-03 1.379996193376475111e-01
5.040000000000000209e-03 1.300103160461408558e-01
5.141899999999999596e-03 1.224974581754320890e-01
5.245699999999999842e-03 1.154441913439635536e-01
5.351700000000000033e-03 1.088393819619116049e-01
5.459799999999999896e-03 1.026837909654561565e-01
5.570099999999999704e-03 9.695143256464011650e-02
5.682600000000000325e-03 9.161640530759951329e-02
5.797400000000000296e-03 8.668083297917551777e-02
5.914499999999999619e-03 8.211422341496142641e-02
6.034000000000000301e-03 7.789639192320424455e-02
6.155899999999999740e-03 7.401257758902318740e-02
6.280299999999999945e-03 7.043776201225411537e-02
6.407200000000000048e-03 6.715195415107856614e-02
6.536600000000000049e-03 6.412402735203960591e-02
6.668600000000000222e-03 6.133742140805713283e-02
6.803299999999999972e-03 5.877012728109186346e-02
6.940799999999999574e-03 5.638918345705196122e-02
7.080999999999999621e-03 5.418338323353293767e-02
7.224000000000000386e-03 5.211849988904505154e-02
7.369999999999999815e-03 5.018426440479672318e-02
7.518900000000000236e-03 4.834959878551289836e-02
7.670800000000000188e-03 4.659875616555864825e-02
7.825699999999999670e-03 4.491127606928243393e-02
7.983799999999999231e-03 4.327645289880411444e-02
8.145100000000000603e-03 4.167658455577082782e-02
8.309600000000000319e-03 4.009928786633799175e-02
8.477500000000000660e-03 3.853937915141656539e-02
8.648799999999999891e-03 3.698718378849896044e-02
8.823499999999999746e-03 3.543950568068567064e-02
9.001699999999999632e-03 3.390036851803106266e-02
9.183600000000000096e-03 3.236571056062581553e-02
9.369099999999999998e-03 3.084555261288030384e-02
9.558300000000000476e-03 2.934314980793854485e-02
9.751400000000000345e-03 2.786571047788284627e-02
9.948399999999999604e-03 2.642272841681349294e-02
1.014900000000000004e-02 2.502465206265992725e-02
1.035400000000000036e-02 2.367756315007429196e-02
1.056400000000000047e-02 2.239171837562204184e-02
1.077700000000000012e-02 2.116951219512195129e-02
1.099499999999999957e-02 2.001937163266541767e-02
1.121699999999999954e-02 1.894192617530359585e-02
1.144300000000000005e-02 1.793789190803224756e-02
1.167499999999999961e-02 1.700409422654719852e-02
1.191000000000000045e-02 1.613824015097900522e-02
1.215100000000000034e-02 1.533391967165054041e-02
1.239700000000000003e-02 1.458425655976676623e-02
1.264700000000000026e-02 1.388167053364269300e-02
1.290200000000000027e-02 1.321904761904761985e-02
1.316299999999999935e-02 1.258733624454148360e-02
1.342899999999999996e-02 1.198009039418731179e-02
1.370000000000000037e-02 1.139161157966719906e-02
1.397699999999999984e-02 1.081823860087445348e-02
1.425900000000000084e-02 1.025752773375594382e-02
1.454699999999999917e-02 9.709915909475704335e-03
1.484100000000000003e-02 9.176424228777301656e-03
1.514099999999999994e-02 8.660262891809909075e-03
1.544700000000000066e-02 8.164741504990467511e-03
1.575899999999999870e-02 7.693599865613975214e-03
1.607700000000000101e-02 7.249944059073617011e-03
1.640199999999999991e-02 6.835690725107619950e-03
1.673399999999999888e-02 6.451450612107999770e-03
1.707200000000000037e-02 6.096169974839250362e-03
1.741600000000000092e-02 5.767121754700088934e-03
1.776799999999999907e-02 5.460956755545597757e-03
1.812700000000000075e-02 5.173539808113112454e-03
1.849299999999999902e-02 4.900427302372652692e-03
1.886699999999999836e-02 4.637957274110816354e-03
1.924800000000000122e-02 4.383480325644505647e-03
1.963700000000000168e-02 4.136049018495404142e-03
2.003399999999999972e-02 3.895591250854408324e-03
2.043800000000000130e-02 3.663557818847628170e-03
2.085100000000000148e-02 3.441888550232906265e-03
2.127199999999999924e-02 3.232477446217903866e-03
2.170199999999999907e-02 3.036655611799615826e-03
2.214100000000000096e-02 2.854917120599777345e-03
2.258800000000000044e-02 2.686862132027608829e-03
2.304399999999999851e-02 2.531093935790725176e-03
2.350999999999999965e-02 2.385648342425513921e-03
2.398499999999999938e-02 2.248518204911092565e-03
2.446900000000000117e-02 2.118329466357308632e-03
2.496400000000000008e-02 1.993771199506629618e-03
2.546800000000000105e-02 1.874719521316379990e-03
2.598200000000000162e-02 1.761124416992310669e-03
2.650699999999999931e-02 1.653507653061224479e-03
2.704300000000000107e-02 1.551911157024793344e-03
2.758899999999999894e-02 1.456442119032047306e-03
2.814600000000000088e-02 1.366920782234007153e-03
2.871500000000000094e-02 1.282756302521008375e-03
2.929500000000000159e-02 1.203751705320600185e-03
2.988700000000000037e-02 1.129561664704660301e-03
3.048999999999999974e-02 1.059998593233452959e-03
3.110600000000000170e-02 9.946390278770551180e-04
3.173499999999999932e-02 9.330668604651162334e-04
3.237600000000000200e-02 8.746211281141421387e-04
3.302999999999999686e-02 8.184758895659370115e-04
3.369699999999999779e-02 7.640652523550585861e-04
3.437799999999999884e-02 7.112618936203401934e-04
3.507199999999999901e-02 6.602812648975051654e-04
3.578100000000000031e-02 6.112703424823900163e-04
3.650400000000000172e-02 5.643257963360289809e-04
3.724100000000000327e-02 5.195675948515184875e-04
3.799299999999999899e-02 4.773393944592160148e-04
3.876099999999999685e-02 4.382893125765262039e-04
3.954400000000000276e-02 4.032729867118522906e-04
4.034299999999999692e-02 3.725197781213058080e-04
4.115800000000000014e-02 3.456838201205377826e-04
4.198899999999999855e-02 3.212570888468808928e-04
4.283800000000000108e-02 2.981406551059730104e-04
4.370299999999999879e-02 2.757926769411995658e-04
4.458600000000000063e-02 2.547345265473452804e-04
4.548599999999999866e-02 2.357738477045725198e-04
4.640500000000000180e-02 2.188795390482507275e-04
4.734300000000000314e-02 2.035467273954115963e-04
4.829900000000000165e-02 1.891222540284970049e-04
4.927499999999999936e-02 1.758308815517053612e-04
5.027000000000000218e-02 1.639398702650047711e-04
5.128599999999999826e-02 1.532150202870533713e-04
5.232200000000000045e-02 1.424954090769107974e-04
5.337900000000000283e-02 1.313980932987782266e-04
5.445699999999999846e-02 1.208648115996433805e-04
5.555700000000000222e-02 1.123824358227411594e-04
5.668000000000000121e-02 1.054939759036144584e-04
5.782500000000000140e-02 9.845350128773175716e-05
5.899299999999999683e-02 9.030714444691742755e-05
6.018400000000000138e-02 8.257569114754920061e-05
6.140000000000000319e-02 7.698448963013733144e-05
6.264100000000000223e-02 7.268809180732811682e-05
6.390600000000000447e-02 6.771912428567701233e-05
6.519700000000000495e-02 6.192140663065352519e-05
6.651400000000000368e-02 5.698052821257597355e-05
6.785800000000000165e-02 5.344799300010937031e-05
6.922899999999999887e-02 5.001948286899162100e-05
7.062699999999999534e-02 4.608085106382978779e-05
7.205400000000000693e-02 4.253446078999189325e-05
7.351000000000000589e-02 3.971604956548773158e-05
7.499400000000000510e-02 3.691640510091130894e-05
7.650899999999999368e-02 3.401120273844718186e-05
7.805499999999999938e-02 3.153971656163025351e-05
7.963199999999999446e-02 2.945866693024941458e-05
8.124099999999999377e-02 2.727937177046505068e-05
8.288199999999999734e-02 2.512868260632784693e-05
8.455600000000000616e-02 2.342607746863066098e-05
8.626399999999999346e-02 2.183853881967089805e-05
8.800700000000000189e-02 2.003520438098963460e-05
8.978500000000000369e-02 1.859814792250517792e-05
9.159799999999999887e-02 1.741409496487860166e-05
9.344900000000000428e-02 1.595903165735567926e-05
9.533700000000000507e-02 1.483444009824433702e-05
9.726300000000000223e-02 1.386968210546174915e-05
9.922699999999999576e-02 1.265219408561451330e-05
1.012300000000000005e-01 1.187370652667709832e-05
1.032799999999999968e-01 1.100101506988365836e-05
1.053599999999999953e-01 1.006346061157821500e-05
1.074900000000000022e-01 9.466380897425329295e-06
1.096599999999999936e-01 8.709250977414001045e-06
1.118799999999999933e-01 8.045501551189245478e-06
1.141400000000000053e-01 7.434042927000674098e-06
1.164400000000000018e-01 6.983606557377049413e-06
1.188000000000000028e-01 6.359447004608295318e-06
1.212000000000000022e-01 5.940545207845072388e-06
1.236499999999999960e-01 5.532709693621296014e-06
1.261400000000000021e-01 5.026404224675948313e-06
1.286899999999999988e-01 4.754693530450710058e-06
1.312899999999999900e-01 4.309708998256671558e-06
1.339400000000000035e-01 4.062068965517241948e-06
1.366499999999999937e-01 3.724233685784471058e-06
1.394100000000000061e-01 3.468526308021548569e-06
1.422299999999999953e-01 3.180028399278504688e-06
1.451000000000000068e-01 2.971530391607271877e-06
1.480299999999999949e-01 2.725220886897533824e-06
1.510199999999999876e-01 2.554410733076113454e-06
1.540700000000000125e-01 2.339929296175565581e-06
1.571799999999999864e-01 2.174109286468837483e-06
1.603600000000000025e-01 2.012774271115118949e-06
1.635999999999999954e-01 1.839800010416124186e-06
1.668999999999999928e-01 1.726140407635069534e-06
1.702799999999999869e-01 1.576288144072035949e-06
1.737100000000000033e-01 1.478000342407121988e-06
1.772199999999999886e-01 1.354576786027221295e-06
1.807999999999999885e-01 1.260459564309161419e-06
1.844600000000000128e-01 1.161219512195121922e-06
1.881799999999999862e-01 1.073995507861242682e-06
1.919800000000000118e-01 9.926997950819672056e-07
1.958600000000000063e-01 9.076567656765676532e-07
1.998199999999999976e-01 8.513707527175770980e-07
2.038600000000000134e-01 7.837626298562686563e-07
2.079699999999999882e-01 7.277492750390363130e-07
2.121800000000000075e-01 6.686404363069730819e-07
2.164600000000000135e-01 6.137347822534520700e-07
2.208299999999999985e-01 5.800513478818998660e-07
2.253000000000000003e-01 5.289008042895442199e-07
2.298499999999999988e-01 4.852443783683329872e-07
2.344900000000000040e-01 4.599769208577747720e-07
2.392299999999999982e-01 4.143338620142744229e-07
2.440599999999999992e-01 3.820987402666231505e-07
2.489899999999999891e-01 3.552925155816267850e-07
2.540200000000000236e-01 3.283937835010407432e-07
2.591499999999999915e-01 3.087201203543767603e-07
2.643900000000000139e-01 2.814676012677262281e-07
2.697300000000000253e-01 2.578801398770046837e-07
2.751799999999999802e-01 2.399051678478649720e-07
2.807399999999999896e-01 2.227899914174424191e-07
2.864099999999999979e-01 2.064469795320829883e-07
2.921900000000000053e-01 1.914810866872173517e-07
2.980999999999999761e-01 1.763305992935400557e-07
3.041200000000000014e-01 1.623603081358401411e-07
3.102599999999999802e-01 1.499238989377893911e-07
3.165299999999999780e-01 1.379971179169496299e-07
3.229199999999999848e-01 1.266758194611292305e-07
3.294500000000000206e-01 1.172167118595690023e-07
3.361000000000000099e-01 1.075587885101949722e-07
3.428899999999999726e-01 9.849533437013996797e-08
3.498200000000000198e-01 9.308642476941205899e-08
3.568899999999999850e-01 8.724351365100897329e-08
3.640900000000000247e-01 7.959228698760093098e-08
3.714500000000000024e-01 7.246625879333654232e-08
3.789500000000000091e-01 6.724211727778570089e-08
3.866100000000000092e-01 6.203166292079330486e-08
3.944199999999999928e-01 5.752364795393790471e-08
4.023900000000000254e-01 5.322092056939120225e-08
4.105199999999999960e-01 4.871522140737838247e-08
4.188100000000000156e-01 4.455905557828297523e-08
4.272699999999999831e-01 4.166412771921272331e-08
4.359000000000000097e-01 3.906601947907744428e-08
4.447099999999999942e-01 3.567514031033344152e-08
4.536899999999999822e-01 3.318152132815453496e-08
4.628599999999999937e-01 3.034969544965961864e-08
4.722100000000000186e-01 2.786614320433725752e-08
4.817400000000000015e-01 2.610109289617486680e-08
4.914799999999999724e-01 2.345688566657162752e-08
5.014100000000000223e-01 2.224898063200815417e-08
5.115300000000000402e-01 2.061146778835510218e-08
5.218699999999999450e-01 1.879495821598411436e-08
5.324100000000000499e-01 1.738870687993833097e-08
5.431700000000000417e-01 1.604597354257834121e-08
5.541399999999999659e-01 1.509374507641405243e-08
5.653299999999999992e-01 1.351332090779519924e-08
5.767499999999999849e-01 1.213112878311116154e-08
5.884000000000000341e-01 1.031770677814272937e-08
6.002899999999999903e-01 9.084730968264855383e-09
6.124199999999999644e-01 8.234375000000001563e-09
6.247899999999999565e-01 7.639899367648058277e-09
6.374100000000000321e-01 7.215198863636362850e-09
6.502900000000000347e-01 6.897380722712770169e-09
6.634200000000000097e-01 6.635708194433677778e-09
6.768300000000000427e-01 6.389419961114711772e-09
6.905000000000000027e-01 6.122502539790043409e-09
7.044500000000000206e-01 5.811095381348434284e-09
7.186799999999999855e-01 5.462733493619381969e-09
7.331999999999999629e-01 5.093958434026099274e-09
7.480099999999999527e-01 4.717568359572360868e-09
7.631200000000000205e-01 4.345387126422210441e-09
7.785400000000000098e-01 3.986635003037498878e-09
7.942599999999999660e-01 3.647713754432163555e-09
8.103099999999999747e-01 3.333373592927194600e-09
8.266799999999999704e-01 3.046597698536006427e-09
8.433800000000000185e-01 2.788611441405734053e-09
8.604100000000000081e-01 2.559254806031206395e-09
8.778000000000000247e-01 2.354659148413214418e-09
8.955300000000000482e-01 2.171177031176728680e-09
9.136199999999999877e-01 2.005286650416284410e-09
9.320800000000000196e-01 1.854471369651996648e-09
9.509100000000000330e-01 1.716175221453707028e-09
9.701100000000000279e-01 1.588776398867842505e-09
9.897099999999999786e-01 1.470667552938942208e-09
1.009700000000000042e+00 1.360583709417682275e-09
1.030100000000000016e+00 1.257446144239775240e-09
1.050899999999999945e+00 1.160564853556485240e-09
1.072100000000000053e+00 1.069893209200438062e-09
1.093800000000000106e+00 9.854237855145883372e-10
1.115899999999999892e+00 9.071071071071070676e-10
1.138400000000000079e+00 8.348010693505267983e-10
1.161399999999999988e+00 7.682973700104320847e-10
1.184900000000000064e+00 7.073591579673885264e-10
1.208800000000000097e+00 6.517036724610610989e-10
1.233300000000000063e+00 6.010163178991888265e-10
1.258199999999999985e+00 5.549970236126727660e-10
1.283600000000000074e+00 5.132896697508403482e-10
1.309500000000000108e+00 4.753967389330719304e-10
1.336000000000000076e+00 4.407063479981732308e-10
1.362999999999999989e+00 4.088950937375349484e-10
1.390500000000000069e+00 3.795676896061543514e-10
1.418600000000000083e+00 3.523907612744882837e-10
1.447200000000000042e+00 3.271019020490673323e-10
1.476499999999999924e+00 3.035065748278021035e-10
1.506299999999999972e+00 2.814100297964749425e-10
1.536699999999999955e+00 2.606492268587163356e-10
1.567800000000000082e+00 2.411150599733451984e-10
1.599399999999999933e+00 2.227638015373864461e-10
1.631799999999999917e+00 2.056003420056186468e-10
1.664700000000000069e+00 1.895970789827685584e-10
1.698399999999999910e+00 1.747161190620170723e-10
1.732699999999999907e+00 1.609106287003101227e-10
1.767700000000000049e+00 1.481330868761552569e-10
1.803399999999999892e+00 1.363586998681250577e-10
1.839800000000000102e+00 1.254984943436152235e-10
1.877000000000000002e+00 1.155166524338172618e-10
1.914900000000000047e+00 1.063625772918720132e-10
1.953600000000000003e+00 9.795937558773746591e-11
1.993000000000000105e+00 9.025362676403829538e-11
2.033300000000000107e+00 8.318245846625512622e-11
2.074399999999999800e+00 7.669620046746752104e-11
2.116299999999999848e+00 7.074389784670158405e-11
2.158999999999999808e+00 6.528233631201934888e-11
2.202599999999999891e+00 6.027061353319164091e-11
2.247100000000000097e+00 5.566953146659273197e-11
2.292499999999999982e+00 5.144777877884815611e-11
2.338799999999999990e+00 4.757025803728660454e-11
2.386099999999999888e+00 4.399804392010635834e-11
2.434299999999999908e+00 4.069967102623766149e-11
2.483499999999999819e+00 3.764198321480332739e-11
2.533599999999999852e+00 3.480115396187678288e-11
2.584799999999999986e+00 3.215480704885121526e-11
2.637000000000000011e+00 2.968545600093719273e-11
2.690300000000000136e+00 2.737489745693191222e-11
2.744699999999999918e+00 2.521220216295402884e-11
2.800100000000000033e+00 2.318381387769881868e-11
2.856700000000000017e+00 2.128248412943721810e-11
2.914400000000000102e+00 1.950839328537170399e-11
2.973300000000000054e+00 1.786173591244324306e-11
3.033300000000000107e+00 1.634124817296820149e-11
3.094599999999999795e+00 1.494320157644604387e-11
3.157099999999999795e+00 1.366313417382300938e-11
3.220899999999999874e+00 1.249527954683649721e-11
3.286000000000000032e+00 1.143380869097268816e-11
3.352300000000000058e+00 1.047156138428364294e-11
3.420100000000000140e+00 9.602808947016421482e-12
3.489199999999999857e+00 8.818980667838312703e-12
3.559600000000000097e+00 8.111991461061619033e-12
3.631600000000000161e+00 7.472812014500258726e-12
3.704899999999999860e+00 6.894111242174031208e-12
3.779799999999999827e+00 6.368882953353048008e-12
3.856100000000000083e+00 5.892382528458954105e-12
3.934000000000000163e+00 5.458188337024147833e-12
4.013499999999999623e+00 5.063037090425236729e-12
4.094599999999999795e+00 4.701976330671019440e-12
4.177299999999999791e+00 4.371812162824913722e-12
4.261700000000000266e+00 4.069370124427825406e-12
4.347800000000000331e+00 3.790697674418605387e-12
4.435599999999999987e+00 3.532444381061038249e-12
4.525199999999999889e+00 3.291885405729713487e-12
4.616600000000000037e+00 3.066577265914648502e-12
4.709900000000000198e+00 2.854546963159641453e-12
4.804999999999999716e+00 2.654185214279480053e-12
4.902099999999999902e+00 2.464052887705445166e-12
5.001100000000000101e+00 2.283106345986670590e-12
5.102100000000000080e+00 2.110723830621805305e-12
5.205199999999999605e+00 1.946330250708290758e-12
5.310399999999999565e+00 1.790776152980877379e-12
5.417600000000000193e+00 1.644908925210969114e-12
5.527099999999999902e+00 1.509128496351092248e-12
5.638700000000000045e+00 1.383716206476300456e-12
5.752600000000000158e+00 1.268602791108169163e-12
5.868900000000000006e+00 1.163609450281534852e-12
5.987400000000000055e+00 1.068313021167414988e-12
6.108399999999999608e+00 9.823193763561840626e-13
6.231799999999999784e+00 9.050801008238457113e-13
6.357700000000000351e+00 8.359418122251302721e-13
6.486100000000000421e+00 7.737963605015086332e-13
6.617099999999999760e+00 7.175491201767537788e-13
6.750799999999999912e+00 6.662998110347405136e-13
6.887199999999999989e+00 6.192974402693073216e-13
7.026299999999999990e+00 5.759521343918996521e-13
7.168199999999999683e+00 5.356736196913534963e-13
7.312999999999999723e+00 4.980488178131455658e-13
7.460799999999999876e+00 4.627406750986869195e-13
7.611500000000000377e+00 4.294155899233792158e-13
7.765299999999999869e+00 3.979339704087404969e-13
7.922100000000000364e+00 3.682527741207447303e-13
8.082200000000000273e+00 3.404409823078954141e-13
8.245400000000000063e+00 3.144525547445255291e-13
8.412000000000000810e+00 2.903038067349926549e-13
8.581899999999999196e+00 2.679477295505358101e-13
8.755300000000000082e+00 2.473105184102626547e-13
8.932199999999999918e+00 2.283381076574458249e-13
9.112600000000000477e+00 2.109379925248795624e-13
9.296699999999999520e+00 1.950294061847846681e-13
9.484500000000000597e+00 1.804975522030172791e-13
9.676099999999999923e+00 1.671858556093454081e-13
9.871600000000000819e+00 1.549082645086192706e-13
1.007099999999999973e+01 1.435160857126175065e-13
1.027399999999999913e+01 1.329068766145897356e-13
1.048199999999999932e+01 1.229702585369014297e-13
1.069400000000000084e+01 1.136323298518670187e-13
1.091000000000000014e+01 1.048256023013304672e-13
1.113000000000000078e+01 9.649189271101683151e-14
1.135500000000000043e+01 8.860769599233593119e-14
1.158399999999999963e+01 8.113980484522208162e-14
1.181799999999999962e+01 7.410617743507931876e-14
1.205700000000000038e+01 6.754482629809488255e-14
1.230100000000000016e+01 6.146526274355441150e-14
1.254899999999999949e+01 5.586896330018355211e-14
1.280300000000000082e+01 5.074419722865760190e-14
1.306099999999999994e+01 4.607695231075742539e-14
1.332499999999999929e+01 4.184649367672403720e-14
1.359399999999999942e+01 3.802890764901509388e-14
1.386899999999999977e+01 3.459692639525479039e-14
1.414899999999999913e+01 3.152226421528231557e-14
1.443500000000000050e+01 2.876632322990295849e-14
1.472700000000000031e+01 2.629709721717992737e-14
1.502399999999999913e+01 2.408159190736057766e-14
1.532799999999999940e+01 2.209400210452472876e-14
1.563700000000000045e+01 2.030761836097092086e-14
1.595299999999999940e+01 1.870405737225708423e-14
1.627499999999999858e+01 1.726133492203710065e-14
1.660399999999999920e+01 1.596352925889028512e-14
1.694000000000000128e+01 1.479565276953285473e-14
1.728200000000000003e+01 1.374229732331985305e-14
1.763100000000000023e+01 1.278525022840320984e-14
1.798699999999999832e+01 1.190667308824316505e-14
1.835099999999999909e+01 1.109318136936835265e-14
1.872100000000000009e+01 1.033255004610488118e-14
1.909900000000000020e+01 9.615794755990465289e-15
1.948499999999999943e+01 8.935114756266949353e-15
1.987900000000000134e+01 8.284976984237688730e-15
2.028000000000000114e+01 7.660881076708097402e-15
2.069000000000000128e+01 7.059485031797735083e-15
2.110800000000000054e+01 6.480595427963848701e-15
2.153500000000000014e+01 5.925478695877178257e-15
2.196999999999999886e+01 5.398644653658979503e-15
2.241300000000000026e+01 4.901669224865694827e-15
2.286599999999999966e+01 4.436383872110082829e-15
2.332799999999999940e+01 4.003361434211929704e-15
2.379899999999999949e+01 3.602644907146876678e-15
2.428000000000000114e+01 3.233974358974359313e-15
2.477100000000000080e+01 2.896512865460464502e-15
2.527100000000000080e+01 2.588918972462523642e-15
2.578200000000000003e+01 2.310044580663137704e-15
2.630199999999999960e+01 2.059960320376221562e-15
2.683399999999999963e+01 1.837997054491899844e-15
2.737600000000000122e+01 1.642845461978740722e-15
2.792899999999999849e+01 1.473044078323125893e-15
2.849299999999999855e+01 1.326508326508326741e-15
2.906899999999999906e+01 1.201113564365940284e-15
2.965599999999999881e+01 1.095063503960135436e-15
3.025499999999999901e+01 1.006475465891605271e-15
3.086599999999999966e+01 9.336753100338218929e-16
3.148999999999999844e+01 8.749598544053098591e-16
3.212599999999999767e+01 8.273927558422651293e-16
3.277499999999999858e+01 7.881877772627954425e-16
3.343699999999999761e+01 7.551245685860802233e-16
3.411200000000000188e+01 7.263358103326256168e-16
3.480100000000000193e+01 7.002567094515752845e-16
3.550399999999999778e+01 6.755101705767430853e-16
3.622200000000000131e+01 6.509589230955804459e-16
3.695300000000000296e+01 6.255736146406567656e-16
3.770000000000000284e+01 5.985028264937971142e-16
3.846200000000000330e+01 5.692586484230245025e-16
3.923899999999999721e+01 5.382813675140211078e-16
4.003099999999999881e+01 5.062478739086063823e-16
4.084000000000000341e+01 4.736955481091432044e-16
4.166499999999999915e+01 4.412165917243470136e-16
4.250699999999999790e+01 4.092411880765743956e-16
4.336500000000000199e+01 3.781448753306692190e-16
4.424099999999999966e+01 3.482148161349729992e-16
4.513499999999999801e+01 3.197466608139462175e-16
4.604699999999999704e+01 2.928249933809901774e-16
4.697699999999999676e+01 2.676122270742358120e-16
4.792600000000000193e+01 2.441309879411439404e-16
4.889399999999999835e+01 2.223839925256929508e-16
4.988199999999999790e+01 2.023382921015862555e-16
5.089000000000000057e+01 1.839529738406142762e-16
5.191799999999999926e+01 1.671613080516625350e-16
5.296600000000000108e+01 1.518760274634948356e-16
5.403600000000000136e+01 1.380091883614089141e-16
5.512800000000000011e+01 1.254756130423066653e-16
5.624199999999999733e+01 1.141743484693296949e-16
5.737800000000000011e+01 1.128266746770802158e-16
5.853699999999999903e+01 1.190738978750396289e-16
5.971999999999999886e+01 1.256798392498325568e-16
6.092600000000000193e+01 1.326449787835926435e-16
6.215699999999999648e+01 1.400119483235008482e-16
6.341199999999999903e+01 1.477763759659359891e-16
6.469299999999999784e+01 1.559913398284619761e-16
6.600000000000000000e+01 1.646443330695506790e-16
6.733400000000000318e+01 1.738044386665428536e-16
6.869400000000000261e+01 1.834575406942537796e-16
7.008199999999999363e+01 1.936703223868849790e-16
7.149699999999999989e+01 2.044579578265815085e-16
7.294199999999999307e+01 2.158409665831148300e-16
7.441500000000000625e+01 2.278638526290106235e-16
7.591800000000000637e+01 2.405617832753511028e-16
7.745199999999999818e+01 2.539738704409362746e-16
7.901699999999999591e+01 2.681443788002932404e-16
8.061299999999999955e+01 2.831222859919225141e-16
8.224099999999999966e+01 2.989318706697459817e-16
8.390300000000000580e+01 3.156298705698990882e-16
8.559799999999999898e+01 3.332736806313642023e-16
8.732699999999999818e+01 3.519103162750251088e-16
8.909099999999999397e+01 3.715974676971621024e-16
9.089100000000000534e+01 3.924216211654500150e-16
9.272700000000000387e+01 4.143987518109885393e-16
9.459999999999999432e+01 4.376206847831206647e-16
9.651099999999999568e+01 4.621585311240483656e-16
9.846099999999999852e+01 4.880792787109323210e-16
1.004500000000000028e+02 5.155117344813220341e-16
1.024800000000000040e+02 5.444594435966663228e-16
1.045499999999999972e+02 5.750387596899225410e-16
1.066599999999999966e+02 6.073722149410222366e-16
1.088199999999999932e+02 6.415414444983034009e-16
1.110100000000000051e+02 6.776919980973985544e-16
1.132600000000000051e+02 7.158488961064068915e-16
1.155400000000000063e+02 7.562111801242236031e-16
1.178799999999999955e+02 7.988426325790292681e-16
1.202600000000000051e+02 8.439910539047878626e-16
1.226899999999999977e+02 8.916493800955183515e-16
1.251700000000000017e+02 9.420252906383846083e-16
1.277000000000000028e+02 9.952573430342225312e-16
1.302800000000000011e+02 1.051615108528456708e-15
1.329099999999999966e+02 1.111164639287004881e-15
1.355900000000000034e+02 1.174178762414056471e-15
1.383300000000000125e+02 1.240729524194091056e-15
1.411299999999999955e+02 1.311205976520811211e-15
1.439799999999999898e+02 1.385662704979690011e-15
1.468899999999999864e+02 1.464370924129155345e-15
1.498499999999999943e+02 1.547679112008072747e-15
1.528799999999999955e+02 1.635813994843069258e-15
1.559699999999999989e+02 1.729033471229785815e-15
1.591200000000000045e+02 1.827418232428670748e-15
1.623300000000000125e+02 1.931746499011732928e-15
1.656100000000000136e+02 2.042139203913720225e-15
1.689600000000000080e+02 2.158841029621006375e-15
1.723700000000000045e+02 2.282320751197064712e-15
1.758499999999999943e+02 2.413176173437171289e-15
1.794099999999999966e+02 2.551521645352963381e-15
1.830300000000000011e+02 2.697992109756815384e-15
1.867299999999999898e+02 2.853093706685770220e-15
1.905000000000000000e+02 3.017465809853353585e-15
1.943499999999999943e+02 3.191359531364412579e-15
1.982800000000000011e+02 3.375518863573471152e-15
2.022800000000000011e+02 3.570661616851805250e-15
2.063700000000000045e+02 3.777038613309092220e-15
2.105399999999999920e+02 3.995452259658481858e-15
2.147899999999999920e+02 4.226906701221770110e-15
2.191299999999999955e+02 4.471628339823182303e-15
2.235600000000000023e+02 4.730566859334905499e-15
2.280699999999999932e+02 5.004800702274160822e-15
