1.000000000000000048e-04 1.232320596458527540e+00
1.020200000000000024e-04 1.232279290806068239e+00
1.040800000000000064e-04 1.232219673071408117e+00
1.061800000000000032e-04 1.232151017682005190e+00
1.083300000000000013e-04 1.232057911065149947e+00
1.105200000000000057e-04 1.231991346381367869e+00
1.127500000000000030e-04 1.231901352426412188e+00
1.150300000000000015e-04 1.231829410999869978e+00
1.173500000000000064e-04 1.231767180925666283e+00
1.197199999999999989e-04 1.231644422217360146e+00
1.221399999999999927e-04 1.231570881226053737e+00
1.246099999999999877e-04 1.231469792605951463e+00
1.271199999999999891e-04 1.231342843668945752e+00
1.296899999999999865e-04 1.231256141973524398e+00
1.323100000000000122e-04 1.231166033671560411e+00
1.349900000000000069e-04 1.231017231795441758e+00
1.377100000000000080e-04 1.230901310948188776e+00
1.404900000000000051e-04 1.230783621979901543e+00
1.433299999999999982e-04 1.230658349931858631e+00
1.462299999999999874e-04 1.230531996915959825e+00
1.491800000000000049e-04 1.230373749338441014e+00
1.522000000000000132e-04 1.230229339659944632e+00
1.552699999999999957e-04 1.230085064101010595e+00
1.584099999999999961e-04 1.229924665510111925e+00
1.616099999999999926e-04 1.229754608375474678e+00
1.648700000000000122e-04 1.229575630156082289e+00
1.681999999999999956e-04 1.229405700968088988e+00
1.715999999999999969e-04 1.229200544983078958e+00
1.750699999999999891e-04 1.229027044499515053e+00
1.786000000000000044e-04 1.228836481974557193e+00
1.822100000000000054e-04 1.228604583695967367e+00
1.858899999999999973e-04 1.228404218569019157e+00
1.896500000000000020e-04 1.228160369838992683e+00
1.934799999999999975e-04 1.227919337189307347e+00
1.973900000000000058e-04 1.227681223293157320e+00
2.013799999999999998e-04 1.227441842985456111e+00
2.054400000000000117e-04 1.227160493827160526e+00
2.095900000000000042e-04 1.226898196667991714e+00
2.138300000000000042e-04 1.226592954851513317e+00
2.181499999999999900e-04 1.226303626348803633e+00
2.225499999999999885e-04 1.225991684841875706e+00
2.270499999999999895e-04 1.225675472454759829e+00
2.316399999999999980e-04 1.225331804030804772e+00
2.363199999999999871e-04 1.224966257471559850e+00
2.410900000000000109e-04 1.224611990861104394e+00
2.459599999999999829e-04 1.224230905916345868e+00
2.509300000000000115e-04 1.223824964392860259e+00
2.559999999999999884e-04 1.223429072376339244e+00
2.611700000000000219e-04 1.222989611108682872e+00
2.664499999999999985e-04 1.222558797473780379e+00
2.718299999999999775e-04 1.222085219072706508e+00
2.773200000000000079e-04 1.221605430212426846e+00
2.829199999999999814e-04 1.221097876468685950e+00
2.886400000000000012e-04 1.220583766070744369e+00
2.944700000000000182e-04 1.220029542863066307e+00
3.004199999999999731e-04 1.219466327827191776e+00
3.064899999999999743e-04 1.218880055822762598e+00
3.126800000000000217e-04 1.218284904323175155e+00
3.189900000000000070e-04 1.217676803987825629e+00
3.254399999999999741e-04 1.217010176024065249e+00
3.320099999999999874e-04 1.216266045954230268e+00
3.387199999999999825e-04 1.215548901067857068e+00
3.455600000000000186e-04 1.214844529154939012e+00
3.525399999999999823e-04 1.214044315008204533e+00
3.596599999999999819e-04 1.213248223020279459e+00
3.669300000000000122e-04 1.212444221504634490e+00
3.743400000000000243e-04 1.211531169616413273e+00
3.819000000000000129e-04 1.210604598810097965e+00
3.896200000000000271e-04 1.209618606484675452e+00
3.974900000000000178e-04 1.208659514835217941e+00
4.055199999999999799e-04 1.207658041891763956e+00
4.137100000000000217e-04 1.206617715401059554e+00
4.220699999999999756e-04 1.205541883146477034e+00
4.306000000000000040e-04 1.204326063639613809e+00
4.392900000000000038e-04 1.203190743338008462e+00
4.481700000000000137e-04 1.202011518954697822e+00
4.572199999999999897e-04 1.200623788249178148e+00
4.664599999999999758e-04 1.199322089947089998e+00
4.758799999999999771e-04 1.197892176732873848e+00
4.854999999999999832e-04 1.196454126252186168e+00
4.952999999999999504e-04 1.194916575705597950e+00
5.053100000000000256e-04 1.193454656675332570e+00
5.155199999999999973e-04 1.191811637672465451e+00
5.259299999999999739e-04 1.190087506434296616e+00
5.365600000000000534e-04 1.188374441078897892e+00
5.473900000000000293e-04 1.186505410566518259e+00
5.584500000000000488e-04 1.184560965459841908e+00
5.697299999999999543e-04 1.182708659274879226e+00
5.812400000000000119e-04 1.180575011673670849e+00
5.929900000000000535e-04 1.178541053320248500e+00
6.049599999999999813e-04 1.176247914795329086e+00
6.171899999999999912e-04 1.173975964260995486e+00
6.296500000000000447e-04 1.171613699475470449e+00
6.423699999999999636e-04 1.169087388041636366e+00
6.553499999999999647e-04 1.166547958214624758e+00
6.685900000000000480e-04 1.163921066418301509e+00
6.821000000000000457e-04 1.161100645087629113e+00
6.958799999999999578e-04 1.158221824085997609e+00
7.099300000000000012e-04 1.155235846466421412e+00
7.242699999999999486e-04 1.152135279228822418e+00
7.389099999999999575e-04 1.148893466434268040e+00
7.538300000000000382e-04 1.145565685868213723e+00
7.690600000000000127e-04 1.142102321800538611e+00
7.845999999999999893e-04 1.138529001395256035e+00
8.004499999999999680e-04 1.134793020868970048e+00
8.166199999999999978e-04 1.130907870769820800e+00
8.331099999999999704e-04 1.126886371115603414e+00
8.499399999999999837e-04 1.122746345737077434e+00
8.671100000000000379e-04 1.118447831396137682e+00
8.846299999999999650e-04 1.113959987579292932e+00
9.024999999999999819e-04 1.109336930038287594e+00
9.207300000000000293e-04 1.104510732727350231e+00
9.393300000000000477e-04 1.099581414817915492e+00
9.583099999999999778e-04 1.094432583347019206e+00
9.776699999999999280e-04 1.089082195642543605e+00
9.974199999999999473e-04 1.083547303969978337e+00
1.017600000000000015e-03 1.077844079355238627e+00
1.038099999999999917e-03 1.071909087453916554e+00
1.059100000000000102e-03 1.065764455877418415e+00
1.080500000000000080e-03 1.059464599180807376e+00
1.102300000000000068e-03 1.052877026833118235e+00
1.124599999999999905e-03 1.046099165992187885e+00
1.147299999999999969e-03 1.039112123722728542e+00
1.170500000000000099e-03 1.031865899085675720e+00
1.194100000000000023e-03 1.024383761876287213e+00
1.218200000000000012e-03 1.016653087827929181e+00
1.242899999999999908e-03 1.008664236843787920e+00
1.268000000000000030e-03 1.000470484913117186e+00
1.293600000000000002e-03 9.919379654132561841e-01
1.319700000000000040e-03 9.831849056603774173e-01
1.346399999999999984e-03 9.741432929538251795e-01
1.373599999999999995e-03 9.648388690320518490e-01
1.401300000000000072e-03 9.552660090095226320e-01
1.429600000000000055e-03 9.453675730110775444e-01
1.458499999999999944e-03 9.351978920788275307e-01
1.487999999999999956e-03 9.247279974146288550e-01
1.518000000000000035e-03 9.139844617092119927e-01
1.548700000000000077e-03 9.029171528588098017e-01
1.580000000000000024e-03 8.915549222666089291e-01
1.611900000000000095e-03 8.799001248439450862e-01
1.644499999999999912e-03 8.679310006860726512e-01
1.677700000000000068e-03 8.556314321438875936e-01
1.711599999999999970e-03 8.430516553790970979e-01
1.746200000000000052e-03 8.301720743880127706e-01
1.781400000000000041e-03 8.169379034457676658e-01
1.817400000000000048e-03 8.034399678757864205e-01
1.854100000000000019e-03 7.896258019312036858e-01
1.891600000000000009e-03 7.755378366180231131e-01
1.929799999999999962e-03 7.611493185941522466e-01
1.968800000000000151e-03 7.464485400704079510e-01
2.008600000000000142e-03 7.314861870591343740e-01
2.049099999999999880e-03 7.162442626222310649e-01
2.090499999999999910e-03 7.007562399592492941e-01
2.132799999999999800e-03 6.850679951528207967e-01
2.175799999999999870e-03 6.691531953467290128e-01
2.219800000000000072e-03 6.530131652141665244e-01
2.264599999999999860e-03 6.366003313730130841e-01
2.310400000000000214e-03 6.199603082369348206e-01
2.357099999999999994e-03 6.031497998454947718e-01
2.404700000000000067e-03 5.861783571280777538e-01
2.453299999999999838e-03 5.690674163011634201e-01
2.502799999999999903e-03 5.518187715183873188e-01
2.553399999999999941e-03 5.344878287861459798e-01
2.605000000000000111e-03 5.170670646574551110e-01
2.657599999999999980e-03 4.995822363753881779e-01
2.711299999999999821e-03 4.820809069508115163e-01
2.765999999999999796e-03 4.645840624476939573e-01
2.821900000000000016e-03 4.471040277487067227e-01
2.878900000000000209e-03 4.296963375398493157e-01
2.937100000000000214e-03 4.123175538135042117e-01
2.996400000000000192e-03 3.951221588490678727e-01
3.056899999999999982e-03 3.783135554223083785e-01
3.118699999999999858e-03 3.616688825230608972e-01
3.181699999999999980e-03 3.450236455989544315e-01
3.246000000000000187e-03 3.286047312511589658e-01
3.311500000000000207e-03 3.125016278161218963e-01
3.378400000000000153e-03 2.967041409511126937e-01
3.446700000000000024e-03 2.812480326362045147e-01
3.516299999999999981e-03 2.661622853180450332e-01
3.587400000000000137e-03 2.514644810074168069e-01
3.659799999999999946e-03 2.372002204173554729e-01
3.733799999999999793e-03 2.233705322947477367e-01
3.809199999999999999e-03 2.100308391494887239e-01
3.886099999999999971e-03 1.971755472662354847e-01
3.964600000000000415e-03 1.848010327215580673e-01
4.044700000000000031e-03 1.729231109147149892e-01
4.126399999999999686e-03 1.616214335421015946e-01
4.209799999999999653e-03 1.508862439525623933e-01
4.294799999999999660e-03 1.406954689146469872e-01
4.381600000000000251e-03 1.310590969455511234e-01
4.470100000000000288e-03 1.219669183379478716e-01
4.560400000000000044e-03 1.134376414951954598e-01
4.652500000000000385e-03 1.054608523290386513e-01
4.746499999999999851e-03 9.800839597774090028e-02
4.842400000000000176e-03 9.109080415544440479e-02
4.940199999999999626e-03 8.468012510662496772e-02
5.040000000000000209e-03 7.876517840463291564e-02
5.141899999999999596e-03 7.331983060209905367e-02
5.245699999999999842e-03 6.832652690806788331e-02
5.351700000000000033e-03 6.376789549033644311e-02
5.459799999999999896e-03 5.961355214399153418e-02
5.570099999999999704e-03 5.584007656834594213e-02
5.682600000000000325e-03 5.242447648472365468e-02
5.797400000000000296e-03 4.933626820182864664e-02
5.914499999999999619e-03 4.655918469634950929e-02
6.034000000000000301e-03 4.405737367076086042e-02
6.155899999999999740e-03 4.180523917995444816e-02
6.280299999999999945e-03 3.978316736267266396e-02
6.407200000000000048e-03 3.795924839451359639e-02
6.536600000000000049e-03 3.631488295623581247e-02
6.668600000000000222e-03 3.481830833462192659e-02
6.803299999999999972e-03 3.345272643959065068e-02
6.940799999999999574e-03 3.219254564659725787e-02
7.080999999999999621e-03 3.101766942518452419e-02
7.224000000000000386e-03 2.990716180371352784e-02
7.369999999999999815e-03 2.884340859431900814e-02
7.518900000000000236e-03 2.780817972350230205e-02
7.670800000000000188e-03 2.678889284442861896e-02
7.825699999999999670e-03 2.577424125061615265e-02
7.983799999999999231e-03 2.475480635274449406e-02
8.145100000000000603e-03 2.372432804962094910e-02
8.309600000000000319e-03 2.268021550842256109e-02
8.477500000000000660e-03 2.162346429053597918e-02
8.648799999999999891e-03 2.055466452820101791e-02
8.823499999999999746e-03 1.948120698782424345e-02
9.001699999999999632e-03 1.840946326757978910e-02
9.183600000000000096e-03 1.734986690904368953e-02
9.369099999999999998e-03 1.631030490158240018e-02
9.558300000000000476e-03 1.530281779931148833e-02
9.751400000000000345e-03 1.433735701194463821e-02
9.948399999999999604e-03 1.342001378532489513e-02
1.014900000000000004e-02 1.256105897706792478e-02
1.035400000000000036e-02 1.176448828606658538e-02
1.056400000000000047e-02 1.103199363797638562e-02
1.077700000000000012e-02 1.036551305403764570e-02
1.099499999999999957e-02 9.763110307414104780e-03
1.121699999999999954e-02 9.220040703938704729e-03
1.144300000000000005e-02 8.732310619574265229e-03
1.167499999999999961e-02 8.290305429195959572e-03
1.191000000000000045e-02 7.888556162292290411e-03
1.215100000000000034e-02 7.516782441188488151e-03
1.239700000000000003e-02 7.167073029141994740e-03
1.264700000000000026e-02 6.830859848703586465e-03
1.290200000000000027e-02 6.502700838984023894e-03
1.316299999999999935e-02 6.176857518732483190e-03
1.342899999999999996e-02 5.851463720241485700e-03
1.370000000000000037e-02 5.525187202178352165e-03
1.397699999999999984e-02 5.200553953987903551e-03
1.425900000000000084e-02 4.880162262662685393e-03
1.454699999999999917e-02 4.568732093702601062e-03
1.484100000000000003e-02 4.271025942735473362e-03
1.514099999999999994e-02 3.991948560246015749e-03
1.544700000000000066e-02 3.734066302042638591e-03
1.575899999999999870e-02 3.499916401939474377e-03
1.607700000000000101e-02 3.289237792995935820e-03
1.640199999999999991e-02 3.100550887541038154e-03
1.673399999999999888e-02 2.930347705146035993e-03
1.707200000000000037e-02 2.774902615470228266e-03
1.741600000000000092e-02 2.629413074952667486e-03
1.776799999999999907e-02 2.489853941353551304e-03
1.812700000000000075e-02 2.353042992741485005e-03
1.849299999999999902e-02 2.217422928439545440e-03
1.886699999999999836e-02 2.082847206641238492e-03
1.924800000000000122e-02 1.950604781997187370e-03
1.963700000000000168e-02 1.823180714729295045e-03
2.003399999999999972e-02 1.702941676585614491e-03
2.043800000000000130e-02 1.592153960029607691e-03
2.085100000000000148e-02 1.491444921316165692e-03
2.127199999999999924e-02 1.400425801254387339e-03
2.170199999999999907e-02 1.317645015630427175e-03
2.214100000000000096e-02 1.240850815850815881e-03
2.258800000000000044e-02 1.167752538592475289e-03
2.304399999999999851e-02 1.096829527978232651e-03
2.350999999999999965e-02 1.027555767624955445e-03
2.398499999999999938e-02 9.607052593573234441e-04
2.446900000000000117e-02 8.975823107763333374e-04
2.496400000000000008e-02 8.397349368020616718e-04
2.546800000000000105e-02 7.876232405283065726e-04
2.598200000000000162e-02 7.409706546275394339e-04
2.650699999999999931e-02 6.979444232965359906e-04
2.704300000000000107e-02 6.566253452373305675e-04
2.758899999999999894e-02 6.150292778139232431e-04
2.814600000000000088e-02 5.729754682141914666e-04
2.871500000000000094e-02 5.313716311108139913e-04
2.929500000000000159e-02 4.925629368256769208e-04
2.988700000000000037e-02 4.585313770062685208e-04
3.048999999999999974e-02 4.304366078925273009e-04
3.110600000000000170e-02 4.070605802047781523e-04
3.173499999999999932e-02 3.860478565748571992e-04
3.237600000000000200e-02 3.640561806015148345e-04
3.302999999999999686e-02 3.391574378928464192e-04
3.369699999999999779e-02 3.113125618953302355e-04
3.437799999999999884e-02 2.831419705197827492e-04
3.507199999999999901e-02 2.574758969495811339e-04
3.578100000000000031e-02 2.364470929296183001e-04
3.650400000000000172e-02 2.196010834769761321e-04
3.724100000000000327e-02 2.049619278721445746e-04
3.799299999999999899e-02 1.901126087698344950e-04
3.876099999999999685e-02 1.740344467640918345e-04
3.954400000000000276e-02 1.578676601028916300e-04
4.034299999999999692e-02 1.435380302071086178e-04
4.115800000000000014e-02 1.325772245274319807e-04
4.198899999999999855e-02 1.242056777589772582e-04
4.283800000000000108e-02 1.168327265759724106e-04
4.370299999999999879e-02 1.085708707536118731e-04
4.458600000000000063e-02 9.941428003182180794e-05
4.548599999999999866e-02 9.059345288119804280e-05
4.640500000000000180e-02 8.350853326737570634e-05
4.734300000000000314e-02 7.826264744429882036e-05
4.829900000000000165e-02 7.359077969571289251e-05
4.927499999999999936e-02 6.836869595370711908e-05
5.027000000000000218e-02 6.260031042567946883e-05
5.128599999999999826e-02 5.748055257510729905e-05
5.232200000000000045e-02 5.368343446946067371e-05
5.337900000000000283e-02 5.063393083135828940e-05
5.445699999999999846e-02 4.710116186832159123e-05
5.555700000000000222e-02 4.283552265982476807e-05
5.668000000000000121e-02 3.900849417148881452e-05
5.782500000000000140e-02 3.637654598196405183e-05
5.899299999999999683e-02 3.441203954163182512e-05
6.018400000000000138e-02 3.193079481334778818e-05
6.140000000000000319e-02 2.906869612408971091e-05
6.264100000000000223e-02 2.680951771779454859e-05
6.390600000000000447e-02 2.523286889286733938e-05
6.519700000000000495e-02 2.356828773796045408e-05
6.651400000000000368e-02 2.160001069704627937e-05
6.785800000000000165e-02 1.991707449700924493e-05
6.922899999999999887e-02 1.856587377364495633e-05
7.062699999999999534e-02 1.714221238064343289e-05
7.205400000000000693e-02 1.585729300142534195e-05
7.351000000000000589e-02 1.485750456338691637e-05
7.499400000000000510e-02 1.371223086665460541e-05
7.650899999999999368e-02 1.257843925985518980e-05
7.805499999999999938e-02 1.181537678531666618e-05
7.963199999999999446e-02 1.086654544858879099e-05
8.124099999999999377e-02 9.964000202815759125e-06
8.288199999999999734e-02 9.440494698412143899e-06
8.455600000000000616e-02 8.640760899047067995e-06
8.626399999999999346e-02 7.866741636210289744e-06
8.800700000000000189e-02 7.568308667664961754e-06
8.978500000000000369e-02 6.914906506199264662e-06
9.159799999999999887e-02 6.252280974054576092e-06
9.344900000000000428e-02 6.002483335511697607e-06
9.533700000000000507e-02 5.446816208393632749e-06
9.726300000000000223e-02 5.029896592960816823e-06
9.922699999999999576e-02 4.757684650123828809e-06
1.012300000000000005e-01 4.260476787954830472e-06
1.032799999999999968e-01 4.077428704518399477e-06
1.053599999999999953e-01 3.717853149459559628e-06
1.074900000000000022e-01 3.414927330346410161e-06
1.096599999999999936e-01 3.214575351659721934e-06
1.118799999999999933e-01 2.932541269206603589e-06
1.141400000000000053e-01 2.751695828117267010e-06
1.164400000000000018e-01 2.516906208327159765e-06
1.188000000000000028e-01 2.331333835719668461e-06
1.212000000000000022e-01 2.105898945302918797e-06
1.236499999999999960e-01 2.006023720349562881e-06
1.261400000000000021e-01 1.843664481639406784e-06
1.286899999999999988e-01 1.717830314461318229e-06
1.312899999999999900e-01 1.594213526215792719e-06
1.339400000000000035e-01 1.447716675809105940e-06
1.366499999999999937e-01 1.346607199745141782e-06
1.394100000000000061e-01 1.237655000366864846e-06
1.422299999999999953e-01 1.151453865526978526e-06
1.451000000000000068e-01 1.077514133290867066e-06
1.480299999999999949e-01 9.956284608018652870e-07
1.510199999999999876e-01 9.157293573982037990e-07
1.540700000000000125e-01 8.397699260476581545e-07
1.571799999999999864e-01 7.756134822877877286e-07
1.603600000000000025e-01 7.259052647307865084e-07
1.635999999999999954e-01 6.730181742867498961e-07
1.668999999999999928e-01 6.143990565026267695e-07
1.702799999999999869e-01 5.722811671087532978e-07
1.737100000000000033e-01 5.245617021276596310e-07
1.772199999999999886e-01 4.886114176200708769e-07
1.807999999999999885e-01 4.482316638974601884e-07
1.844600000000000128e-01 4.193270688087298943e-07
1.881799999999999862e-01 3.790583710687922848e-07
1.919800000000000118e-01 3.540650665308461249e-07
1.958600000000000063e-01 3.232576453602835363e-07
1.998199999999999976e-01 3.051046764545948741e-07
2.038600000000000134e-01 2.864591439688715960e-07
2.079699999999999882e-01 2.555079106905219895e-07
2.121800000000000075e-01 2.394840808738089835e-07
2.164600000000000135e-01 2.188886180843285218e-07
2.208299999999999985e-01 2.018464942137508404e-07
2.253000000000000003e-01 1.900222123500666540e-07
2.298499999999999988e-01 1.750554323725055359e-07
2.344900000000000040e-01 1.584281480065015884e-07
2.392299999999999982e-01 1.484675273479846212e-07
2.440599999999999992e-01 1.409767960279663613e-07
2.489899999999999891e-01 1.260323047603178343e-07
2.540200000000000236e-01 1.169406289874652811e-07
2.591499999999999915e-01 1.094454600853138328e-07
2.643900000000000139e-01 9.964579380139151118e-08
2.697300000000000253e-01 9.215561683251409265e-08
2.751799999999999802e-01 8.583948744310843664e-08
2.807399999999999896e-01 7.848975358722907012e-08
2.864099999999999979e-01 7.204569796501249521e-08
2.921900000000000053e-01 6.753311851056212334e-08
2.980999999999999761e-01 6.302827380952379849e-08
3.041200000000000014e-01 5.854804906614066195e-08
3.102599999999999802e-01 5.240841032175852141e-08
3.165299999999999780e-01 4.844377840721955534e-08
3.229199999999999848e-01 4.446662571662571344e-08
3.294500000000000206e-01 4.186871463790993323e-08
3.361000000000000099e-01 3.905001479727729897e-08
3.428899999999999726e-01 3.569840932372097856e-08
3.498200000000000198e-01 3.326937060677061956e-08
3.568899999999999850e-01 3.001749246559463660e-08
3.640900000000000247e-01 2.812239526211888391e-08
3.714500000000000024e-01 2.540778203025332516e-08
3.789500000000000091e-01 2.341174523618137925e-08
3.866100000000000092e-01 2.210662017483547705e-08
3.944199999999999928e-01 2.073243036033733633e-08
4.023900000000000254e-01 1.834777046296543112e-08
4.105199999999999960e-01 1.698577908885982409e-08
4.188100000000000156e-01 1.622788414049562868e-08
4.272699999999999831e-01 1.500514964255422297e-08
4.359000000000000097e-01 1.343489780469341589e-08
4.447099999999999942e-01 1.288616818748769322e-08
4.536899999999999822e-01 1.152586972865832904e-08
4.628599999999999937e-01 1.063515246508976827e-08
4.722100000000000186e-01 9.987361064644435815e-09
4.817400000000000015e-01 9.322027320707853987e-09
4.914799999999999724e-01 8.349801571231879159e-09
5.014100000000000223e-01 7.677040665512436071e-09
5.115300000000000402e-01 7.397983888717699947e-09
5.218699999999999450e-01 6.643103052559100033e-09
5.324100000000000499e-01 6.280595871054269826e-09
5.431700000000000417e-01 5.656131226245248826e-09
5.541399999999999659e-01 5.146042188805346655e-09
5.653299999999999992e-01 4.978744277305427881e-09
5.767499999999999849e-01 4.579091064217052708e-09
5.884000000000000341e-01 4.464109719171169366e-09
6.002899999999999903e-01 4.258988346144310040e-09
6.124199999999999644e-01 3.989384426176451727e-09
6.247899999999999565e-01 3.681314223904813366e-09
6.374100000000000321e-01 3.357531247793234814e-09
6.502900000000000347e-01 3.036367660076718364e-09
6.634200000000000097e-01 2.732387852628333773e-09
6.768300000000000427e-01 2.454494201030927568e-09
6.905000000000000027e-01 2.208231630334147008e-09
7.044500000000000206e-01 1.995161857846586627e-09
7.186799999999999855e-01 1.810609543072538226e-09
7.331999999999999629e-01 1.650168188370975629e-09
7.480099999999999527e-01 1.509272840523217314e-09
7.631200000000000205e-01 1.385043587858418303e-09
7.785400000000000098e-01 1.274831709915113690e-09
7.942599999999999660e-01 1.176511115193827037e-09
8.103099999999999747e-01 1.088042460193568428e-09
8.266799999999999704e-01 1.008100165770834387e-09
8.433800000000000185e-01 9.353868383029029009e-10
8.604100000000000081e-01 8.688477287092253653e-10
8.778000000000000247e-01 8.076530538904940205e-10
8.955300000000000482e-01 7.511129158394994651e-10
9.136199999999999877e-01 6.986435023447580705e-10
9.320800000000000196e-01 6.497430999275409716e-10
9.509100000000000330e-01 6.039846267859297224e-10
9.701100000000000279e-01 5.610332449447120292e-10
9.897099999999999786e-01 5.205906232888351976e-10
1.009700000000000042e+00 4.823885199240986821e-10
1.030100000000000016e+00 4.462585878652429252e-10
1.050899999999999945e+00 4.120680316325424933e-10
1.072100000000000053e+00 3.798634270287438686e-10
1.093800000000000106e+00 3.497256075832086484e-10
1.115899999999999892e+00 3.216729281218122935e-10
1.138400000000000079e+00 2.956795914112987414e-10
1.161399999999999988e+00 2.716824062448823664e-10
1.184900000000000064e+00 2.496426120768526906e-10
1.208800000000000097e+00 2.294704367099981776e-10
1.233300000000000063e+00 2.110615997740609266e-10
1.258199999999999985e+00 1.943282698757151169e-10
1.283600000000000074e+00 1.791386735572782133e-10
1.309500000000000108e+00 1.653115748429489365e-10
1.336000000000000076e+00 1.526845510613341305e-10
1.362999999999999989e+00 1.411127855329949292e-10
1.390500000000000069e+00 1.304693020742403524e-10
1.418600000000000083e+00 1.206448801742919270e-10
1.447200000000000042e+00 1.115567330531701050e-10
1.476499999999999924e+00 1.031223062925007209e-10
1.506299999999999972e+00 9.527515565374572547e-11
1.536699999999999955e+00 8.795935558597450851e-11
1.567800000000000082e+00 8.113509633964554555e-11
1.599399999999999933e+00 7.477999073645206308e-11
1.631799999999999917e+00 6.888092780375250298e-11
1.664700000000000069e+00 6.343459431919499781e-11
1.698399999999999910e+00 5.840881763527053960e-11
1.732699999999999907e+00 5.378810174479713774e-11
1.767700000000000049e+00 4.955230463868264114e-11
1.803399999999999892e+00 4.567252815054758994e-11
1.839800000000000102e+00 4.212979446512380530e-11
1.877000000000000002e+00 3.889879436237052461e-11
1.914900000000000047e+00 3.595866001425517163e-11
1.953600000000000003e+00 3.327131637995512203e-11
1.993000000000000105e+00 3.081043956043956042e-11
2.033300000000000107e+00 2.854906806714035615e-11
2.074399999999999800e+00 2.646426216750792208e-11
2.116299999999999848e+00 2.453598656743510451e-11
2.158999999999999808e+00 2.274795160060976049e-11
2.202599999999999891e+00 2.108619008326457181e-11
2.247100000000000097e+00 1.953745389633401787e-11
2.292499999999999982e+00 1.809136636119341229e-11
2.338799999999999990e+00 1.673973752369377004e-11
2.386099999999999888e+00 1.547752894345012015e-11
2.434299999999999908e+00 1.430365205737351698e-11
2.483499999999999819e+00 1.321308893505797258e-11
2.533599999999999852e+00 1.220274859666719468e-11
2.584799999999999986e+00 1.126799608198266554e-11
2.637000000000000011e+00 1.040531883917305727e-11
2.690300000000000136e+00 9.609942092814616592e-12
2.744699999999999918e+00 8.878084304318026716e-12
2.800100000000000033e+00 8.205341673604391220e-12
2.856700000000000017e+00 7.587641538425169857e-12
2.914400000000000102e+00 7.017757357506520133e-12
2.973300000000000054e+00 6.490266687542403585e-12
3.033300000000000107e+00 5.999670980478175039e-12
3.094599999999999795e+00 5.541790313751476744e-12
3.157099999999999795e+00 5.113385206939356232e-12
3.220899999999999874e+00 4.711253937446307168e-12
3.286000000000000032e+00 4.333389065373682640e-12
3.352300000000000058e+00 3.976945244956772315e-12
3.420100000000000140e+00 3.641276642901998802e-12
3.489199999999999857e+00 3.325347518832026331e-12
3.559600000000000097e+00 3.031019142075833549e-12
3.631600000000000161e+00 2.760157892478654923e-12
3.704899999999999860e+00 2.513306269733874781e-12
3.779799999999999827e+00 2.290307283763277631e-12
3.856100000000000083e+00 2.090791244951887302e-12
3.934000000000000163e+00 1.913608723002725996e-12
4.013499999999999623e+00 1.757579098225113102e-12
4.094599999999999795e+00 1.621341216020402260e-12
4.177299999999999791e+00 1.503626500883769303e-12
4.261700000000000266e+00 1.402512498397641170e-12
4.347800000000000331e+00 1.314391641388607920e-12
4.435599999999999987e+00 1.235573514816390223e-12
4.525199999999999889e+00 1.163522481545000448e-12
4.616600000000000037e+00 1.095757195514077326e-12
4.709900000000000198e+00 1.030605510641808247e-12
4.804999999999999716e+00 9.665046858729608285e-13
4.902099999999999902e+00 9.024828845276129616e-13
5.001100000000000101e+00 8.377893018342456518e-13
5.102100000000000080e+00 7.719741361891291156e-13
5.205199999999999605e+00 7.054709340022747143e-13
5.310399999999999565e+00 6.403592158090743044e-13
5.417600000000000193e+00 5.785510043185107210e-13
5.527099999999999902e+00 5.213644524236983212e-13
5.638700000000000045e+00 4.696103083918543741e-13
5.752600000000000158e+00 4.236886122460172240e-13
5.868900000000000006e+00 3.836731160455351612e-13
5.987400000000000055e+00 3.494738760078348485e-13
6.108399999999999608e+00 3.208527094619429125e-13
6.231799999999999784e+00 2.975427619960643868e-13
6.357700000000000351e+00 2.790405381483448586e-13
6.486100000000000421e+00 2.640630531591793949e-13
6.617099999999999760e+00 2.514170278698491163e-13
6.750799999999999912e+00 2.400850589425439429e-13
6.887199999999999989e+00 2.292395627322713371e-13
7.026299999999999990e+00 2.182254964766175645e-13
7.168199999999999683e+00 2.064670745218941049e-13
7.312999999999999723e+00 1.935691644478255076e-13
7.460799999999999876e+00 1.792770183682187011e-13
7.611500000000000377e+00 1.635333801827125886e-13
7.765299999999999869e+00 1.466392399443572906e-13
7.922100000000000364e+00 1.295664911023155665e-13
8.082200000000000273e+00 1.131891572591231136e-13
8.245400000000000063e+00 9.810284055567074351e-14
8.412000000000000810e+00 8.465373557989738229e-14
8.581899999999999196e+00 7.297742689610240987e-14
8.755300000000000082e+00 6.305848165637485950e-14
8.932199999999999918e+00 5.480977683315621311e-14
9.112600000000000477e+00 4.808613511214576806e-14
9.296699999999999520e+00 4.272928749941057282e-14
9.484500000000000597e+00 3.855418694745206999e-14
9.676099999999999923e+00 3.529897985874967042e-14
9.871600000000000819e+00 3.274495756640582029e-14
1.007099999999999973e+01 3.072680831301521013e-14
1.027399999999999913e+01 2.912126215373325723e-14
1.048199999999999932e+01 2.783482574244669500e-14
1.069400000000000084e+01 2.679177412786751604e-14
1.091000000000000014e+01 2.592378092378092117e-14
1.113000000000000078e+01 2.518306463763748483e-14
1.135500000000000043e+01 2.451781887451384859e-14
1.158399999999999963e+01 2.388944639571834538e-14
1.181799999999999962e+01 2.327106097990835304e-14
1.205700000000000038e+01 2.263138347260909662e-14
1.230100000000000016e+01 2.194990705410429487e-14
1.254899999999999949e+01 2.120771602074376620e-14
1.280300000000000082e+01 2.038787483702737925e-14
1.306099999999999994e+01 1.947949346218141092e-14
1.332499999999999929e+01 1.847624104061587204e-14
1.359399999999999942e+01 1.737775799580339621e-14
1.386899999999999977e+01 1.618662127568321201e-14
1.414899999999999913e+01 1.492280092102103693e-14
1.443500000000000050e+01 1.362748455296657404e-14
1.472700000000000031e+01 1.234455917893349212e-14
1.502399999999999913e+01 1.110629569590101624e-14
1.532799999999999940e+01 9.937752824661737722e-15
1.563700000000000045e+01 8.855110555627034309e-15
1.595299999999999940e+01 7.867591498265940395e-15
1.627499999999999858e+01 6.979779411764706396e-15
1.660399999999999920e+01 6.190732526592308496e-15
1.694000000000000128e+01 5.496787959957324498e-15
1.728200000000000003e+01 4.891946870886681940e-15
1.763100000000000023e+01 4.366815532510786730e-15
1.798699999999999832e+01 3.912638663509882628e-15
1.835099999999999909e+01 3.520601351919894773e-15
1.872100000000000009e+01 3.183888330277400233e-15
1.909900000000000020e+01 2.895444198447098123e-15
1.948499999999999943e+01 2.649503518116656828e-15
1.987900000000000134e+01 2.441285580556807493e-15
2.028000000000000114e+01 2.266415618601930469e-15
2.069000000000000128e+01 2.121250674685788993e-15
2.110800000000000054e+01 2.001829565783054208e-15
2.153500000000000014e+01 1.900827509325558458e-15
2.196999999999999886e+01 1.811394980782274238e-15
2.241300000000000026e+01 1.727836329820210868e-15
2.286599999999999966e+01 1.645407906649230307e-15
2.332799999999999940e+01 1.560341626438915553e-15
2.379899999999999949e+01 1.469535052873048689e-15
2.428000000000000114e+01 1.370942995397143740e-15
2.477100000000000080e+01 1.263786879123614920e-15
2.527100000000000080e+01 1.148053312323550732e-15
2.578200000000000003e+01 1.026317612022993280e-15
2.630199999999999960e+01 9.060559573380085105e-16
2.683399999999999963e+01 7.936348925021191237e-16
2.737600000000000122e+01 6.930737338427770014e-16
2.792899999999999849e+01 6.060886716405110921e-16
2.849299999999999855e+01 5.333665068307246542e-16
2.906899999999999906e+01 4.744774267442970294e-16
2.965599999999999881e+01 4.287066500181254404e-16
3.025499999999999901e+01 3.952702702702702170e-16
3.086599999999999966e+01 3.736325322812051943e-16
3.148999999999999844e+01 3.630762316989521927e-16
3.212599999999999767e+01 3.609468193955728108e-16
3.277499999999999858e+01 3.646417568528319476e-16
3.343699999999999761e+01 3.717961185279858025e-16
3.411200000000000188e+01 3.800700684560020113e-16
3.480100000000000193e+01 3.868892016891212544e-16
3.550399999999999778e+01 3.895699012486737825e-16
3.622200000000000131e+01 3.853798852851508171e-16
3.695300000000000296e+01 3.720554020648538866e-16
3.770000000000000284e+01 3.481738663392925853e-16
3.846200000000000330e+01 3.143990769043907480e-16
3.923899999999999721e+01 2.751025465732353698e-16
4.003099999999999881e+01 2.347184956370769384e-16
4.084000000000000341e+01 1.965114342145967463e-16
4.166499999999999915e+01 1.624573035965440945e-16
4.250699999999999790e+01 1.334535044003817123e-16
4.336500000000000199e+01 1.096248006491144601e-16
4.424099999999999966e+01 9.061457133575499579e-17
4.513499999999999801e+01 7.584476309226931902e-17
4.604699999999999704e+01 6.468807580942353697e-17
4.697699999999999676e+01 6.550310861032961220e-17
4.792600000000000193e+01 6.911457378551787580e-17
4.889399999999999835e+01 7.292747116649894549e-17
4.988199999999999790e+01 7.695607763023493359e-17
5.089000000000000057e+01 8.120767737761484101e-17
5.191799999999999926e+01 8.569737261509037807e-17
5.296600000000000108e+01 9.043361215267762136e-17
5.403600000000000136e+01 9.543239951278929054e-17
5.512800000000000011e+01 1.007126399828537696e-16
5.624199999999999733e+01 1.062910160669834806e-16
5.737800000000000011e+01 1.121729781388125725e-16
5.853699999999999903e+01 1.183905146316851751e-16
5.971999999999999886e+01 1.249517213824332536e-16
6.092600000000000193e+01 1.318801856279004456e-16
6.215699999999999648e+01 1.392011285173361185e-16
6.341199999999999903e+01 1.469306154449235813e-16
6.469299999999999784e+01 1.550873416673565818e-16
6.600000000000000000e+01 1.636943788792726619e-16
6.733400000000000318e+01 1.727935745937961589e-16
6.869400000000000261e+01 1.824022618699424675e-16
7.008199999999999363e+01 1.925496535321190400e-16
7.149699999999999989e+01 2.032774050433326429e-16
7.294199999999999307e+01 2.145941476411410653e-16
7.441500000000000625e+01 2.265482861509351593e-16
7.591800000000000637e+01 2.391719296447649858e-16
7.745199999999999818e+01 2.525099450653532755e-16
7.901699999999999591e+01 2.665923512262047797e-16
8.061299999999999955e+01 2.814896443451482013e-16
8.224099999999999966e+01 2.972063654048537362e-16
8.390300000000000580e+01 3.138064037998349780e-16
8.559799999999999898e+01 3.313465233791189041e-16
8.732699999999999818e+01 3.498797082926096028e-16
8.909099999999999397e+01 3.694504010801365976e-16
9.089100000000000534e+01 3.901579510414699814e-16
9.272700000000000387e+01 4.120110803324099777e-16
9.459999999999999432e+01 4.350900194320230888e-16
9.651099999999999568e+01 4.594948920276053439e-16
9.846099999999999852e+01 4.852602968848003802e-16
1.004500000000000028e+02 5.125365880598663829e-16
1.024800000000000040e+02 5.413141156561825501e-16
1.045499999999999972e+02 5.717236489194438545e-16
1.066599999999999966e+02 6.038700850245951778e-16
1.088199999999999932e+02 6.378532823849357639e-16
1.110100000000000051e+02 6.737722808293924648e-16
1.132600000000000051e+02 7.117210625456502587e-16
1.155400000000000063e+02 7.518485414804582646e-16
1.178799999999999955e+02 7.942464577071705376e-16
1.202600000000000051e+02 8.391268832819023228e-16
1.226899999999999977e+02 8.864748201438848823e-16
1.251700000000000017e+02 9.365811619182804725e-16
1.277000000000000028e+02 9.895509591683634093e-16
1.302800000000000011e+02 1.045539507221750137e-15
1.329099999999999966e+02 1.104777870913663203e-15
1.355900000000000034e+02 1.167415659218937910e-15
1.383300000000000125e+02 1.233589829374372585e-15
1.411299999999999955e+02 1.303692699490662289e-15
1.439799999999999898e+02 1.377683045396754218e-15
1.468899999999999864e+02 1.455918399620463529e-15
1.498499999999999943e+02 1.538750940556809813e-15
1.528799999999999955e+02 1.626414427157001431e-15
1.559699999999999989e+02 1.719012899607403424e-15
1.591200000000000045e+02 1.816941781160423041e-15
1.623300000000000125e+02 1.920640561955135630e-15
1.656100000000000136e+02 2.030400176873756446e-15
1.689600000000000080e+02 2.146423018016438173e-15
1.723700000000000045e+02 2.269225537597843612e-15
1.758499999999999943e+02 2.399319861356353371e-15
1.794099999999999966e+02 2.536906623130456310e-15
1.830300000000000011e+02 2.682551995667637647e-15
1.867299999999999898e+02 2.836747650237685985e-15
1.905000000000000000e+02 3.000212978587461078e-15
1.943499999999999943e+02 3.173103591734849466e-15
1.982800000000000011e+02 3.356200818093438993e-15
2.022800000000000011e+02 3.550215458674638304e-15
2.063700000000000045e+02 3.755392136724046121e-15
2.105399999999999920e+02 3.972608695652174105e-15
2.147899999999999920e+02 4.202691821005407295e-15
2.191299999999999955e+02 4.446040712963864640e-15
2.235600000000000023e+02 4.703502306522691255e-15
