1.000000000000000048e-04 1.382620648660697560e+00
1.020200000000000024e-04 1.382527596633757128e+00
1.040800000000000064e-04 1.382480082883783989e+00
1.061800000000000032e-04 1.382343667892800942e+00
1.083300000000000013e-04 1.382252911470679191e+00
1.105200000000000057e-04 1.382145864914940070e+00
1.127500000000000030e-04 1.382081860526576778e+00
1.150300000000000015e-04 1.381924198250728875e+00
1.173500000000000064e-04 1.381829733163913554e+00
1.197199999999999989e-04 1.381720765061366762e+00
1.221399999999999927e-04 1.381586583987537198e+00
1.246099999999999877e-04 1.381470165348669843e+00
1.271199999999999891e-04 1.381330043473152358e+00
1.296899999999999865e-04 1.381196531958406526e+00
1.323100000000000122e-04 1.381041154704403473e+00
1.349900000000000069e-04 1.380882475140569943e+00
1.377100000000000080e-04 1.380720862644973845e+00
1.404900000000000051e-04 1.380556665334931266e+00
1.433299999999999982e-04 1.380390210776503812e+00
1.462299999999999874e-04 1.380212068435610950e+00
1.491800000000000049e-04 1.380032651010925315e+00
1.522000000000000132e-04 1.379858135067238090e+00
1.552699999999999957e-04 1.379640140079700483e+00
1.584099999999999961e-04 1.379437747199393716e+00
1.616099999999999926e-04 1.379209438431882706e+00
1.648700000000000122e-04 1.378988362294746084e+00
1.681999999999999956e-04 1.378743551376822918e+00
1.715999999999999969e-04 1.378498532696771806e+00
1.750699999999999891e-04 1.378253586461644087e+00
1.786000000000000044e-04 1.377971991155101605e+00
1.822100000000000054e-04 1.377713070235218717e+00
1.858899999999999973e-04 1.377420008100445514e+00
1.896500000000000020e-04 1.377134800222416411e+00
1.934799999999999975e-04 1.376818367704621071e+00
1.973900000000000058e-04 1.376484742008173168e+00
2.013799999999999998e-04 1.376154004606655379e+00
2.054400000000000117e-04 1.375807991773174699e+00
2.095900000000000042e-04 1.375441187063314752e+00
2.138300000000000042e-04 1.375072842536509743e+00
2.181499999999999900e-04 1.374679642585024508e+00
2.225499999999999885e-04 1.374263444785953192e+00
2.270499999999999895e-04 1.373836444474048069e+00
2.316399999999999980e-04 1.373405836150165760e+00
2.363199999999999871e-04 1.372928309500552446e+00
2.410900000000000109e-04 1.372454187145706106e+00
2.459599999999999829e-04 1.371953003495480328e+00
2.509300000000000115e-04 1.371436337279535955e+00
2.559999999999999884e-04 1.370890836936563328e+00
2.611700000000000219e-04 1.370327883135364244e+00
2.664499999999999985e-04 1.369749095776493064e+00
2.718299999999999775e-04 1.369136888553754039e+00
2.773200000000000079e-04 1.368502492194774600e+00
2.829199999999999814e-04 1.367799113737075301e+00
2.886400000000000012e-04 1.367113943719466373e+00
2.944700000000000182e-04 1.366477272727272707e+00
3.004199999999999731e-04 1.365708496897556135e+00
3.064899999999999743e-04 1.364974108706180411e+00
3.126800000000000217e-04 1.364117926423848548e+00
3.189900000000000070e-04 1.363267255791736243e+00
3.254399999999999741e-04 1.362406754652020657e+00
3.320099999999999874e-04 1.361522295846300468e+00
3.387199999999999825e-04 1.360616230095272439e+00
3.455600000000000186e-04 1.359565327826307790e+00
3.525399999999999823e-04 1.358595594446490029e+00
3.596599999999999819e-04 1.357582837723024571e+00
3.669300000000000122e-04 1.356412339353037844e+00
3.743400000000000243e-04 1.355284793643336538e+00
3.819000000000000129e-04 1.354098853222495125e+00
3.896200000000000271e-04 1.352912287594538743e+00
3.974900000000000178e-04 1.351666345598150576e+00
4.055199999999999799e-04 1.350240861433833928e+00
4.137100000000000217e-04 1.348832901074472179e+00
4.220699999999999756e-04 1.347352166409301555e+00
4.306000000000000040e-04 1.345893461606983754e+00
4.392900000000000038e-04 1.344369703852537734e+00
4.481700000000000137e-04 1.342671121391244782e+00
4.572199999999999897e-04 1.341006468957405939e+00
4.664599999999999758e-04 1.339265117811830663e+00
4.758799999999999771e-04 1.337400016159004501e+00
4.854999999999999832e-04 1.335551858014420334e+00
4.952999999999999504e-04 1.333592353718237700e+00
5.053100000000000256e-04 1.331555284614798440e+00
5.155199999999999973e-04 1.329422315223077300e+00
5.259299999999999739e-04 1.327226090142909376e+00
5.365600000000000534e-04 1.324852666379186417e+00
5.473900000000000293e-04 1.322548812292944298e+00
5.584500000000000488e-04 1.320038708785511661e+00
5.697299999999999543e-04 1.317470002033760412e+00
5.812400000000000119e-04 1.314785267916500411e+00
5.929900000000000535e-04 1.311970269917851262e+00
6.049599999999999813e-04 1.309162989960994894e+00
6.171899999999999912e-04 1.306076378002132277e+00
6.296500000000000447e-04 1.303013530135301412e+00
6.423699999999999636e-04 1.299758745476477628e+00
6.553499999999999647e-04 1.296403643676800943e+00
6.685900000000000480e-04 1.292899408284023721e+00
6.821000000000000457e-04 1.289371870732817449e+00
6.958799999999999578e-04 1.285586741811282963e+00
7.099300000000000012e-04 1.281672412849559572e+00
7.242699999999999486e-04 1.277640618291112196e+00
7.389099999999999575e-04 1.273464231194399110e+00
7.538300000000000382e-04 1.269075890552400665e+00
7.690600000000000127e-04 1.264620993468023702e+00
7.845999999999999893e-04 1.259932459276916994e+00
8.004499999999999680e-04 1.255077687399541952e+00
8.166199999999999978e-04 1.250035828595996490e+00
8.331099999999999704e-04 1.244869271858307647e+00
8.499399999999999837e-04 1.239476102941176272e+00
8.671100000000000379e-04 1.233841161092581018e+00
8.846299999999999650e-04 1.228082585437022090e+00
9.024999999999999819e-04 1.222106586878279444e+00
9.207300000000000293e-04 1.215847226947941451e+00
9.393300000000000477e-04 1.209419715489549851e+00
9.583099999999999778e-04 1.202798919715197590e+00
9.776699999999999280e-04 1.195865944210315002e+00
9.974199999999999473e-04 1.188779527559055138e+00
1.017600000000000015e-03 1.181386368024715194e+00
1.038099999999999917e-03 1.173756581688700340e+00
1.059100000000000102e-03 1.165830639467915208e+00
1.080500000000000080e-03 1.157712494532730840e+00
1.102300000000000068e-03 1.149272408738245987e+00
1.124599999999999905e-03 1.140572390572390571e+00
1.147299999999999969e-03 1.131601582659556238e+00
1.170500000000000099e-03 1.122316727420008098e+00
1.194100000000000023e-03 1.112740878087543850e+00
1.218200000000000012e-03 1.102868093675902106e+00
1.242899999999999908e-03 1.092696450194378999e+00
1.268000000000000030e-03 1.082187070151306774e+00
1.293600000000000002e-03 1.071400092010427851e+00
1.319700000000000040e-03 1.060239513750977913e+00
1.346399999999999984e-03 1.048768967349589687e+00
1.373599999999999995e-03 1.036957655100503972e+00
1.401300000000000072e-03 1.024808184143222389e+00
1.429600000000000055e-03 1.012351875087132314e+00
1.458499999999999944e-03 9.995075643586026626e-01
1.487999999999999956e-03 9.863098273964513441e-01
1.518000000000000035e-03 9.727914449770846961e-01
1.548700000000000077e-03 9.589051717453671575e-01
1.580000000000000024e-03 9.446853838545233861e-01
1.611900000000000095e-03 9.300895968143354509e-01
1.644499999999999912e-03 9.151300525094638871e-01
1.677700000000000068e-03 8.998609846124346889e-01
1.711599999999999970e-03 8.842471714534377858e-01
1.746200000000000052e-03 8.682533819659262742e-01
1.781400000000000041e-03 8.519382830731585532e-01
1.817400000000000048e-03 8.352901934623082614e-01
1.854100000000000019e-03 8.183167452418369514e-01
1.891600000000000009e-03 8.010369132549221005e-01
1.929799999999999962e-03 7.834416335457278224e-01
1.968800000000000151e-03 7.655388807464442724e-01
2.008600000000000142e-03 7.473656480505794786e-01
2.049099999999999880e-03 7.289474207730718414e-01
2.090499999999999910e-03 7.102456935275965888e-01
2.132799999999999800e-03 6.913061819297438015e-01
2.175799999999999870e-03 6.721703441524210509e-01
2.219800000000000072e-03 6.528088433739394070e-01
2.264599999999999860e-03 6.333042910041385420e-01
2.310400000000000214e-03 6.136391993298041525e-01
2.357099999999999994e-03 5.938386136880797750e-01
2.404700000000000067e-03 5.739432382720505155e-01
2.453299999999999838e-03 5.539835559082236793e-01
2.502799999999999903e-03 5.339689909626067488e-01
2.553399999999999941e-03 5.139506474468604758e-01
2.605000000000000111e-03 4.939679999999999627e-01
2.657599999999999980e-03 4.740498569677156215e-01
2.711299999999999821e-03 4.542001235330450637e-01
2.765999999999999796e-03 4.344363023986163586e-01
2.821900000000000016e-03 4.149933664266654554e-01
2.878900000000000209e-03 3.959248842796039281e-01
2.937100000000000214e-03 3.769540808982294600e-01
2.996400000000000192e-03 3.581280857866368517e-01
3.056899999999999982e-03 3.396273637374860876e-01
3.118699999999999858e-03 3.214930024054231672e-01
3.181699999999999980e-03 3.037537618228718928e-01
3.246000000000000187e-03 2.864275147928994070e-01
3.311500000000000207e-03 2.695599101380394269e-01
3.378400000000000153e-03 2.531761941851705111e-01
3.446700000000000024e-03 2.373245272594861899e-01
3.516299999999999981e-03 2.220219058320882233e-01
3.587400000000000137e-03 2.072579763654250062e-01
3.659799999999999946e-03 1.930782371844648737e-01
3.733799999999999793e-03 1.795393113174286182e-01
3.809199999999999999e-03 1.666493230196445796e-01
3.886099999999999971e-03 1.543817335805868218e-01
3.964600000000000415e-03 1.427739775869596994e-01
4.044700000000000031e-03 1.318187327155936894e-01
4.126399999999999686e-03 1.215147867391092179e-01
4.209799999999999653e-03 1.118666865939321603e-01
4.294799999999999660e-03 1.028565723234085433e-01
4.381600000000000251e-03 9.449060899260101898e-02
4.470100000000000288e-03 8.674452019198433672e-02
4.560400000000000044e-03 7.959875954677290977e-02
4.652500000000000385e-03 7.303380782918149350e-02
4.746499999999999851e-03 6.702697438893757964e-02
4.842400000000000176e-03 6.155425501295212765e-02
4.940199999999999626e-03 5.659260659922473596e-02
5.040000000000000209e-03 5.210286033727755395e-02
5.141899999999999596e-03 4.806410138672054938e-02
5.245699999999999842e-03 4.444142676081840049e-02
5.351700000000000033e-03 4.120403427347375802e-02
5.459799999999999896e-03 3.832262606705975905e-02
5.570099999999999704e-03 3.577120041663049699e-02
5.682600000000000325e-03 3.350997346117626924e-02
5.797400000000000296e-03 3.151676378684233060e-02
5.914499999999999619e-03 2.976168652612282486e-02
6.034000000000000301e-03 2.821807417153194761e-02
6.155899999999999740e-03 2.685602986528161026e-02
6.280299999999999945e-03 2.565168629335896552e-02
6.407200000000000048e-03 2.458241062954761094e-02
6.536600000000000049e-03 2.362202264740335955e-02
6.668600000000000222e-03 2.275104118463674302e-02
6.803299999999999972e-03 2.194804205393875024e-02
6.940799999999999574e-03 2.119223242510913721e-02
7.080999999999999621e-03 2.046705339878030633e-02
7.224000000000000386e-03 1.975525503454358262e-02
7.369999999999999815e-03 1.904613149291681934e-02
7.518900000000000236e-03 1.832794656324068100e-02
7.670800000000000188e-03 1.759250053263262600e-02
7.825699999999999670e-03 1.683641216548430186e-02
7.983799999999999231e-03 1.605572153129993657e-02
8.145100000000000603e-03 1.525400426204715637e-02
8.309600000000000319e-03 1.443371199238146878e-02
8.477500000000000660e-03 1.360422838674925881e-02
8.648799999999999891e-03 1.277077917749783360e-02
8.823499999999999746e-03 1.194640617781004589e-02
9.001699999999999632e-03 1.114001830304614873e-02
9.183600000000000096e-03 1.036262384251764555e-02
9.369099999999999998e-03 9.624021557808289107e-03
9.558300000000000476e-03 8.931773383353469251e-03
9.751400000000000345e-03 8.293728332808067774e-03
9.948399999999999604e-03 7.712017998875069294e-03
1.014900000000000004e-02 7.190405355150613319e-03
1.035400000000000036e-02 6.727127397934087004e-03
1.056400000000000047e-02 6.319321578915259620e-03
1.077700000000000012e-02 5.963182754026886100e-03
1.099499999999999957e-02 5.651217312894498551e-03
1.121699999999999954e-02 5.377052116291564272e-03
1.144300000000000005e-02 5.131404174573054797e-03
1.167499999999999961e-02 4.906027219701879390e-03
1.191000000000000045e-02 4.692411289378147811e-03
1.215100000000000034e-02 4.483350797531726085e-03
1.239700000000000003e-02 4.272548338543475516e-03
1.264700000000000026e-02 4.056262597178232794e-03
1.290200000000000027e-02 3.832846255228926531e-03
1.316299999999999935e-02 3.602954597307780286e-03
1.342899999999999996e-02 3.369718309859154673e-03
1.370000000000000037e-02 3.137741825998415814e-03
1.397699999999999984e-02 2.912749408183970198e-03
1.425900000000000084e-02 2.699999999999999709e-03
1.454699999999999917e-02 2.504481290611695974e-03
1.484100000000000003e-02 2.329366409654710143e-03
1.514099999999999994e-02 2.176339410157774289e-03
1.544700000000000066e-02 2.044574290484140605e-03
1.575899999999999870e-02 1.932036676854681717e-03
1.607700000000000101e-02 1.834508410592349719e-03
1.640199999999999991e-02 1.747170439414114399e-03
1.673399999999999888e-02 1.664799201242511814e-03
1.707200000000000037e-02 1.582889480692410006e-03
1.741600000000000092e-02 1.498251068791294199e-03
1.776799999999999907e-02 1.409371352342838040e-03
1.812700000000000075e-02 1.317096253409786666e-03
1.849299999999999902e-02 1.223852289842137587e-03
1.886699999999999836e-02 1.133430265071021063e-03
1.924800000000000122e-02 1.049301699478377876e-03
1.963700000000000168e-02 9.743344402544043157e-04
2.003399999999999972e-02 9.096971066907775247e-04
2.043800000000000130e-02 8.549128682522563229e-04
2.085100000000000148e-02 8.078042101660106453e-04
2.127199999999999924e-02 7.654313905461221455e-04
2.170199999999999907e-02 7.244185375425636316e-04
2.214100000000000096e-02 6.825655028176378898e-04
2.258800000000000044e-02 6.389116442363956035e-04
2.304399999999999851e-02 5.944097181271376781e-04
2.350999999999999965e-02 5.510315714370652047e-04
2.398499999999999938e-02 5.114457108578283505e-04
2.446900000000000117e-02 4.770800532881192034e-04
2.496400000000000008e-02 4.483547400611620211e-04
2.546800000000000105e-02 4.237112127580664909e-04
2.598200000000000162e-02 4.008938617327165816e-04
2.650699999999999931e-02 3.772767518340501059e-04
2.704300000000000107e-02 3.518120117812780054e-04
2.758899999999999894e-02 3.248459692587067540e-04
2.814600000000000088e-02 2.988036547689476032e-04
2.871500000000000094e-02 2.760349310045997280e-04
2.929500000000000159e-02 2.582482245519106875e-04
2.988700000000000037e-02 2.448983795660532965e-04
3.048999999999999974e-02 2.339587111173106380e-04
3.110600000000000170e-02 2.222482103621801531e-04
3.173499999999999932e-02 2.076889817683937219e-04
3.237600000000000200e-02 1.902807300447115603e-04
3.302999999999999686e-02 1.724323114790781038e-04
3.369699999999999779e-02 1.570007593014426789e-04
3.437799999999999884e-02 1.454376739870089682e-04
3.507199999999999901e-02 1.371957463568334093e-04
3.578100000000000031e-02 1.296757103868999880e-04
3.650400000000000172e-02 1.206414137282172799e-04
3.724100000000000327e-02 1.092152447669085140e-04
3.799299999999999899e-02 9.755102040816326589e-05
3.876099999999999685e-02 8.774059302930466912e-05
3.954400000000000276e-02 8.102555034921757814e-05
4.034299999999999692e-02 7.624898584693049039e-05
4.115800000000000014e-02 7.149540441176470212e-05
4.198899999999999855e-02 6.609856647615479201e-05
4.283800000000000108e-02 6.040106951871658211e-05
4.370299999999999879e-02 5.549036777583186888e-05
4.458600000000000063e-02 5.158374628344896209e-05
4.548599999999999866e-02 4.830157833124772962e-05
4.640500000000000180e-02 4.494694783117803900e-05
4.734300000000000314e-02 4.134028590536700202e-05
4.829900000000000165e-02 3.791919921791983062e-05
4.927499999999999936e-02 3.531368461978767178e-05
5.027000000000000218e-02 3.336368623148656465e-05
5.128599999999999826e-02 3.118386169715062786e-05
5.232200000000000045e-02 2.867381081569904419e-05
5.337900000000000283e-02 2.619219611755128538e-05
5.445699999999999846e-02 2.405045631575887925e-05
5.555700000000000222e-02 2.217050609792022776e-05
5.668000000000000121e-02 2.062732081238881137e-05
5.782500000000000140e-02 1.941309528129574053e-05
5.899299999999999683e-02 1.817669403259404657e-05
6.018400000000000138e-02 1.652246235584741381e-05
6.140000000000000319e-02 1.503572147313342734e-05
6.264100000000000223e-02 1.420120606346494671e-05
6.390600000000000447e-02 1.347210550132523152e-05
6.519700000000000495e-02 1.230378650712429967e-05
6.651400000000000368e-02 1.117972362512159785e-05
6.785800000000000165e-02 1.053311114723893178e-05
6.922899999999999887e-02 9.792729679785972931e-06
7.062699999999999534e-02 8.793011357247274262e-06
7.205400000000000693e-02 8.311500107611737812e-06
7.351000000000000589e-02 8.004078399154979334e-06
7.499400000000000510e-02 7.214016318312272240e-06
7.650899999999999368e-02 6.483494457036249157e-06
7.805499999999999938e-02 6.160344909572191381e-06
7.963199999999999446e-02 5.773964999347002178e-06
8.124099999999999377e-02 5.314558102713537764e-06
8.288199999999999734e-02 4.911129293386488151e-06
8.455600000000000616e-02 4.461824013839583258e-06
8.626399999999999346e-02 4.197018939818447273e-06
8.800700000000000189e-02 3.969223016842064779e-06
8.978500000000000369e-02 3.577034532721564628e-06
9.159799999999999887e-02 3.308459271336302067e-06
9.344900000000000428e-02 3.068406313092938206e-06
9.533700000000000507e-02 2.914413196322336279e-06
9.726300000000000223e-02 2.668364724026732873e-06
9.922699999999999576e-02 2.360627177700348559e-06
1.012300000000000005e-01 2.348904671401420110e-06
1.032799999999999968e-01 2.111073860119661658e-06
1.053599999999999953e-01 1.896025681842300807e-06
1.074900000000000022e-01 1.830170700498216820e-06
1.096599999999999936e-01 1.676782877685812313e-06
1.118799999999999933e-01 1.526227408566955994e-06
1.141400000000000053e-01 1.406481185993211394e-06
1.164400000000000018e-01 1.358248183804855103e-06
1.188000000000000028e-01 1.167492715749001360e-06
1.212000000000000022e-01 1.126279446362553077e-06
1.236499999999999960e-01 1.018785767603881581e-06
1.261400000000000021e-01 9.315680989376881363e-07
1.286899999999999988e-01 9.192753904984120960e-07
1.312899999999999900e-01 7.959475170237502443e-07
1.339400000000000035e-01 7.784952849528494730e-07
1.366499999999999937e-01 6.747565965852970950e-07
1.394100000000000061e-01 6.501901140684410735e-07
1.422299999999999953e-01 5.963798151880442404e-07
1.451000000000000068e-01 5.530471353753371625e-07
1.480299999999999949e-01 5.206422970001244639e-07
1.510199999999999876e-01 4.626145892166659539e-07
1.540700000000000125e-01 4.396615258632455621e-07
1.571799999999999864e-01 3.943381863164906382e-07
1.603600000000000025e-01 3.840720702834169219e-07
1.635999999999999954e-01 3.375973992466071776e-07
1.668999999999999928e-01 3.221337749759590036e-07
1.702799999999999869e-01 2.854562475907263969e-07
1.737100000000000033e-01 2.700214859210675630e-07
1.772199999999999886e-01 2.591990277215116733e-07
1.807999999999999885e-01 2.313405475725858595e-07
1.844600000000000128e-01 2.120703195795324101e-07
1.881799999999999862e-01 1.953885145577054059e-07
1.919800000000000118e-01 1.832180699194213677e-07
1.958600000000000063e-01 1.687659407494604804e-07
1.998199999999999976e-01 1.548804443541285574e-07
2.038600000000000134e-01 1.436336717428087975e-07
2.079699999999999882e-01 1.351727694687983500e-07
2.121800000000000075e-01 1.233227823670192456e-07
2.164600000000000135e-01 1.074158031088082780e-07
2.208299999999999985e-01 1.089459849063003420e-07
2.253000000000000003e-01 9.925624225252347410e-08
2.298499999999999988e-01 8.692321856011783459e-08
2.344900000000000040e-01 8.311261432926828279e-08
2.392299999999999982e-01 7.795148777374055025e-08
2.440599999999999992e-01 6.955490033725790499e-08
2.489899999999999891e-01 6.302084954907271052e-08
2.540200000000000236e-01 5.982518752804905920e-08
2.591499999999999915e-01 5.697976128697456857e-08
2.643900000000000139e-01 5.238722838544054046e-08
2.697300000000000253e-01 4.831240516613101658e-08
2.751799999999999802e-01 4.307473167318481203e-08
2.807399999999999896e-01 3.972029252848751457e-08
2.864099999999999979e-01 3.795259859328388589e-08
2.921900000000000053e-01 3.366158588799451825e-08
2.980999999999999761e-01 3.102737491473144405e-08
3.041200000000000014e-01 2.975168537600392681e-08
3.102599999999999802e-01 2.720360640645089394e-08
3.165299999999999780e-01 2.562688722594197110e-08
3.229199999999999848e-01 2.321975107120995946e-08
3.294500000000000206e-01 2.157767290595118038e-08
3.361000000000000099e-01 2.006598956701258888e-08
3.428899999999999726e-01 1.762067105820717482e-08
3.498200000000000198e-01 1.718981481481481562e-08
3.568899999999999850e-01 1.537792712380552222e-08
3.640900000000000247e-01 1.427690828014339368e-08
3.714500000000000024e-01 1.280573906331585194e-08
3.789500000000000091e-01 1.201196814776421772e-08
3.866100000000000092e-01 1.104169725444134362e-08
3.944199999999999928e-01 1.028141394590739983e-08
4.023900000000000254e-01 9.634528552456839924e-09
4.105199999999999960e-01 8.953907593321870451e-09
4.188100000000000156e-01 8.165658203294635928e-09
4.272699999999999831e-01 7.981404896308147833e-09
4.359000000000000097e-01 7.088480276599088184e-09
4.447099999999999942e-01 6.184744210388591072e-09
4.536899999999999822e-01 5.891567906279798364e-09
4.628599999999999937e-01 5.463613773517926310e-09
4.722100000000000186e-01 5.248203304438023698e-09
4.817400000000000015e-01 4.534766803310388247e-09
4.914799999999999724e-01 4.383373688458434394e-09
5.014100000000000223e-01 4.067160410705268884e-09
5.115300000000000402e-01 3.717450429899982565e-09
5.218699999999999450e-01 3.539432753888380944e-09
5.324100000000000499e-01 3.175903384409757257e-09
5.431700000000000417e-01 2.765523771553871832e-09
5.541399999999999659e-01 2.816795879077995830e-09
5.653299999999999992e-01 2.497501629372148544e-09
5.767499999999999849e-01 1.951876204511960166e-09
5.884000000000000341e-01 1.336193124667179618e-09
6.002899999999999903e-01 1.037620459599703481e-09
6.124199999999999644e-01 8.953750886925111847e-10
6.247899999999999565e-01 8.410132039881434392e-10
6.374100000000000321e-01 8.422941590429275431e-10
6.502900000000000347e-01 8.809733862667253570e-10
6.634200000000000097e-01 9.426223212228281235e-10
6.768300000000000427e-01 1.010755277309575409e-09
6.905000000000000027e-01 1.063915450427780569e-09
7.044500000000000206e-01 1.082223001402524574e-09
7.186799999999999855e-01 1.065512186182884497e-09
7.331999999999999629e-01 1.019919555640681900e-09
7.480099999999999527e-01 9.537167742904340238e-10
7.631200000000000205e-01 8.752695149777060642e-10
7.785400000000000098e-01 7.920989275552637443e-10
7.942599999999999660e-01 7.101646622649929149e-10
8.103099999999999747e-01 6.337637162105564892e-10
8.266799999999999704e-01 5.656020824468750624e-10
8.433800000000000185e-01 5.071797892532233028e-10
8.604100000000000081e-01 4.585387227516705252e-10
8.778000000000000247e-01 4.178341211860764895e-10
8.955300000000000482e-01 3.832861232258741191e-10
9.136199999999999877e-01 3.535370959900889080e-10
9.320800000000000196e-01 3.275075489037679164e-10
9.509100000000000330e-01 3.043537999141262551e-10
9.701100000000000279e-01 2.833902570555455687e-10
9.897099999999999786e-01 2.640838445038196877e-10
1.009700000000000042e+00 2.460014182161991706e-10
1.030100000000000016e+00 2.288165302208566207e-10
1.050899999999999945e+00 2.123005505775666365e-10
1.072100000000000053e+00 1.965160969433893868e-10
1.093800000000000106e+00 1.815218163308790420e-10
1.115899999999999892e+00 1.673641930925048887e-10
1.138400000000000079e+00 1.540678802357890308e-10
1.161399999999999988e+00 1.416374269005848159e-10
1.184900000000000064e+00 1.300700894637871311e-10
1.208800000000000097e+00 1.193534907321732503e-10
1.233300000000000063e+00 1.094596284945900365e-10
1.258199999999999985e+00 1.003571428571428596e-10
1.283600000000000074e+00 9.200714138570349989e-11
1.309500000000000108e+00 8.435273800100741749e-11
1.336000000000000076e+00 7.734248331510878682e-11
1.362999999999999989e+00 7.093344925703446025e-11
1.390500000000000069e+00 6.507186943374342545e-11
1.418600000000000083e+00 5.971341728180634164e-11
1.447200000000000042e+00 5.482064821558630300e-11
1.476499999999999924e+00 5.035315452896821517e-11
1.506299999999999972e+00 4.627820865649237159e-11
1.536699999999999955e+00 4.255981112277019857e-11
1.567800000000000082e+00 3.916923415492957425e-11
1.599399999999999933e+00 3.607258250634664583e-11
1.631799999999999917e+00 3.324155875589979752e-11
1.664700000000000069e+00 3.064923526051912827e-11
1.698399999999999910e+00 2.827453068832379099e-11
1.732699999999999907e+00 2.609636871508379989e-11
1.767700000000000049e+00 2.409347300564061169e-11
1.803399999999999892e+00 2.225347782645453669e-11
1.839800000000000102e+00 2.055963228771873214e-11
1.877000000000000002e+00 1.899822319993231097e-11
1.914900000000000047e+00 1.755859374999999955e-11
1.953600000000000003e+00 1.623777135935898778e-11
1.993000000000000105e+00 1.502591180209249954e-11
2.033300000000000107e+00 1.391613988999261068e-11
2.074399999999999800e+00 1.290350376441950316e-11
2.116299999999999848e+00 1.198191068400226050e-11
2.158999999999999808e+00 1.114443389508663787e-11
2.202599999999999891e+00 1.038497956742749127e-11
2.247100000000000097e+00 9.698115181876447267e-12
2.292499999999999982e+00 9.078249883270619824e-12
2.338799999999999990e+00 8.517995155150534881e-12
2.386099999999999888e+00 8.003845746211031390e-12
2.434299999999999908e+00 7.523371915543117880e-12
2.483499999999999819e+00 7.066504149204388972e-12
2.533599999999999852e+00 6.625282760797517096e-12
2.584799999999999986e+00 6.193344015323129703e-12
2.637000000000000011e+00 5.766515136860431836e-12
2.690300000000000136e+00 5.341772666314463110e-12
2.744699999999999918e+00 4.917822838847384890e-12
2.800100000000000033e+00 4.494371944930266448e-12
2.856700000000000017e+00 4.075286801253209593e-12
2.914400000000000102e+00 3.670337829476550262e-12
2.973300000000000054e+00 3.287133347201997222e-12
3.033300000000000107e+00 2.932047323697368939e-12
3.094599999999999795e+00 2.607970369519653043e-12
3.157099999999999795e+00 2.316346850108617255e-12
3.220899999999999874e+00 2.057200837085420790e-12
3.286000000000000032e+00 1.829351194641607559e-12
3.352300000000000058e+00 1.631001996287605495e-12
3.420100000000000140e+00 1.460040493281796173e-12
3.489199999999999857e+00 1.313535056492803004e-12
3.559600000000000097e+00 1.187749125518587882e-12
3.631600000000000161e+00 1.079314178211048454e-12
3.704899999999999860e+00 9.854811884748505638e-13
3.779799999999999827e+00 9.039270355843295445e-13
3.856100000000000083e+00 8.328116460475976523e-13
3.934000000000000163e+00 7.705688763516690345e-13
4.013499999999999623e+00 7.159571546278495282e-13
4.094599999999999795e+00 6.678796280251834379e-13
4.177299999999999791e+00 6.253644314868805222e-13
4.261700000000000266e+00 5.876980071538067694e-13
4.347800000000000331e+00 5.541210452072278509e-13
4.435599999999999987e+00 5.240197809961144175e-13
4.525199999999999889e+00 4.968791796700846576e-13
4.616600000000000037e+00 4.722157092614302106e-13
4.709900000000000198e+00 4.496547188424860073e-13
4.804999999999999716e+00 4.288567969560705370e-13
4.902099999999999902e+00 4.095515327935959473e-13
5.001100000000000101e+00 3.915111493922863198e-13
5.102100000000000080e+00 3.744613587853892328e-13
5.205199999999999605e+00 3.582043704386327013e-13
5.310399999999999565e+00 3.423419407326505015e-13
5.417600000000000193e+00 3.265282191395302302e-13
5.527099999999999902e+00 3.104780001480640800e-13
5.638700000000000045e+00 2.939717739317848167e-13
5.752600000000000158e+00 2.768471964149087280e-13
5.868900000000000006e+00 2.590473177955744917e-13
5.987400000000000055e+00 2.405580438203607568e-13
6.108399999999999608e+00 2.214507524484433891e-13
6.231799999999999784e+00 2.018805309734513148e-13
6.357700000000000351e+00 1.821758075043660741e-13
6.486100000000000421e+00 1.631220291146761899e-13
6.617099999999999760e+00 1.453180885370859097e-13
6.750799999999999912e+00 1.291671810064600921e-13
6.887199999999999989e+00 1.148744937517596908e-13
7.026299999999999990e+00 1.025033628964228020e-13
7.168199999999999683e+00 9.203350775286833107e-14
7.312999999999999723e+00 8.336997447754782321e-14
7.460799999999999876e+00 7.641675091789495518e-14
7.611500000000000377e+00 7.106921762514355533e-14
7.765299999999999869e+00 6.715431807456347528e-14
7.922100000000000364e+00 6.425975961986396056e-14
8.082200000000000273e+00 6.200536333311531193e-14
8.245400000000000063e+00 6.007300778290515493e-14
8.412000000000000810e+00 5.819038984587487605e-14
8.581899999999999196e+00 5.611824014665444219e-14
8.755300000000000082e+00 5.364597997023689185e-14
8.932199999999999918e+00 5.062905070529926942e-14
9.112600000000000477e+00 4.696172035335057994e-14
9.296699999999999520e+00 4.263756402424698279e-14
9.484500000000000597e+00 3.780884973272619194e-14
9.676099999999999923e+00 3.290391533288149834e-14
9.871600000000000819e+00 2.827841845140032867e-14
1.007099999999999973e+01 2.415365035288672986e-14
1.027399999999999913e+01 2.062888482632541014e-14
1.048199999999999932e+01 1.772934454644668358e-14
1.069400000000000084e+01 1.542946030028405265e-14
1.091000000000000014e+01 1.368177283739489665e-14
1.113000000000000078e+01 1.243900608062457675e-14
1.135500000000000043e+01 1.166811674444356726e-14
1.158399999999999963e+01 1.132927743978664925e-14
1.181799999999999962e+01 1.131278538812785302e-14
1.205700000000000038e+01 1.152017024426350955e-14
1.230100000000000016e+01 1.186622464898595926e-14
1.254899999999999949e+01 1.225624165211137304e-14
1.280300000000000082e+01 1.258972943125345074e-14
1.306099999999999994e+01 1.275301795942584679e-14
1.332499999999999929e+01 1.263181943893317718e-14
1.359399999999999942e+01 1.213448402590325597e-14
1.386899999999999977e+01 1.120874570928663993e-14
1.414899999999999913e+01 9.909485064331764727e-15
1.443500000000000050e+01 8.446861229395095081e-15
1.472700000000000031e+01 7.010040035030652578e-15
1.502399999999999913e+01 5.719607681529712022e-15
1.532799999999999940e+01 4.633375034751181902e-15
1.563700000000000045e+01 3.762844112313863410e-15
1.595299999999999940e+01 3.093914118010503314e-15
1.627499999999999858e+01 2.600598400195395706e-15
1.660399999999999920e+01 2.256673246931593623e-15
1.694000000000000128e+01 2.041509263238853879e-15
1.728200000000000003e+01 1.936443204311845256e-15
1.763100000000000023e+01 1.911721814341747935e-15
1.798699999999999832e+01 1.944912782991357965e-15
1.835099999999999909e+01 2.018727115185733844e-15
1.872100000000000009e+01 2.116497701284922672e-15
1.909900000000000020e+01 2.219166588981075651e-15
1.948499999999999943e+01 2.303876273796651614e-15
1.987900000000000134e+01 2.344642918840479427e-15
2.028000000000000114e+01 2.315881517105694777e-15
2.069000000000000128e+01 2.198017519594283138e-15
2.110800000000000054e+01 1.993152627527247625e-15
2.153500000000000014e+01 1.740300803281490333e-15
2.196999999999999886e+01 1.478911319394376262e-15
2.241300000000000026e+01 1.236289326109685450e-15
2.286599999999999966e+01 1.027465918203688831e-15
2.332799999999999940e+01 8.581170375852408283e-16
2.379899999999999949e+01 7.278657448706511768e-16
2.428000000000000114e+01 6.337547780064686407e-16
2.477100000000000080e+01 5.725468304180622441e-16
2.527100000000000080e+01 5.424103637791153827e-16
2.578200000000000003e+01 5.405314009661834987e-16
2.630199999999999960e+01 5.548412929528247206e-16
2.683399999999999963e+01 5.714483182306865096e-16
2.737600000000000122e+01 5.754374594944912289e-16
2.792899999999999849e+01 5.519357319887189642e-16
2.849299999999999855e+01 4.912279120086549067e-16
2.906899999999999906e+01 3.952919916302073855e-16
2.965599999999999881e+01 2.802095249563489816e-16
3.025499999999999901e+01 1.704603201490641226e-16
3.086599999999999966e+01 8.670010164531370834e-17
3.148999999999999844e+01 3.652552060622488670e-17
3.212599999999999767e+01 2.363810447519926309e-17
3.277499999999999858e+01 2.493111863339368817e-17
3.343699999999999761e+01 2.629509649195669465e-17
3.411200000000000188e+01 2.773460324880215081e-17
3.480100000000000193e+01 2.925363011375898153e-17
3.550399999999999778e+01 3.085606467248979240e-17
3.622200000000000131e+01 3.254776086098284911e-17
3.695300000000000296e+01 3.433260274965131115e-17
3.770000000000000284e+01 3.621592690293229488e-17
3.846200000000000330e+01 3.820580581388311667e-17
3.923899999999999721e+01 4.030359157778203245e-17
4.003099999999999881e+01 4.251786276007729146e-17
4.084000000000000341e+01 4.485522540254689463e-17
4.166499999999999915e+01 4.732192020823947459e-17
4.250699999999999790e+01 4.992471271958790232e-17
4.336500000000000199e+01 5.267252195734002850e-17
4.424099999999999966e+01 5.557255952205774052e-17
4.513499999999999801e+01 5.863257952286282560e-17
4.604699999999999704e+01 6.186510148539200385e-17
4.697699999999999676e+01 6.873529004568739082e-17
4.792600000000000193e+01 8.763975155279502694e-17
4.889399999999999835e+01 9.432252092413313357e-17
4.988199999999999790e+01 8.849802532470176169e-17
5.089000000000000057e+01 8.092843326885879643e-17
5.191799999999999926e+01 8.539794899718667231e-17
5.296600000000000108e+01 9.011736526946108428e-17
5.403600000000000136e+01 9.510418774023873132e-17
5.512800000000000011e+01 1.003630926954292976e-16
5.624199999999999733e+01 1.059194948697711150e-16
5.737800000000000011e+01 1.117857142857142779e-16
5.853699999999999903e+01 1.179812708189303002e-16
5.971999999999999886e+01 1.245205388546021687e-16
6.092600000000000193e+01 1.314181614349775624e-16
6.215699999999999648e+01 1.387170760580053297e-16
6.341199999999999903e+01 1.464140625000000048e-16
6.469299999999999784e+01 1.545499546242059179e-16
6.600000000000000000e+01 1.631381773828193048e-16
6.733400000000000318e+01 1.722053546784432999e-16
6.869400000000000261e+01 1.817643058389196351e-16
7.008199999999999363e+01 1.918838497845270032e-16
7.149699999999999989e+01 2.025725214828299994e-16
7.294199999999999307e+01 2.138500097277377607e-16
7.441500000000000625e+01 2.257623922739414625e-16
7.591800000000000637e+01 2.383444824592758694e-16
7.745199999999999818e+01 2.516349122877984987e-16
7.901699999999999591e+01 2.656697286904507495e-16
8.061299999999999955e+01 2.805114704776231597e-16
8.224099999999999966e+01 2.961768257802072415e-16
8.390300000000000580e+01 3.127213521996743763e-16
8.559799999999999898e+01 3.302008900867036615e-16
8.732699999999999818e+01 3.486673284759032689e-16
8.909099999999999397e+01 3.681711153762440744e-16
9.089100000000000534e+01 3.888041137983653341e-16
9.272700000000000387e+01 4.105825714411907827e-16
9.459999999999999432e+01 4.335876437787266078e-16
9.651099999999999568e+01 4.578978505225793272e-16
9.846099999999999852e+01 4.835920408375872287e-16
1.004500000000000028e+02 5.107594936708861586e-16
1.024800000000000040e+02 5.394411653534149439e-16
1.045499999999999972e+02 5.697563673231129069e-16
1.066599999999999966e+02 6.017920332435152000e-16
1.088199999999999932e+02 6.356432246998284876e-16
1.110100000000000051e+02 6.714518760195758517e-16
1.132600000000000051e+02 7.092671340458950294e-16
1.155400000000000063e+02 7.492307692307693145e-16
1.178799999999999955e+02 7.914937315476446028e-16
1.202600000000000051e+02 8.362049473160584000e-16
1.226899999999999977e+02 8.834241468310869815e-16
1.251700000000000017e+02 9.333636455491562295e-16
1.277000000000000028e+02 9.861163026646017573e-16
1.302800000000000011e+02 1.041939489726800527e-15
1.329099999999999966e+02 1.100954653937947513e-15
1.355900000000000034e+02 1.163365712123123469e-15
1.383300000000000125e+02 1.229312529172501072e-15
1.411299999999999955e+02 1.299189284455410708e-15
1.439799999999999898e+02 1.372959678020421979e-15
1.468899999999999864e+02 1.450985027580772301e-15
1.498499999999999943e+02 1.533494417597067155e-15
1.528799999999999955e+02 1.620826358911109079e-15
1.559699999999999989e+02 1.713088029809035861e-15
1.591200000000000045e+02 1.810677698975571512e-15
1.623300000000000125e+02 1.914018146400408191e-15
1.656100000000000136e+02 2.023399028345433159e-15
1.689600000000000080e+02 2.139045532926317724e-15
1.723700000000000045e+02 2.261423571745452692e-15
1.758499999999999943e+02 2.391063491442797811e-15
1.794099999999999966e+02 2.528161925903456849e-15
1.830300000000000011e+02 2.673317872197669265e-15
1.867299999999999898e+02 2.826985988519227364e-15
1.905000000000000000e+02 2.989877551020408570e-15
1.943499999999999943e+02 3.162195311555271268e-15
1.982800000000000011e+02 3.344666849465314170e-15
2.022800000000000011e+02 3.537991333952336594e-15
2.063700000000000045e+02 3.742553583491985280e-15
2.105399999999999920e+02 3.959010355734650728e-15
2.147899999999999920e+02 4.188334021185857549e-15
2.191299999999999955e+02 4.430720698859499823e-15
2.235600000000000023e+02 4.687315406939415175e-15
