1.000000000000000048e-04 1.178002840272068141e+00
1.020200000000000024e-04 1.177923553340418428e+00
1.040800000000000064e-04 1.177891180909940383e+00
1.061800000000000032e-04 1.177826332111643559e+00
1.083300000000000013e-04 1.177765490548432714e+00
1.105200000000000057e-04 1.177708495713172265e+00
1.127500000000000030e-04 1.177616056890306684e+00
1.150300000000000015e-04 1.177567047935607958e+00
1.173500000000000064e-04 1.177478110819965451e+00
1.197199999999999989e-04 1.177388525052486479e+00
1.221399999999999927e-04 1.177298426745329252e+00
1.246099999999999877e-04 1.177238075149908081e+00
1.271199999999999891e-04 1.177141506367638701e+00
1.296899999999999865e-04 1.177068845618915116e+00
1.323100000000000122e-04 1.176961982156049302e+00
1.349900000000000069e-04 1.176873780997492291e+00
1.377100000000000080e-04 1.176780786360283271e+00
1.404900000000000051e-04 1.176647107681590310e+00
1.433299999999999982e-04 1.176532408502141136e+00
1.462299999999999874e-04 1.176435730296550242e+00
1.491800000000000049e-04 1.176326427488630699e+00
1.522000000000000132e-04 1.176176200976141617e+00
1.552699999999999957e-04 1.176068999028182738e+00
1.584099999999999961e-04 1.175918425692095148e+00
1.616099999999999926e-04 1.175754602373610069e+00
1.648700000000000122e-04 1.175624284077892101e+00
1.681999999999999956e-04 1.175480769230769162e+00
1.715999999999999969e-04 1.175317236517448016e+00
1.750699999999999891e-04 1.175160405279871867e+00
1.786000000000000044e-04 1.174985170748241714e+00
1.822100000000000054e-04 1.174792778943432259e+00
1.858899999999999973e-04 1.174625162972620540e+00
1.896500000000000020e-04 1.174417675496424174e+00
1.934799999999999975e-04 1.174208587995611897e+00
1.973900000000000058e-04 1.174004917780851365e+00
2.013799999999999998e-04 1.173777903362531738e+00
2.054400000000000117e-04 1.173550818339675672e+00
2.095900000000000042e-04 1.173320773856966870e+00
2.138300000000000042e-04 1.173052668975930413e+00
2.181499999999999900e-04 1.172818645809744487e+00
2.225499999999999885e-04 1.172545737175654690e+00
2.270499999999999895e-04 1.172267077624041143e+00
2.316399999999999980e-04 1.171966884588850011e+00
2.363199999999999871e-04 1.171681701030927947e+00
2.410900000000000109e-04 1.171355458322144605e+00
2.459599999999999829e-04 1.171042644484719064e+00
2.509300000000000115e-04 1.170689471845427265e+00
2.559999999999999884e-04 1.170333517048247618e+00
2.611700000000000219e-04 1.169970347215121498e+00
2.664499999999999985e-04 1.169584025668939375e+00
2.718299999999999775e-04 1.169178688317343395e+00
2.773200000000000079e-04 1.168767304434067400e+00
2.829199999999999814e-04 1.168350668647845536e+00
2.886400000000000012e-04 1.167898585280559454e+00
2.944700000000000182e-04 1.167426574698309905e+00
3.004199999999999731e-04 1.166949033794886681e+00
3.064899999999999743e-04 1.166425163014964905e+00
3.126800000000000217e-04 1.165911262464169429e+00
3.189900000000000070e-04 1.165365302837373607e+00
3.254399999999999741e-04 1.164789727883142945e+00
3.320099999999999874e-04 1.164211863917287593e+00
3.387199999999999825e-04 1.163536262093028517e+00
3.455600000000000186e-04 1.162891453836497391e+00
3.525399999999999823e-04 1.162289063436209746e+00
3.596599999999999819e-04 1.161583248758079057e+00
3.669300000000000122e-04 1.160897623936638423e+00
3.743400000000000243e-04 1.160105202597189189e+00
3.819000000000000129e-04 1.159325380833400532e+00
3.896200000000000271e-04 1.158581167868787842e+00
3.974900000000000178e-04 1.157736653425055717e+00
4.055199999999999799e-04 1.156769596199525019e+00
4.137100000000000217e-04 1.155888930301900874e+00
4.220699999999999756e-04 1.154970760233918092e+00
4.306000000000000040e-04 1.153942652329749130e+00
4.392900000000000038e-04 1.152899824253075689e+00
4.481700000000000137e-04 1.151844191658048855e+00
4.572199999999999897e-04 1.150764810276345695e+00
4.664599999999999758e-04 1.149593900215481579e+00
4.758799999999999771e-04 1.148407022106632036e+00
4.854999999999999832e-04 1.147126803219893354e+00
4.952999999999999504e-04 1.145849617007972387e+00
5.053100000000000256e-04 1.144488732178445600e+00
5.155199999999999973e-04 1.143050439750432190e+00
5.259299999999999739e-04 1.141614448949502370e+00
5.365600000000000534e-04 1.140109890109890056e+00
5.473900000000000293e-04 1.138613159387407814e+00
5.584500000000000488e-04 1.136907245167570579e+00
5.697299999999999543e-04 1.135219911353563038e+00
5.812400000000000119e-04 1.133484919414164294e+00
5.929900000000000535e-04 1.131623819517313834e+00
6.049599999999999813e-04 1.129735640316459788e+00
6.171899999999999912e-04 1.127799154734119735e+00
6.296500000000000447e-04 1.125703680791834138e+00
6.423699999999999636e-04 1.123521203664381574e+00
6.553499999999999647e-04 1.121318498244779027e+00
6.685900000000000480e-04 1.119040672229678401e+00
6.821000000000000457e-04 1.116637097235735121e+00
6.958799999999999578e-04 1.114167040862146463e+00
7.099300000000000012e-04 1.111582076406473663e+00
7.242699999999999486e-04 1.108891648221130399e+00
7.389099999999999575e-04 1.106110346288255775e+00
7.538300000000000382e-04 1.103240548400498566e+00
7.690600000000000127e-04 1.100234287460527760e+00
7.845999999999999893e-04 1.097107747639742170e+00
8.004499999999999680e-04 1.093919945127627136e+00
8.166199999999999978e-04 1.090529047138532270e+00
8.331099999999999704e-04 1.087095862003959024e+00
8.499399999999999837e-04 1.083483566772985851e+00
8.671100000000000379e-04 1.079751541530649339e+00
8.846299999999999650e-04 1.075862682319459251e+00
9.024999999999999819e-04 1.071880315784882409e+00
9.207300000000000293e-04 1.067679144385026646e+00
9.393300000000000477e-04 1.063404808862405959e+00
9.583099999999999778e-04 1.058896160019755506e+00
9.776699999999999280e-04 1.054299555914412601e+00
9.974199999999999473e-04 1.049499069417495045e+00
1.017600000000000015e-03 1.044513497766556442e+00
1.038099999999999917e-03 1.039356878881396051e+00
1.059100000000000102e-03 1.034047165227790943e+00
1.080500000000000080e-03 1.028484492998020361e+00
1.102300000000000068e-03 1.022799194476409657e+00
1.124599999999999905e-03 1.016897135600395075e+00
1.147299999999999969e-03 1.010796594920063463e+00
1.170500000000000099e-03 1.004480955937266495e+00
1.194100000000000023e-03 9.979353291817910643e-01
1.218200000000000012e-03 9.912120222149624071e-01
1.242899999999999908e-03 9.842317800141017203e-01
1.268000000000000030e-03 9.770476340198082088e-01
1.293600000000000002e-03 9.696165828680712861e-01
1.319700000000000040e-03 9.619307005598426441e-01
1.346399999999999984e-03 9.539813550264236719e-01
1.373599999999999995e-03 9.458199825225750423e-01
1.401300000000000072e-03 9.374106887682194245e-01
1.429600000000000055e-03 9.287476866132018394e-01
1.458499999999999944e-03 9.197986023221262908e-01
1.487999999999999956e-03 9.105633992927139042e-01
1.518000000000000035e-03 9.010913329095148194e-01
1.548700000000000077e-03 8.913263847373481541e-01
1.580000000000000024e-03 8.812742297490308019e-01
1.611900000000000095e-03 8.709798523338756482e-01
1.644499999999999912e-03 8.603497396600845448e-01
1.677700000000000068e-03 8.494577006507592065e-01
1.711599999999999970e-03 8.383045154575774482e-01
1.746200000000000052e-03 8.268257579274802538e-01
1.781400000000000041e-03 8.150915884443634685e-01
1.817400000000000048e-03 8.030455490709061950e-01
1.854100000000000019e-03 7.907119655868667385e-01
1.891600000000000009e-03 7.780745783158483642e-01
1.929799999999999962e-03 7.651822718430179027e-01
1.968800000000000151e-03 7.520029889161028436e-01
2.008600000000000142e-03 7.385439801136942650e-01
2.049099999999999880e-03 7.248069768372205068e-01
2.090499999999999910e-03 7.108100147275404623e-01
2.132799999999999800e-03 6.965490649701175929e-01
2.175799999999999870e-03 6.820427400579205379e-01
2.219800000000000072e-03 6.672923597301466669e-01
2.264599999999999860e-03 6.523048286433811294e-01
2.310400000000000214e-03 6.371113699489293625e-01
2.357099999999999994e-03 6.216939131046862466e-01
2.404700000000000067e-03 6.060831245139548518e-01
2.453299999999999838e-03 5.903019399514588539e-01
2.502799999999999903e-03 5.744386470852990145e-01
2.553399999999999941e-03 5.585027998821102679e-01
2.605000000000000111e-03 5.424440298507462455e-01
2.657599999999999980e-03 5.262035296162292930e-01
2.711299999999999821e-03 5.098097041567068999e-01
2.765999999999999796e-03 4.933739992375142935e-01
2.821900000000000016e-03 4.768954150434521755e-01
2.878900000000000209e-03 4.604172494515688108e-01
2.937100000000000214e-03 4.439509245059173326e-01
2.996400000000000192e-03 4.275212921755698336e-01
3.056899999999999982e-03 4.111794298490777377e-01
3.118699999999999858e-03 3.948958848414922396e-01
3.181699999999999980e-03 3.787400086411751854e-01
3.246000000000000187e-03 3.629196033926651577e-01
3.311500000000000207e-03 3.473835312540780040e-01
3.378400000000000153e-03 3.318877027304454885e-01
3.446700000000000024e-03 3.165398639867771924e-01
3.516299999999999981e-03 3.015026118893699980e-01
3.587400000000000137e-03 2.867725126002220737e-01
3.659799999999999946e-03 2.723627982906803857e-01
3.733799999999999793e-03 2.583010580011335655e-01
3.809199999999999999e-03 2.446300577363181017e-01
3.886099999999999971e-03 2.313574433065105906e-01
3.964600000000000415e-03 2.185292662077653325e-01
4.044700000000000031e-03 2.061301070388859846e-01
4.126399999999999686e-03 1.941451403793565678e-01
4.209799999999999653e-03 1.826459043819574080e-01
4.294799999999999660e-03 1.716711009755479411e-01
4.381600000000000251e-03 1.611987775213621910e-01
4.470100000000000288e-03 1.512217092669744523e-01
4.560400000000000044e-03 1.417611774787035650e-01
4.652500000000000385e-03 1.328070698043888331e-01
4.746499999999999851e-03 1.243666242785874954e-01
4.842400000000000176e-03 1.164305676014262131e-01
4.940199999999999626e-03 1.089924983382394713e-01
5.040000000000000209e-03 1.020587684821261526e-01
5.141899999999999596e-03 9.559121933222651524e-02
5.245699999999999842e-03 8.959538097835970105e-02
5.351700000000000033e-03 8.403280745787020112e-02
5.459799999999999896e-03 7.890489658829769049e-02
5.570099999999999704e-03 7.419020223152023030e-02
5.682600000000000325e-03 6.985985727796406586e-02
5.797400000000000296e-03 6.589906700593724242e-02
5.914499999999999619e-03 6.227531380753138779e-02
6.034000000000000301e-03 5.897679412007597599e-02
6.155899999999999740e-03 5.597033173037737480e-02
6.280299999999999945e-03 5.323089300080451058e-02
6.407200000000000048e-03 5.074027005559968856e-02
6.536600000000000049e-03 4.847058823529411947e-02
6.668600000000000222e-03 4.639659178931061084e-02
6.803299999999999972e-03 4.449349655700076539e-02
6.940799999999999574e-03 4.274170383248922928e-02
7.080999999999999621e-03 4.111443083358231471e-02
7.224000000000000386e-03 3.958883885731157709e-02
7.369999999999999815e-03 3.814739146296972083e-02
7.518900000000000236e-03 3.676909759792253152e-02
7.670800000000000188e-03 3.543976032527284409e-02
7.825699999999999670e-03 3.414038800705467003e-02
7.983799999999999231e-03 3.285973482205164359e-02
8.145100000000000603e-03 3.158944969964785909e-02
8.309600000000000319e-03 3.031909805261359669e-02
8.477500000000000660e-03 2.904504260787231160e-02
8.648799999999999891e-03 2.776513122656668400e-02
8.823499999999999746e-03 2.648170246618934340e-02
9.001699999999999632e-03 2.519894944189100469e-02
9.183600000000000096e-03 2.392220632236242983e-02
9.369099999999999998e-03 2.265983500902294528e-02
9.558300000000000476e-03 2.142063238581922921e-02
9.751400000000000345e-03 2.021211929335781782e-02
9.948399999999999604e-03 1.904752935267156264e-02
1.014900000000000004e-02 1.793262345102434804e-02
1.035400000000000036e-02 1.687608104768964848e-02
1.056400000000000047e-02 1.588390339585632124e-02
1.077700000000000012e-02 1.495893411206424342e-02
1.099499999999999957e-02 1.410279640031406913e-02
1.121699999999999954e-02 1.331693857965451054e-02
1.144300000000000005e-02 1.259592469018112545e-02
1.167499999999999961e-02 1.193582761070329130e-02
1.191000000000000045e-02 1.133031301482701793e-02
1.215100000000000034e-02 1.077152550304164708e-02
1.239700000000000003e-02 1.025187598161828896e-02
1.264700000000000026e-02 9.762745211503965140e-03
1.290200000000000027e-02 9.296326154554878166e-03
1.316299999999999935e-02 8.845580648859336509e-03
1.342899999999999996e-02 8.404771417156554209e-03
1.370000000000000037e-02 7.971574758385446824e-03
1.397699999999999984e-02 7.543899399569502229e-03
1.425900000000000084e-02 7.122289972899729926e-03
1.454699999999999917e-02 6.710578168102234418e-03
1.484100000000000003e-02 6.311769991015274243e-03
1.514099999999999994e-02 5.929287835490557913e-03
1.544700000000000066e-02 5.567369539683427251e-03
1.575899999999999870e-02 5.229669347631814118e-03
1.607700000000000101e-02 4.918084928296411612e-03
1.640199999999999991e-02 4.632110194066473875e-03
1.673399999999999888e-02 4.371062168943407218e-03
1.707200000000000037e-02 4.131504099046343428e-03
1.741600000000000092e-02 3.910146221676526722e-03
1.776799999999999907e-02 3.702089618951838121e-03
1.812700000000000075e-02 3.503525461667599070e-03
1.849299999999999902e-02 3.311220770481691604e-03
1.886699999999999836e-02 3.123229143242635571e-03
1.924800000000000122e-02 2.938990696363124114e-03
1.963700000000000168e-02 2.759746505969558339e-03
2.003399999999999972e-02 2.587490057947960682e-03
2.043800000000000130e-02 2.424413627803458354e-03
2.085100000000000148e-02 2.272497849154001080e-03
2.127199999999999924e-02 2.132706615145048886e-03
2.170199999999999907e-02 2.004874086108854227e-03
2.214100000000000096e-02 1.887616822429906242e-03
2.258800000000000044e-02 1.778666823557098313e-03
2.304399999999999851e-02 1.675560298826040719e-03
2.350999999999999965e-02 1.576373527829258003e-03
2.398499999999999938e-02 1.480306411725677016e-03
2.446900000000000117e-02 1.387566218108750044e-03
2.496400000000000008e-02 1.299015990159901272e-03
2.546800000000000105e-02 1.216234694511778231e-03
2.598200000000000162e-02 1.140226272784412289e-03
2.650699999999999931e-02 1.070974306792164951e-03
2.704300000000000107e-02 1.007468452227659045e-03
2.758899999999999894e-02 9.480206091436770618e-04
2.814600000000000088e-02 8.907324167107351278e-04
2.871500000000000094e-02 8.344841456056848730e-04
2.929500000000000159e-02 7.792137124200788304e-04
2.988700000000000037e-02 7.261427979560834125e-04
3.048999999999999974e-02 6.769586869607911684e-04
3.110600000000000170e-02 6.327655024946543701e-04
3.173499999999999932e-02 5.938546271468947424e-04
3.237600000000000200e-02 5.588603862597670089e-04
3.302999999999999686e-02 5.255794764083714966e-04
3.369699999999999779e-02 4.916991218022145373e-04
3.437799999999999884e-02 4.561474453690022657e-04
3.507199999999999901e-02 4.193867849786087521e-04
3.578100000000000031e-02 3.832566400258334972e-04
3.650400000000000172e-02 3.498724594750266979e-04
3.724100000000000327e-02 3.207281268349970911e-04
3.799299999999999899e-02 2.957324895236466554e-04
3.876099999999999685e-02 2.740385453911223408e-04
3.954400000000000276e-02 2.540103147785879498e-04
4.034299999999999692e-02 2.347538308096835621e-04
4.115800000000000014e-02 2.160580567625034539e-04
4.198899999999999855e-02 1.986994628216002070e-04
4.283800000000000108e-02 1.833445394294496203e-04
4.370299999999999879e-02 1.702094343315717351e-04
4.458600000000000063e-02 1.586182833217027058e-04
4.548599999999999866e-02 1.475586234900010010e-04
4.640500000000000180e-02 1.366017461383478863e-04
4.734300000000000314e-02 1.260984736997014782e-04
4.829900000000000165e-02 1.168856156403322278e-04
4.927499999999999936e-02 1.089563913695326257e-04
5.027000000000000218e-02 1.016289592760181000e-04
5.128599999999999826e-02 9.400842652562693626e-05
5.232200000000000045e-02 8.652573403989175221e-05
5.337900000000000283e-02 8.011165709276306033e-05
5.445699999999999846e-02 7.509444113072055781e-05
5.555700000000000222e-02 7.024146801171184400e-05
5.668000000000000121e-02 6.458385883992168067e-05
5.782500000000000140e-02 5.887413753239957120e-05
5.899299999999999683e-02 5.453828231900494414e-05
6.018400000000000138e-02 5.151545426162971986e-05
6.140000000000000319e-02 4.805952396016551284e-05
6.264100000000000223e-02 4.379986147808018855e-05
6.390600000000000447e-02 4.020629284218467945e-05
6.519700000000000495e-02 3.790390707497360401e-05
6.651400000000000368e-02 3.562714500214499868e-05
6.785800000000000165e-02 3.255233889434085609e-05
6.922899999999999887e-02 2.985335534621734604e-05
7.062699999999999534e-02 2.811103569206403248e-05
7.205400000000000693e-02 2.617356660315260875e-05
7.351000000000000589e-02 2.383475514360775595e-05
7.499400000000000510e-02 2.214630164321023122e-05
7.650899999999999368e-02 2.087579691935408734e-05
7.805499999999999938e-02 1.921384149258491343e-05
7.963199999999999446e-02 1.764551307318354967e-05
8.124099999999999377e-02 1.648687577313473135e-05
8.288199999999999734e-02 1.529239714871184113e-05
8.455600000000000616e-02 1.414764589640856414e-05
8.626399999999999346e-02 1.310395369813589690e-05
8.800700000000000189e-02 1.207031021506424467e-05
8.978500000000000369e-02 1.131233170692203403e-05
9.159799999999999887e-02 1.045212710028809952e-05
9.344900000000000428e-02 9.551599868952713969e-06
9.533700000000000507e-02 8.951437380973972728e-06
9.726300000000000223e-02 8.311037968731632551e-06
9.922699999999999576e-02 7.607478455621013950e-06
1.012300000000000005e-01 7.125172977733048255e-06
1.032799999999999968e-01 6.590295796574986110e-06
1.053599999999999953e-01 6.099781111526346496e-06
1.074900000000000022e-01 5.681650094502424132e-06
1.096599999999999936e-01 5.187584118438762521e-06
1.118799999999999933e-01 4.871567251796912287e-06
1.141400000000000053e-01 4.501138420223013627e-06
1.164400000000000018e-01 4.103699301738226581e-06
1.188000000000000028e-01 3.881887146009006300e-06
1.212000000000000022e-01 3.502413231270558365e-06
1.236499999999999960e-01 3.287958442858930718e-06
1.261400000000000021e-01 3.036277199923425610e-06
1.286899999999999988e-01 2.821480974273696909e-06
1.312899999999999900e-01 2.593209010092908371e-06
1.339400000000000035e-01 2.425782055689240394e-06
1.366499999999999937e-01 2.197898921067575399e-06
1.394100000000000061e-01 2.083900393570456482e-06
1.422299999999999953e-01 1.879825534682633664e-06
1.451000000000000068e-01 1.780607560576423970e-06
1.480299999999999949e-01 1.615988311417240510e-06
1.510199999999999876e-01 1.504939242940816466e-06
1.540700000000000125e-01 1.405986818015378946e-06
1.571799999999999864e-01 1.292518309319802732e-06
1.603600000000000025e-01 1.202297128589263534e-06
1.635999999999999954e-01 1.107522973885052860e-06
1.668999999999999928e-01 1.011449150720275057e-06
1.702799999999999869e-01 9.405474290780142019e-07
1.737100000000000033e-01 8.755831152577084835e-07
1.772199999999999886e-01 8.068592057761732296e-07
1.807999999999999885e-01 7.592217991432650941e-07
1.844600000000000128e-01 6.734545012461249119e-07
1.881799999999999862e-01 6.396317949993780832e-07
1.919800000000000118e-01 5.835237791254388796e-07
1.958600000000000063e-01 5.559284116331095706e-07
1.998199999999999976e-01 4.908130579976827968e-07
2.038600000000000134e-01 4.681586040573131043e-07
2.079699999999999882e-01 4.277221851604773331e-07
2.121800000000000075e-01 3.946097087378640694e-07
2.164600000000000135e-01 3.743748472753930062e-07
2.208299999999999985e-01 3.394505588260387573e-07
2.253000000000000003e-01 3.116614699331848350e-07
2.298499999999999988e-01 2.853543307086614147e-07
2.344900000000000040e-01 2.643466589972198378e-07
2.392299999999999982e-01 2.469565217391304411e-07
2.440599999999999992e-01 2.332872759783801045e-07
2.489899999999999891e-01 2.071903682897031376e-07
2.540200000000000236e-01 1.947813185395433026e-07
2.591499999999999915e-01 1.834805310226073554e-07
2.643900000000000139e-01 1.669203450025367802e-07
2.697300000000000253e-01 1.512200985695396184e-07
2.751799999999999802e-01 1.402458954567168699e-07
2.807399999999999896e-01 1.313786658242510470e-07
2.864099999999999979e-01 1.208514036319579221e-07
2.921900000000000053e-01 1.110425043078690383e-07
2.980999999999999761e-01 1.037002775208140443e-07
3.041200000000000014e-01 9.635810194842317891e-08
3.102599999999999802e-01 8.737642342644498436e-08
3.165299999999999780e-01 8.150655526567814762e-08
3.229199999999999848e-01 7.664106204985202263e-08
3.294500000000000206e-01 7.162291933418693922e-08
3.361000000000000099e-01 6.515207715133530173e-08
3.428899999999999726e-01 5.846398325613845312e-08
3.498200000000000198e-01 5.430371030460142679e-08
3.568899999999999850e-01 5.077127884371566291e-08
3.640900000000000247e-01 4.710682003123007342e-08
3.714500000000000024e-01 4.316681513967884578e-08
3.789500000000000091e-01 3.989238135874460844e-08
3.866100000000000092e-01 3.734580819894127907e-08
3.944199999999999928e-01 3.450007687182903836e-08
4.023900000000000254e-01 3.072688401924105207e-08
4.105199999999999960e-01 2.891623416485295105e-08
4.188100000000000156e-01 2.686688027963879854e-08
4.272699999999999831e-01 2.477357630979498936e-08
4.359000000000000097e-01 2.265876027830487163e-08
4.447099999999999942e-01 2.075958532170478957e-08
4.536899999999999822e-01 1.903988486842105179e-08
4.628599999999999937e-01 1.805693467157195453e-08
4.722100000000000186e-01 1.665250288866525225e-08
4.817400000000000015e-01 1.539260700389105236e-08
4.914799999999999724e-01 1.387445184343024203e-08
5.014100000000000223e-01 1.304767550173596547e-08
5.115300000000000402e-01 1.223340395480225824e-08
5.218699999999999450e-01 1.120771390435863299e-08
5.324100000000000499e-01 1.016233610297295979e-08
5.431700000000000417e-01 9.515619515619515965e-09
5.541399999999999659e-01 8.526255169886392195e-09
5.653299999999999992e-01 8.119022897426087363e-09
5.767499999999999849e-01 7.255617657123303367e-09
5.884000000000000341e-01 6.294796999642815235e-09
6.002899999999999903e-01 5.605034182722188570e-09
6.124199999999999644e-01 5.100272585669782663e-09
6.247899999999999565e-01 4.722225987934657667e-09
6.374100000000000321e-01 4.429977343528745233e-09
6.502900000000000347e-01 4.192825443786983226e-09
6.634200000000000097e-01 3.987247855321122182e-09
6.768300000000000427e-01 3.792780424775903060e-09
6.905000000000000027e-01 3.593974175035868035e-09
7.044500000000000206e-01 3.380578585288410714e-09
7.186799999999999855e-01 3.157264011799410437e-09
7.331999999999999629e-01 2.931104259009443249e-09
7.480099999999999527e-01 2.707987065969598706e-09
7.631200000000000205e-01 2.492391292900997341e-09
7.785400000000000098e-01 2.288152389341554616e-09
7.942599999999999660e-01 2.097494703877682723e-09
8.103099999999999747e-01 1.922197071855133901e-09
8.266799999999999704e-01 1.762994862496222295e-09
8.433800000000000185e-01 1.620240494158863210e-09
8.604100000000000081e-01 1.493145966797547920e-09
8.778000000000000247e-01 1.379752673604104945e-09
8.955300000000000482e-01 1.277513044002774716e-09
9.136199999999999877e-01 1.184565135066902280e-09
9.320800000000000196e-01 1.099351088948698140e-09
9.509100000000000330e-01 1.020598603718808344e-09
9.701100000000000279e-01 9.472408616542169168e-10
9.897099999999999786e-01 8.784172661870503658e-10
1.009700000000000042e+00 8.134649305349108613e-10
1.030100000000000016e+00 7.518258776661962675e-10
1.050899999999999945e+00 6.931916927354883981e-10
1.072100000000000053e+00 6.378153363208297781e-10
1.093800000000000106e+00 5.858602701221981972e-10
1.115899999999999892e+00 5.375442797984334827e-10
1.138400000000000079e+00 4.928410931702983470e-10
1.161399999999999988e+00 4.517515051997810237e-10
1.184900000000000064e+00 4.141558925551128196e-10
1.208800000000000097e+00 3.799627605261577382e-10
1.233300000000000063e+00 3.490025800767730623e-10
1.258199999999999985e+00 3.210826492598819653e-10
1.283600000000000074e+00 2.959720878817189402e-10
1.309500000000000108e+00 2.733275412684622144e-10
1.336000000000000076e+00 2.528112906897336829e-10
1.362999999999999989e+00 2.341285935822498020e-10
1.390500000000000069e+00 2.170508064852248479e-10
1.418600000000000083e+00 2.013587312682948046e-10
1.447200000000000042e+00 1.868920032976092574e-10
1.476499999999999924e+00 1.734946701238835909e-10
1.506299999999999972e+00 1.610431455469969550e-10
1.536699999999999955e+00 1.494377870453465568e-10
1.567800000000000082e+00 1.385773595350124410e-10
1.599399999999999933e+00 1.284221525600835622e-10
1.631799999999999917e+00 1.189223744292237632e-10
1.664700000000000069e+00 1.100446998722860674e-10
1.698399999999999910e+00 1.017481580709979918e-10
1.732699999999999907e+00 9.400688540715238406e-11
1.767700000000000049e+00 8.677673767229307844e-11
1.803399999999999892e+00 8.002629137024434103e-11
1.839800000000000102e+00 7.374198782961461613e-11
1.877000000000000002e+00 6.787690474163616439e-11
1.914900000000000047e+00 6.242072353729343490e-11
1.953600000000000003e+00 5.736314210723659350e-11
1.993000000000000105e+00 5.269257255287751716e-11
2.033300000000000107e+00 4.839289217457744020e-11
2.074399999999999800e+00 4.444805687409237865e-11
2.116299999999999848e+00 4.083882196362146564e-11
2.158999999999999808e+00 3.754851035882739050e-11
2.202599999999999891e+00 3.455429782006443447e-11
2.247100000000000097e+00 3.183654668684608686e-11
2.292499999999999982e+00 2.937600176863980448e-11
2.338799999999999990e+00 2.715046353388367403e-11
2.386099999999999888e+00 2.513025197282228124e-11
2.434299999999999908e+00 2.328390203324214933e-11
2.483499999999999819e+00 2.159260814783704363e-11
2.533599999999999852e+00 2.003246409541621255e-11
2.584799999999999986e+00 1.858612063374409347e-11
2.637000000000000011e+00 1.724142629140877560e-11
2.690300000000000136e+00 1.598511643121460350e-11
2.744699999999999918e+00 1.480757666867107584e-11
2.800100000000000033e+00 1.370070390758956570e-11
2.856700000000000017e+00 1.265791282501007414e-11
2.914400000000000102e+00 1.167911748593057361e-11
2.973300000000000054e+00 1.076478283621140823e-11
3.033300000000000107e+00 9.913402061855670050e-12
3.094599999999999795e+00 9.123815576611971109e-12
3.157099999999999795e+00 8.393794966758751459e-12
3.220899999999999874e+00 7.721167650342957405e-12
3.286000000000000032e+00 7.103101424979044532e-12
3.352300000000000058e+00 6.536049052082598909e-12
3.420100000000000140e+00 6.018000666691359286e-12
3.489199999999999857e+00 5.545043992836564858e-12
3.559600000000000097e+00 5.113157356251278620e-12
3.631600000000000161e+00 4.718003871800386738e-12
3.704899999999999860e+00 4.356338474062683523e-12
3.779799999999999827e+00 4.025009509319133251e-12
3.856100000000000083e+00 3.721305738852229454e-12
3.934000000000000163e+00 3.442575558475689904e-12
4.013499999999999623e+00 3.186304852437271758e-12
4.094599999999999795e+00 2.950717731155925043e-12
4.177299999999999791e+00 2.733789647375175785e-12
4.261700000000000266e+00 2.533868894601542408e-12
4.347800000000000331e+00 2.349351175993511521e-12
4.435599999999999987e+00 2.178987773670742279e-12
4.525199999999999889e+00 2.021157296650717729e-12
4.616600000000000037e+00 1.874970511913187178e-12
4.709900000000000198e+00 1.739371381306865111e-12
4.804999999999999716e+00 1.613416862438005895e-12
4.902099999999999902e+00 1.496384439359267826e-12
5.001100000000000101e+00 1.387289359653346248e-12
5.102100000000000080e+00 1.285607196401799284e-12
5.205199999999999605e+00 1.190889810186616024e-12
5.310399999999999565e+00 1.102535350250619577e-12
5.417600000000000193e+00 1.019962952912443881e-12
5.527099999999999902e+00 9.427684667908131823e-13
5.638700000000000045e+00 8.705796287345360846e-13
5.752600000000000158e+00 8.030215550423403729e-13
5.868900000000000006e+00 7.397902350813743325e-13
5.987400000000000055e+00 6.806327360199748275e-13
6.108399999999999608e+00 6.252583679159122182e-13
6.231799999999999784e+00 5.734835326059461405e-13
6.357700000000000351e+00 5.250976215832445471e-13
6.486100000000000421e+00 4.800657624332100836e-13
6.617099999999999760e+00 4.383001317574875595e-13
6.750799999999999912e+00 3.997267533327813155e-13
6.887199999999999989e+00 3.642187840488123438e-13
7.026299999999999990e+00 3.316204808221691814e-13
7.168199999999999683e+00 3.018088728958871960e-13
7.312999999999999723e+00 2.745995423340961041e-13
7.460799999999999876e+00 2.498045829317914460e-13
7.611500000000000377e+00 2.272857948139796968e-13
7.765299999999999869e+00 2.068611449090423218e-13
7.922100000000000364e+00 1.883663521029935380e-13
8.082200000000000273e+00 1.716297588101740613e-13
8.245400000000000063e+00 1.564914590624025516e-13
8.412000000000000810e+00 1.428190907100634863e-13
8.581899999999999196e+00 1.304680295112204070e-13
8.755300000000000082e+00 1.193233782526000530e-13
8.932199999999999918e+00 1.092699143332054691e-13
9.112600000000000477e+00 1.002064909996857719e-13
9.296699999999999520e+00 9.203347359462910001e-14
9.484500000000000597e+00 8.467131474103585050e-14
9.676099999999999923e+00 7.802664708350818517e-14
9.871600000000000819e+00 7.201900762515195985e-14
1.007099999999999973e+01 6.657936092194866338e-14
1.027399999999999913e+01 6.165307498926971485e-14
1.048199999999999932e+01 5.717395517085459860e-14
1.069400000000000084e+01 5.310241578768288630e-14
1.091000000000000014e+01 4.939561227416116474e-14
1.113000000000000078e+01 4.601329405544225312e-14
1.135500000000000043e+01 4.292717867091126506e-14
1.158399999999999963e+01 4.009558946838839631e-14
1.181799999999999962e+01 3.748188725923307519e-14
1.205700000000000038e+01 3.503770598640722399e-14
1.230100000000000016e+01 3.272513243084166774e-14
1.254899999999999949e+01 3.052494469369611953e-14
1.280300000000000082e+01 2.841004412005010894e-14
1.306099999999999994e+01 2.636557757215346880e-14
1.332499999999999929e+01 2.438024028165947017e-14
1.359399999999999942e+01 2.244663759467523412e-14
1.386899999999999977e+01 2.056226734575948138e-14
1.414899999999999913e+01 1.873433140234834327e-14
1.443500000000000050e+01 1.699310303645537837e-14
1.472700000000000031e+01 1.536930387713997925e-14
1.502399999999999913e+01 1.387905727032988827e-14
1.532799999999999940e+01 1.253238692984143173e-14
1.563700000000000045e+01 1.133166245876564052e-14
1.595299999999999940e+01 1.027469645458960709e-14
1.627499999999999858e+01 9.355723940200696252e-15
1.660399999999999920e+01 8.567326583043674796e-15
1.694000000000000128e+01 7.901265477057538496e-15
1.728200000000000003e+01 7.346547007726640112e-15
1.763100000000000023e+01 6.879427241449099963e-15
1.798699999999999832e+01 6.479154997199328689e-15
1.835099999999999909e+01 6.128016198886326824e-15
1.872100000000000009e+01 5.811588186454750786e-15
1.909900000000000020e+01 5.519009504752376376e-15
1.948499999999999943e+01 5.240167474367850821e-15
1.987900000000000134e+01 4.967322533546548198e-15
2.028000000000000114e+01 4.694087026650536297e-15
2.069000000000000128e+01 4.415323360006184979e-15
2.110800000000000054e+01 4.130044843049327107e-15
2.153500000000000014e+01 3.843084992046773782e-15
2.196999999999999886e+01 3.560709104098658173e-15
2.241300000000000026e+01 3.287654202926269391e-15
2.286599999999999966e+01 3.027937468482097625e-15
2.332799999999999940e+01 2.784319982979628864e-15
2.379899999999999949e+01 2.558285650173903596e-15
2.428000000000000114e+01 2.350985148807763012e-15
2.477100000000000080e+01 2.162828434125944058e-15
2.527100000000000080e+01 1.993548811796458384e-15
2.578200000000000003e+01 1.842510936740503915e-15
2.630199999999999960e+01 1.707442133020802620e-15
2.683399999999999963e+01 1.586076340596507426e-15
2.737600000000000122e+01 1.476850342354091759e-15
2.792899999999999849e+01 1.377730008598452330e-15
2.849299999999999855e+01 1.287826560232220625e-15
2.906899999999999906e+01 1.205761316872428070e-15
2.965599999999999881e+01 1.130507653164250397e-15
3.025499999999999901e+01 1.061249707066618447e-15
3.086599999999999966e+01 9.972577799256003222e-16
3.148999999999999844e+01 9.376282119692174440e-16
3.212599999999999767e+01 8.803673305975378121e-16
3.277499999999999858e+01 8.236614214806210179e-16
3.343699999999999761e+01 7.661856474258969966e-16
3.411200000000000188e+01 7.070417566912121984e-16
3.480100000000000193e+01 6.458271941932781959e-16
3.550399999999999778e+01 5.826159536512716198e-16
3.622200000000000131e+01 5.179351674351932754e-16
3.695300000000000296e+01 4.527510980699484644e-16
3.770000000000000284e+01 3.882755702581066888e-16
3.846200000000000330e+01 3.263645036231148983e-16
3.923899999999999721e+01 2.700554805817963754e-16
4.003099999999999881e+01 2.213008387403070330e-16
4.084000000000000341e+01 1.806446994822361291e-16
4.166499999999999915e+01 1.477587509443465109e-16
4.250699999999999790e+01 1.218244159157961874e-16
4.336500000000000199e+01 1.018375133254783107e-16
4.424099999999999966e+01 8.682893606940866593e-17
4.513499999999999801e+01 7.595249257696515404e-17
4.604699999999999704e+01 6.856916630926066119e-17
4.697699999999999676e+01 6.567647570955946260e-17
4.792600000000000193e+01 6.930005146680391474e-17
4.889399999999999835e+01 7.312274438278551908e-17
4.988199999999999790e+01 7.716099959033183414e-17
5.089000000000000057e+01 8.142542057691477150e-17
5.191799999999999926e+01 8.592430260694881961e-17
5.296600000000000108e+01 9.067335036390804662e-17
5.403600000000000136e+01 9.568978677929876910e-17
5.512800000000000011e+01 1.009831837962714225e-16
5.624199999999999733e+01 1.065743944636678147e-16
5.737800000000000011e+01 1.124752949631670140e-16
5.853699999999999903e+01 1.187049449854559274e-16
5.971999999999999886e+01 1.252854376710956904e-16
6.092600000000000193e+01 1.322335025380710598e-16
6.215699999999999648e+01 1.395741829822079958e-16
6.341199999999999903e+01 1.473233236380787703e-16
6.469299999999999784e+01 1.554992944301485670e-16
6.600000000000000000e+01 1.641392005610098337e-16
6.733400000000000318e+01 1.732574284920855248e-16
6.869400000000000261e+01 1.828836754643206245e-16
7.008199999999999363e+01 1.930645028080607871e-16
7.149699999999999989e+01 2.038181838005211751e-16
7.294199999999999307e+01 2.151674266500852281e-16
7.441500000000000625e+01 2.271516655113283967e-16
7.591800000000000637e+01 2.398109257189831890e-16
7.745199999999999818e+01 2.531813865147198299e-16
7.901699999999999591e+01 2.673028974292838419e-16
8.061299999999999955e+01 2.822395108070472714e-16
8.224099999999999966e+01 2.979951397326853098e-16
8.390300000000000580e+01 3.146437437724824247e-16
8.559799999999999898e+01 3.322332036964355476e-16
8.732699999999999818e+01 3.508094152234136734e-16
8.909099999999999397e+01 3.704359944256420024e-16
9.089100000000000534e+01 3.911918733043093759e-16
9.272700000000000387e+01 4.131004754921566228e-16
9.459999999999999432e+01 4.362543721683607460e-16
9.651099999999999568e+01 4.607142857142857064e-16
9.846099999999999852e+01 4.865573083171741620e-16
1.004500000000000028e+02 5.138988869815604470e-16
1.024800000000000040e+02 5.427551706988854517e-16
1.045499999999999972e+02 5.732434855182219433e-16
1.066599999999999966e+02 6.054875061244487037e-16
1.088199999999999932e+02 6.395485296148005782e-16
1.110100000000000051e+02 6.755662545136229124e-16
1.132600000000000051e+02 7.136139377119950822e-16
1.155400000000000063e+02 7.538392602550001489e-16
1.178799999999999955e+02 7.963664542793180832e-16
1.202600000000000051e+02 8.413413413413412530e-16
1.226899999999999977e+02 8.888621717803212246e-16
1.251700000000000017e+02 9.390566229541526813e-16
1.277000000000000028e+02 9.921560199860311078e-16
1.302800000000000011e+02 1.048330304407087767e-15
1.329099999999999966e+02 1.107762502251305902e-15
1.355900000000000034e+02 1.170527384654439272e-15
1.383300000000000125e+02 1.236900369003689951e-15
1.411299999999999955e+02 1.307113979714873451e-15
1.439799999999999898e+02 1.381298740251949563e-15
1.468899999999999864e+02 1.459843019107270293e-15
1.498499999999999943e+02 1.542878698968899410e-15
1.528799999999999955e+02 1.630739230632866510e-15
1.559699999999999989e+02 1.723523898781630894e-15
1.591200000000000045e+02 1.821803766105054750e-15
1.623300000000000125e+02 1.925733390628111580e-15
1.656100000000000136e+02 2.035778809811462970e-15
1.689600000000000080e+02 2.152109440022507267e-15
1.723700000000000045e+02 2.275246419936767569e-15
1.758499999999999943e+02 2.405675842261943900e-15
1.794099999999999966e+02 2.543593158267094068e-15
1.830300000000000011e+02 2.689637967216001425e-15
1.867299999999999898e+02 2.844234680411731372e-15
1.905000000000000000e+02 3.008147442425835486e-15
1.943499999999999943e+02 3.181486373748609648e-15
1.982800000000000011e+02 3.365027402802810025e-15
2.022800000000000011e+02 3.559543039526691836e-15
2.063700000000000045e+02 3.765292251925691198e-15
2.105399999999999920e+02 3.983085943459971288e-15
2.147899999999999920e+02 4.213840830449827128e-15
2.191299999999999955e+02 4.457763671875000308e-15
2.235600000000000023e+02 4.715898813984135089e-15
2.280699999999999932e+02 4.989334354318219237e-15
