    0.10000E-03    0.25095E+00
    0.10202E-03    0.25591E+00
    0.10408E-03    0.26097E+00
    0.10618E-03    0.26613E+00
    0.10833E-03    0.27139E+00
    0.11052E-03    0.27675E+00
    0.11275E-03    0.28223E+00
    0.11503E-03    0.28781E+00
    0.11735E-03    0.29349E+00
    0.11972E-03    0.29930E+00
    0.12214E-03    0.30521E+00
    0.12461E-03    0.31125E+00
    0.12712E-03    0.31740E+00
    0.12969E-03    0.32368E+00
    0.13231E-03    0.33007E+00
    0.13499E-03    0.33660E+00
    0.13771E-03    0.34325E+00
    0.14049E-03    0.35004E+00
    0.14333E-03    0.35696E+00
    0.14623E-03    0.36401E+00
    0.14918E-03    0.37121E+00
    0.15220E-03    0.37855E+00
    0.15527E-03    0.38603E+00
    0.15841E-03    0.39366E+00
    0.16161E-03    0.40144E+00
    0.16487E-03    0.40938E+00
    0.16820E-03    0.41747E+00
    0.17160E-03    0.42572E+00
    0.17507E-03    0.43413E+00
    0.17860E-03    0.44271E+00
    0.18221E-03    0.45147E+00
    0.18589E-03    0.46039E+00
    0.18965E-03    0.46949E+00
    0.19348E-03    0.47877E+00
    0.19739E-03    0.48823E+00
    0.20138E-03    0.49788E+00
    0.20544E-03    0.50772E+00
    0.20959E-03    0.51775E+00
    0.21383E-03    0.52798E+00
    0.21815E-03    0.53841E+00
    0.22255E-03    0.54905E+00
    0.22705E-03    0.55990E+00
    0.23164E-03    0.57097E+00
    0.23632E-03    0.58225E+00
    0.24109E-03    0.59375E+00
    0.24596E-03    0.60548E+00
    0.25093E-03    0.61745E+00
    0.25600E-03    0.62964E+00
    0.26117E-03    0.64208E+00
    0.26645E-03    0.65477E+00
    0.27183E-03    0.66770E+00
    0.27732E-03    0.68089E+00
    0.28292E-03    0.69434E+00
    0.28864E-03    0.70806E+00
    0.29447E-03    0.72204E+00
    0.30042E-03    0.73630E+00
    0.30649E-03    0.75084E+00
    0.31268E-03    0.76567E+00
    0.31899E-03    0.78079E+00
    0.32544E-03    0.79621E+00
    0.33201E-03    0.81193E+00
    0.33872E-03    0.82796E+00
    0.34556E-03    0.84431E+00
    0.35254E-03    0.86098E+00
    0.35966E-03    0.87797E+00
    0.36693E-03    0.89530E+00
    0.37434E-03    0.91297E+00
    0.38190E-03    0.93099E+00
    0.38962E-03    0.94937E+00
    0.39749E-03    0.96810E+00
    0.40552E-03    0.98720E+00
    0.41371E-03    0.10067E+01
    0.42207E-03    0.10265E+01
    0.43060E-03    0.10468E+01
    0.43929E-03    0.10674E+01
    0.44817E-03    0.10885E+01
    0.45722E-03    0.11100E+01
    0.46646E-03    0.11318E+01
    0.47588E-03    0.11542E+01
    0.48550E-03    0.11769E+01
    0.49530E-03    0.12001E+01
    0.50531E-03    0.12238E+01
    0.51552E-03    0.12479E+01
    0.52593E-03    0.12725E+01
    0.53656E-03    0.12975E+01
    0.54739E-03    0.13231E+01
    0.55845E-03    0.13492E+01
    0.56973E-03    0.13757E+01
    0.58124E-03    0.14028E+01
    0.59299E-03    0.14304E+01
    0.60496E-03    0.14586E+01
    0.61719E-03    0.14873E+01
    0.62965E-03    0.15165E+01
    0.64237E-03    0.15464E+01
    0.65535E-03    0.15768E+01
    0.66859E-03    0.16078E+01
    0.68210E-03    0.16394E+01
    0.69588E-03    0.16716E+01
    0.70993E-03    0.17044E+01
    0.72427E-03    0.17379E+01
    0.73891E-03    0.17721E+01
    0.75383E-03    0.18068E+01
    0.76906E-03    0.18423E+01
    0.78460E-03    0.18784E+01
    0.80045E-03    0.19153E+01
    0.81662E-03    0.19528E+01
    0.83311E-03    0.19911E+01
    0.84994E-03    0.20301E+01
    0.86711E-03    0.20699E+01
    0.88463E-03    0.21104E+01
    0.90250E-03    0.21517E+01
    0.92073E-03    0.21938E+01
    0.93933E-03    0.22367E+01
    0.95831E-03    0.22804E+01
    0.97767E-03    0.23250E+01
    0.99742E-03    0.23704E+01
    0.10176E-02    0.24167E+01
    0.10381E-02    0.24638E+01
    0.10591E-02    0.25118E+01
    0.10805E-02    0.25608E+01
    0.11023E-02    0.26106E+01
    0.11246E-02    0.26615E+01
    0.11473E-02    0.27132E+01
    0.11705E-02    0.27659E+01
    0.11941E-02    0.28197E+01
    0.12182E-02    0.28744E+01
    0.12429E-02    0.29301E+01
    0.12680E-02    0.29869E+01
    0.12936E-02    0.30448E+01
    0.13197E-02    0.31037E+01
    0.13464E-02    0.31637E+01
    0.13736E-02    0.32248E+01
    0.14013E-02    0.32870E+01
    0.14296E-02    0.33504E+01
    0.14585E-02    0.34149E+01
    0.14880E-02    0.34806E+01
    0.15180E-02    0.35474E+01
    0.15487E-02    0.36155E+01
    0.15800E-02    0.36848E+01
    0.16119E-02    0.37554E+01
    0.16445E-02    0.38272E+01
    0.16777E-02    0.39003E+01
    0.17116E-02    0.39747E+01
    0.17462E-02    0.40504E+01
    0.17814E-02    0.41274E+01
    0.18174E-02    0.42057E+01
    0.18541E-02    0.42854E+01
    0.18916E-02    0.43665E+01
    0.19298E-02    0.44490E+01
    0.19688E-02    0.45329E+01
    0.20086E-02    0.46182E+01
    0.20491E-02    0.47050E+01
    0.20905E-02    0.47932E+01
    0.21328E-02    0.48829E+01
    0.21758E-02    0.49740E+01
    0.22198E-02    0.50667E+01
    0.22646E-02    0.51608E+01
    0.23104E-02    0.52565E+01
    0.23571E-02    0.53537E+01
    0.24047E-02    0.54524E+01
    0.24533E-02    0.55527E+01
    0.25028E-02    0.56546E+01
    0.25534E-02    0.57580E+01
    0.26050E-02    0.58630E+01
    0.26576E-02    0.59696E+01
    0.27113E-02    0.60777E+01
    0.27660E-02    0.61875E+01
    0.28219E-02    0.62989E+01
    0.28789E-02    0.64118E+01
    0.29371E-02    0.65264E+01
    0.29964E-02    0.66426E+01
    0.30569E-02    0.67604E+01
    0.31187E-02    0.68798E+01
    0.31817E-02    0.70007E+01
    0.32460E-02    0.71233E+01
    0.33115E-02    0.72475E+01
    0.33784E-02    0.73732E+01
    0.34467E-02    0.75005E+01
    0.35163E-02    0.76293E+01
    0.35874E-02    0.77597E+01
    0.36598E-02    0.78917E+01
    0.37338E-02    0.80251E+01
    0.38092E-02    0.81600E+01
    0.38861E-02    0.82964E+01
    0.39646E-02    0.84343E+01
    0.40447E-02    0.85736E+01
    0.41264E-02    0.87143E+01
    0.42098E-02    0.88563E+01
    0.42948E-02    0.89997E+01
    0.43816E-02    0.91444E+01
    0.44701E-02    0.92904E+01
    0.45604E-02    0.94376E+01
    0.46525E-02    0.95860E+01
    0.47465E-02    0.97356E+01
    0.48424E-02    0.98863E+01
    0.49402E-02    0.10038E+02
    0.50400E-02    0.10191E+02
    0.51419E-02    0.10345E+02
    0.52457E-02    0.10499E+02
    0.53517E-02    0.10655E+02
    0.54598E-02    0.10811E+02
    0.55701E-02    0.10968E+02
    0.56826E-02    0.11126E+02
    0.57974E-02    0.11284E+02
    0.59145E-02    0.11443E+02
    0.60340E-02    0.11602E+02
    0.61559E-02    0.11762E+02
    0.62803E-02    0.11922E+02
    0.64072E-02    0.12082E+02
    0.65366E-02    0.12242E+02
    0.66686E-02    0.12403E+02
    0.68033E-02    0.12563E+02
    0.69408E-02    0.12723E+02
    0.70810E-02    0.12883E+02
    0.72240E-02    0.13043E+02
    0.73700E-02    0.13202E+02
    0.75189E-02    0.13360E+02
    0.76708E-02    0.13518E+02
    0.78257E-02    0.13675E+02
    0.79838E-02    0.13831E+02
    0.81451E-02    0.13985E+02
    0.83096E-02    0.14139E+02
    0.84775E-02    0.14291E+02
    0.86488E-02    0.14441E+02
    0.88235E-02    0.14590E+02
    0.90017E-02    0.14737E+02
    0.91836E-02    0.14882E+02
    0.93691E-02    0.15024E+02
    0.95583E-02    0.15164E+02
    0.97514E-02    0.15302E+02
    0.99484E-02    0.15436E+02
    0.10149E-01    0.15568E+02
    0.10354E-01    0.15696E+02
    0.10564E-01    0.15821E+02
    0.10777E-01    0.15943E+02
    0.10995E-01    0.16061E+02
    0.11217E-01    0.16174E+02
    0.11443E-01    0.16283E+02
    0.11675E-01    0.16388E+02
    0.11910E-01    0.16489E+02
    0.12151E-01    0.16584E+02
    0.12397E-01    0.16674E+02
    0.12647E-01    0.16759E+02
    0.12902E-01    0.16839E+02
    0.13163E-01    0.16912E+02
    0.13429E-01    0.16980E+02
    0.13700E-01    0.17041E+02
    0.13977E-01    0.17096E+02
    0.14259E-01    0.17145E+02
    0.14547E-01    0.17186E+02
    0.14841E-01    0.17221E+02
    0.15141E-01    0.17248E+02
    0.15447E-01    0.17268E+02
    0.15759E-01    0.17280E+02
    0.16077E-01    0.17284E+02
    0.16402E-01    0.17281E+02
    0.16734E-01    0.17269E+02
    0.17072E-01    0.17249E+02
    0.17416E-01    0.17221E+02
    0.17768E-01    0.17184E+02
    0.18127E-01    0.17138E+02
    0.18493E-01    0.17084E+02
    0.18867E-01    0.17021E+02
    0.19248E-01    0.16950E+02
    0.19637E-01    0.16869E+02
    0.20034E-01    0.16780E+02
    0.20438E-01    0.16681E+02
    0.20851E-01    0.16574E+02
    0.21272E-01    0.16458E+02
    0.21702E-01    0.16334E+02
    0.22141E-01    0.16201E+02
    0.22588E-01    0.16060E+02
    0.23044E-01    0.15910E+02
    0.23510E-01    0.15753E+02
    0.23985E-01    0.15587E+02
    0.24469E-01    0.15415E+02
    0.24964E-01    0.15235E+02
    0.25468E-01    0.15048E+02
    0.25982E-01    0.14854E+02
    0.26507E-01    0.14655E+02
    0.27043E-01    0.14449E+02
    0.27589E-01    0.14239E+02
    0.28146E-01    0.14023E+02
    0.28715E-01    0.13804E+02
    0.29295E-01    0.13580E+02
    0.29887E-01    0.13354E+02
    0.30490E-01    0.13125E+02
    0.31106E-01    0.12893E+02
    0.31735E-01    0.12661E+02
    0.32376E-01    0.12427E+02
    0.33030E-01    0.12194E+02
    0.33697E-01    0.11961E+02
    0.34378E-01    0.11728E+02
    0.35072E-01    0.11498E+02
    0.35781E-01    0.11270E+02
    0.36504E-01    0.11045E+02
    0.37241E-01    0.10824E+02
    0.37993E-01    0.10606E+02
    0.38761E-01    0.10393E+02
    0.39544E-01    0.10186E+02
    0.40343E-01    0.99835E+01
    0.41158E-01    0.97874E+01
    0.41989E-01    0.95976E+01
    0.42838E-01    0.94144E+01
    0.43703E-01    0.92380E+01
    0.44586E-01    0.90686E+01
    0.45486E-01    0.89064E+01
    0.46405E-01    0.87512E+01
    0.47343E-01    0.86030E+01
    0.48299E-01    0.84616E+01
    0.49275E-01    0.83267E+01
    0.50270E-01    0.81980E+01
    0.51286E-01    0.80749E+01
    0.52322E-01    0.79570E+01
    0.53379E-01    0.78434E+01
    0.54457E-01    0.77336E+01
    0.55557E-01    0.76265E+01
    0.56680E-01    0.75214E+01
    0.57825E-01    0.74171E+01
    0.58993E-01    0.73127E+01
    0.60184E-01    0.72072E+01
    0.61400E-01    0.70994E+01
    0.62641E-01    0.69884E+01
    0.63906E-01    0.68731E+01
    0.65197E-01    0.67528E+01
    0.66514E-01    0.66266E+01
    0.67858E-01    0.64939E+01
    0.69229E-01    0.63543E+01
    0.70627E-01    0.62076E+01
    0.72054E-01    0.60538E+01
    0.73510E-01    0.58934E+01
    0.74994E-01    0.57261E+01
    0.76509E-01    0.55540E+01
    0.78055E-01    0.53776E+01
    0.79632E-01    0.51984E+01
    0.81241E-01    0.50178E+01
    0.82882E-01    0.48376E+01
    0.84556E-01    0.46596E+01
    0.86264E-01    0.44855E+01
    0.88007E-01    0.43171E+01
    0.89785E-01    0.41561E+01
    0.91598E-01    0.40040E+01
    0.93449E-01    0.38620E+01
    0.95337E-01    0.37310E+01
    0.97263E-01    0.36117E+01
    0.99227E-01    0.35042E+01
    0.10123E+00    0.34084E+01
    0.10328E+00    0.33237E+01
    0.10536E+00    0.32491E+01
    0.10749E+00    0.31830E+01
    0.10966E+00    0.31238E+01
    0.11188E+00    0.30694E+01
    0.11414E+00    0.30174E+01
    0.11644E+00    0.29655E+01
    0.11880E+00    0.29113E+01
    0.12120E+00    0.28527E+01
    0.12365E+00    0.27879E+01
    0.12614E+00    0.27159E+01
    0.12869E+00    0.26362E+01
    0.13129E+00    0.25489E+01
    0.13394E+00    0.24551E+01
    0.13665E+00    0.23565E+01
    0.13941E+00    0.22555E+01
    0.14223E+00    0.21546E+01
    0.14510E+00    0.20566E+01
    0.14803E+00    0.19641E+01
    0.15102E+00    0.18791E+01
    0.15407E+00    0.18032E+01
    0.15718E+00    0.17374E+01
    0.16036E+00    0.16814E+01
    0.16360E+00    0.16344E+01
    0.16690E+00    0.15948E+01
    0.17028E+00    0.15604E+01
    0.17371E+00    0.15284E+01
    0.17722E+00    0.14962E+01
    0.18080E+00    0.14612E+01
    0.18446E+00    0.14215E+01
    0.18818E+00    0.13763E+01
    0.19198E+00    0.13255E+01
    0.19586E+00    0.12705E+01
    0.19982E+00    0.12133E+01
    0.20386E+00    0.11563E+01
    0.20797E+00    0.11022E+01
    0.21218E+00    0.10530E+01
    0.21646E+00    0.10100E+01
    0.22083E+00    0.97373E+00
    0.22530E+00    0.94335E+00
    0.22985E+00    0.91733E+00
    0.23449E+00    0.89356E+00
    0.23923E+00    0.86978E+00
    0.24406E+00    0.84409E+00
    0.24899E+00    0.81543E+00
    0.25402E+00    0.78376E+00
    0.25915E+00    0.75004E+00
    0.26439E+00    0.71595E+00
    0.26973E+00    0.68336E+00
    0.27518E+00    0.65376E+00
    0.28074E+00    0.62795E+00
    0.28641E+00    0.60576E+00
    0.29219E+00    0.58622E+00
    0.29810E+00    0.56789E+00
    0.30412E+00    0.54933E+00
    0.31026E+00    0.52960E+00
    0.31653E+00    0.50855E+00
    0.32292E+00    0.48677E+00
    0.32945E+00    0.46535E+00
    0.33610E+00    0.44534E+00
    0.34289E+00    0.42734E+00
    0.34982E+00    0.41131E+00
    0.35689E+00    0.39663E+00
    0.36409E+00    0.38245E+00
    0.37145E+00    0.36806E+00
    0.37895E+00    0.35326E+00
    0.38661E+00    0.33833E+00
    0.39442E+00    0.32386E+00
    0.40239E+00    0.31036E+00
    0.41052E+00    0.29797E+00
    0.41881E+00    0.28648E+00
    0.42727E+00    0.27544E+00
    0.43590E+00    0.26450E+00
    0.44471E+00    0.25358E+00
    0.45369E+00    0.24288E+00
    0.46286E+00    0.23266E+00
    0.47221E+00    0.22309E+00
    0.48174E+00    0.21409E+00
    0.49148E+00    0.20544E+00
    0.50141E+00    0.19700E+00
    0.51153E+00    0.18873E+00
    0.52187E+00    0.18075E+00
    0.53241E+00    0.17316E+00
    0.54317E+00    0.16597E+00
    0.55414E+00    0.15907E+00
    0.56533E+00    0.15240E+00
    0.57675E+00    0.14594E+00
    0.58840E+00    0.13974E+00
    0.60029E+00    0.13379E+00
    0.61242E+00    0.12810E+00
    0.62479E+00    0.12264E+00
    0.63741E+00    0.11741E+00
    0.65029E+00    0.11239E+00
    0.66342E+00    0.10758E+00
    0.67683E+00    0.10297E+00
    0.69050E+00    0.98544E-01
    0.70445E+00    0.94298E-01
    0.71868E+00    0.90224E-01
    0.73320E+00    0.86315E-01
    0.74801E+00    0.82566E-01
    0.76312E+00    0.78971E-01
    0.77854E+00    0.75524E-01
    0.79426E+00    0.72220E-01
    0.81031E+00    0.69053E-01
    0.82668E+00    0.66019E-01
    0.84338E+00    0.63112E-01
    0.86041E+00    0.60328E-01
    0.87780E+00    0.57662E-01
    0.89553E+00    0.55109E-01
    0.91362E+00    0.52664E-01
    0.93208E+00    0.50324E-01
    0.95091E+00    0.48083E-01
    0.97011E+00    0.45939E-01
    0.98971E+00    0.43886E-01
    0.10097E+01    0.41922E-01
    0.10301E+01    0.40042E-01
    0.10509E+01    0.38243E-01
    0.10721E+01    0.36523E-01
    0.10938E+01    0.34876E-01
    0.11159E+01    0.33301E-01
    0.11384E+01    0.31795E-01
    0.11614E+01    0.30355E-01
    0.11849E+01    0.28977E-01
    0.12088E+01    0.27660E-01
    0.12333E+01    0.26400E-01
    0.12582E+01    0.25196E-01
    0.12836E+01    0.24045E-01
    0.13095E+01    0.22944E-01
    0.13360E+01    0.21893E-01
    0.13630E+01    0.20888E-01
    0.13905E+01    0.19927E-01
    0.14186E+01    0.19009E-01
    0.14472E+01    0.18133E-01
    0.14765E+01    0.17295E-01
    0.15063E+01    0.16495E-01
    0.15367E+01    0.15731E-01
    0.15678E+01    0.15002E-01
    0.15994E+01    0.14305E-01
    0.16318E+01    0.13639E-01
    0.16647E+01    0.13004E-01
    0.16984E+01    0.12398E-01
    0.17327E+01    0.11819E-01
    0.17677E+01    0.11266E-01
    0.18034E+01    0.10738E-01
    0.18398E+01    0.10235E-01
    0.18770E+01    0.97543E-02
    0.19149E+01    0.92956E-02
    0.19536E+01    0.88579E-02
    0.19930E+01    0.84402E-02
    0.20333E+01    0.80417E-02
    0.20744E+01    0.76615E-02
    0.21163E+01    0.72989E-02
    0.21590E+01    0.69529E-02
    0.22026E+01    0.66230E-02
    0.22471E+01    0.63083E-02
    0.22925E+01    0.60083E-02
    0.23388E+01    0.57222E-02
    0.23861E+01    0.54494E-02
    0.24343E+01    0.51893E-02
    0.24835E+01    0.49414E-02
    0.25336E+01    0.47050E-02
    0.25848E+01    0.44798E-02
    0.26370E+01    0.42650E-02
    0.26903E+01    0.40604E-02
    0.27447E+01    0.38653E-02
    0.28001E+01    0.36794E-02
    0.28567E+01    0.35023E-02
    0.29144E+01    0.33335E-02
    0.29733E+01    0.31727E-02
    0.30333E+01    0.30194E-02
    0.30946E+01    0.28734E-02
    0.31571E+01    0.27344E-02
    0.32209E+01    0.26019E-02
    0.32860E+01    0.24757E-02
    0.33523E+01    0.23555E-02
    0.34201E+01    0.22411E-02
    0.34892E+01    0.21321E-02
    0.35596E+01    0.20283E-02
    0.36316E+01    0.19294E-02
    0.37049E+01    0.18353E-02
    0.37798E+01    0.17457E-02
    0.38561E+01    0.16604E-02
    0.39340E+01    0.15792E-02
    0.40135E+01    0.15019E-02
    0.40946E+01    0.14283E-02
    0.41773E+01    0.13582E-02
    0.42617E+01    0.12915E-02
    0.43478E+01    0.12281E-02
    0.44356E+01    0.11677E-02
    0.45252E+01    0.11102E-02
    0.46166E+01    0.10555E-02
    0.47099E+01    0.10035E-02
    0.48050E+01    0.95394E-03
    0.49021E+01    0.90682E-03
    0.50011E+01    0.86200E-03
    0.51021E+01    0.81935E-03
    0.52052E+01    0.77878E-03
    0.53104E+01    0.74018E-03
    0.54176E+01    0.70347E-03
    0.55271E+01    0.66855E-03
    0.56387E+01    0.63534E-03
    0.57526E+01    0.60376E-03
    0.58689E+01    0.57372E-03
    0.59874E+01    0.54515E-03
    0.61084E+01    0.51799E-03
    0.62318E+01    0.49215E-03
    0.63577E+01    0.46759E-03
    0.64861E+01    0.44424E-03
    0.66171E+01    0.42204E-03
    0.67508E+01    0.40093E-03
    0.68872E+01    0.38086E-03
    0.70263E+01    0.36178E-03
    0.71682E+01    0.34365E-03
    0.73130E+01    0.32641E-03
    0.74608E+01    0.31003E-03
    0.76115E+01    0.29446E-03
    0.77653E+01    0.27965E-03
    0.79221E+01    0.26559E-03
    0.80822E+01    0.25222E-03
    0.82454E+01    0.23952E-03
    0.84120E+01    0.22745E-03
    0.85819E+01    0.21598E-03
    0.87553E+01    0.20508E-03
    0.89322E+01    0.19472E-03
    0.91126E+01    0.18488E-03
    0.92967E+01    0.17553E-03
    0.94845E+01    0.16665E-03
    0.96761E+01    0.15821E-03
    0.98716E+01    0.15020E-03
    0.10071E+02    0.14258E-03
    0.10274E+02    0.13535E-03
    0.10482E+02    0.12848E-03
    0.10694E+02    0.12195E-03
    0.10910E+02    0.11576E-03
    0.11130E+02    0.10987E-03
    0.11355E+02    0.10428E-03
    0.11584E+02    0.98970E-04
    0.11818E+02    0.93928E-04
    0.12057E+02    0.89140E-04
    0.12301E+02    0.84594E-04
    0.12549E+02    0.80277E-04
    0.12803E+02    0.76178E-04
    0.13061E+02    0.72286E-04
    0.13325E+02    0.68591E-04
    0.13594E+02    0.65083E-04
    0.13869E+02    0.61752E-04
    0.14149E+02    0.58590E-04
    0.14435E+02    0.55588E-04
    0.14727E+02    0.52739E-04
    0.15024E+02    0.50034E-04
    0.15328E+02    0.47467E-04
    0.15637E+02    0.45030E-04
    0.15953E+02    0.42717E-04
    0.16275E+02    0.40521E-04
    0.16604E+02    0.38438E-04
    0.16940E+02    0.36460E-04
    0.17282E+02    0.34583E-04
    0.17631E+02    0.32802E-04
    0.17987E+02    0.31112E-04
    0.18351E+02    0.29508E-04
    0.18721E+02    0.27986E-04
    0.19099E+02    0.26541E-04
    0.19485E+02    0.25171E-04
    0.19879E+02    0.23871E-04
    0.20280E+02    0.22637E-04
    0.20690E+02    0.21466E-04
    0.21108E+02    0.20356E-04
    0.21535E+02    0.19302E-04
    0.21970E+02    0.18303E-04
    0.22413E+02    0.17354E-04
    0.22866E+02    0.16455E-04
    0.23328E+02    0.15602E-04
    0.23799E+02    0.14792E-04
    0.24280E+02    0.14024E-04
    0.24771E+02    0.13296E-04
    0.25271E+02    0.12605E-04
    0.25782E+02    0.11950E-04
    0.26302E+02    0.11329E-04
    0.26834E+02    0.10739E-04
    0.27376E+02    0.10181E-04
    0.27929E+02    0.96504E-05
    0.28493E+02    0.91477E-05
    0.29069E+02    0.86709E-05
    0.29656E+02    0.82188E-05
    0.30255E+02    0.77901E-05
    0.30866E+02    0.73836E-05
    0.31490E+02    0.69981E-05
    0.32126E+02    0.66326E-05
    0.32775E+02    0.62860E-05
    0.33437E+02    0.59574E-05
    0.34112E+02    0.56458E-05
    0.34801E+02    0.53504E-05
    0.35504E+02    0.50704E-05
    0.36222E+02    0.48049E-05
    0.36953E+02    0.45531E-05
    0.37700E+02    0.43145E-05
    0.38462E+02    0.40883E-05
    0.39239E+02    0.38738E-05
    0.40031E+02    0.36706E-05
    0.40840E+02    0.34779E-05
    0.41665E+02    0.32952E-05
    0.42507E+02    0.31221E-05
    0.43365E+02    0.29580E-05
    0.44241E+02    0.28024E-05
    0.45135E+02    0.26550E-05
    0.46047E+02    0.25153E-05
    0.46977E+02    0.23828E-05
    0.47926E+02    0.22573E-05
    0.48894E+02    0.21384E-05
    0.49882E+02    0.20256E-05
    0.50890E+02    0.19188E-05
    0.51918E+02    0.18176E-05
    0.52966E+02    0.17217E-05
    0.54036E+02    0.16307E-05
    0.55128E+02    0.15446E-05
    0.56242E+02    0.14630E-05
    0.57378E+02    0.13856E-05
    0.58537E+02    0.13123E-05
    0.59720E+02    0.12429E-05
    0.60926E+02    0.11771E-05
    0.62157E+02    0.11148E-05
    0.63412E+02    0.10557E-05
    0.64693E+02    0.99976E-06
    0.66000E+02    0.94675E-06
    0.67334E+02    0.89653E-06
    0.68694E+02    0.84895E-06
    0.70082E+02    0.80388E-06
    0.71497E+02    0.76118E-06
    0.72942E+02    0.72073E-06
    0.74415E+02    0.68241E-06
    0.75918E+02    0.64612E-06
    0.77452E+02    0.61174E-06
    0.79017E+02    0.57918E-06
    0.80613E+02    0.54833E-06
    0.82241E+02    0.51911E-06
    0.83903E+02    0.49144E-06
    0.85598E+02    0.46523E-06
    0.87327E+02    0.44041E-06
    0.89091E+02    0.41690E-06
    0.90891E+02    0.39464E-06
    0.92727E+02    0.37355E-06
    0.94600E+02    0.35358E-06
    0.96511E+02    0.33467E-06
    0.98461E+02    0.31676E-06
    0.10045E+03    0.29980E-06
    0.10248E+03    0.28374E-06
    0.10455E+03    0.26853E-06
    0.10666E+03    0.25414E-06
    0.10882E+03    0.24050E-06
    0.11101E+03    0.22759E-06
    0.11326E+03    0.21537E-06
    0.11554E+03    0.20379E-06
    0.11788E+03    0.19283E-06
    0.12026E+03    0.18246E-06
    0.12269E+03    0.17264E-06
    0.12517E+03    0.16334E-06
    0.12770E+03    0.15453E-06
    0.13028E+03    0.14620E-06
    0.13291E+03    0.13831E-06
    0.13559E+03    0.13084E-06
    0.13833E+03    0.12377E-06
    0.14113E+03    0.11707E-06
    0.14398E+03    0.11074E-06
    0.14689E+03    0.10474E-06
    0.14985E+03    0.99065E-07
    0.15288E+03    0.93693E-07
    0.15597E+03    0.88610E-07
    0.15912E+03    0.83798E-07
    0.16233E+03    0.79245E-07
    0.16561E+03    0.74936E-07
    0.16896E+03    0.70857E-07
    0.17237E+03    0.66997E-07
    0.17585E+03    0.63344E-07
    0.17941E+03    0.59887E-07
    0.18303E+03    0.56615E-07
    0.18673E+03    0.53517E-07
    0.19050E+03    0.50586E-07
    0.19435E+03    0.47812E-07
    0.19828E+03    0.45187E-07
    0.20228E+03    0.42703E-07
    0.20637E+03    0.40354E-07
    0.21054E+03    0.38132E-07
    0.21479E+03    0.36032E-07
    0.21913E+03    0.34045E-07
    0.22356E+03    0.32168E-07
    0.22807E+03    0.30393E-07
    0.23268E+03    0.28717E-07
