    0.10000E-03    0.25004E+00
    0.10202E-03    0.25498E+00
    0.10408E-03    0.26003E+00
    0.10618E-03    0.26517E+00
    0.10833E-03    0.27041E+00
    0.11052E-03    0.27575E+00
    0.11275E-03    0.28121E+00
    0.11503E-03    0.28677E+00
    0.11735E-03    0.29243E+00
    0.11972E-03    0.29822E+00
    0.12214E-03    0.30411E+00
    0.12461E-03    0.31012E+00
    0.12712E-03    0.31625E+00
    0.12969E-03    0.32251E+00
    0.13231E-03    0.32888E+00
    0.13499E-03    0.33538E+00
    0.13771E-03    0.34201E+00
    0.14049E-03    0.34877E+00
    0.14333E-03    0.35567E+00
    0.14623E-03    0.36270E+00
    0.14918E-03    0.36987E+00
    0.15220E-03    0.37718E+00
    0.15527E-03    0.38464E+00
    0.15841E-03    0.39224E+00
    0.16161E-03    0.39999E+00
    0.16487E-03    0.40790E+00
    0.16820E-03    0.41596E+00
    0.17160E-03    0.42418E+00
    0.17507E-03    0.43257E+00
    0.17860E-03    0.44112E+00
    0.18221E-03    0.44983E+00
    0.18589E-03    0.45872E+00
    0.18965E-03    0.46779E+00
    0.19348E-03    0.47704E+00
    0.19739E-03    0.48646E+00
    0.20138E-03    0.49608E+00
    0.20544E-03    0.50588E+00
    0.20959E-03    0.51588E+00
    0.21383E-03    0.52607E+00
    0.21815E-03    0.53647E+00
    0.22255E-03    0.54707E+00
    0.22705E-03    0.55788E+00
    0.23164E-03    0.56890E+00
    0.23632E-03    0.58014E+00
    0.24109E-03    0.59161E+00
    0.24596E-03    0.60330E+00
    0.25093E-03    0.61521E+00
    0.25600E-03    0.62737E+00
    0.26117E-03    0.63976E+00
    0.26645E-03    0.65240E+00
    0.27183E-03    0.66529E+00
    0.27732E-03    0.67843E+00
    0.28292E-03    0.69183E+00
    0.28864E-03    0.70550E+00
    0.29447E-03    0.71943E+00
    0.30042E-03    0.73364E+00
    0.30649E-03    0.74813E+00
    0.31268E-03    0.76291E+00
    0.31899E-03    0.77797E+00
    0.32544E-03    0.79333E+00
    0.33201E-03    0.80900E+00
    0.33872E-03    0.82497E+00
    0.34556E-03    0.84126E+00
    0.35254E-03    0.85787E+00
    0.35966E-03    0.87480E+00
    0.36693E-03    0.89207E+00
    0.37434E-03    0.90968E+00
    0.38190E-03    0.92763E+00
    0.38962E-03    0.94594E+00
    0.39749E-03    0.96460E+00
    0.40552E-03    0.98364E+00
    0.41371E-03    0.10030E+01
    0.42207E-03    0.10228E+01
    0.43060E-03    0.10430E+01
    0.43929E-03    0.10636E+01
    0.44817E-03    0.10846E+01
    0.45722E-03    0.11059E+01
    0.46646E-03    0.11278E+01
    0.47588E-03    0.11500E+01
    0.48550E-03    0.11727E+01
    0.49530E-03    0.11958E+01
    0.50531E-03    0.12193E+01
    0.51552E-03    0.12434E+01
    0.52593E-03    0.12679E+01
    0.53656E-03    0.12929E+01
    0.54739E-03    0.13183E+01
    0.55845E-03    0.13443E+01
    0.56973E-03    0.13708E+01
    0.58124E-03    0.13977E+01
    0.59299E-03    0.14253E+01
    0.60496E-03    0.14533E+01
    0.61719E-03    0.14819E+01
    0.62965E-03    0.15111E+01
    0.64237E-03    0.15408E+01
    0.65535E-03    0.15711E+01
    0.66859E-03    0.16020E+01
    0.68210E-03    0.16335E+01
    0.69588E-03    0.16656E+01
    0.70993E-03    0.16983E+01
    0.72427E-03    0.17317E+01
    0.73891E-03    0.17657E+01
    0.75383E-03    0.18003E+01
    0.76906E-03    0.18357E+01
    0.78460E-03    0.18717E+01
    0.80045E-03    0.19084E+01
    0.81662E-03    0.19458E+01
    0.83311E-03    0.19839E+01
    0.84994E-03    0.20228E+01
    0.86711E-03    0.20624E+01
    0.88463E-03    0.21028E+01
    0.90250E-03    0.21440E+01
    0.92073E-03    0.21859E+01
    0.93933E-03    0.22287E+01
    0.95831E-03    0.22722E+01
    0.97767E-03    0.23166E+01
    0.99742E-03    0.23618E+01
    0.10176E-02    0.24079E+01
    0.10381E-02    0.24549E+01
    0.10591E-02    0.25028E+01
    0.10805E-02    0.25516E+01
    0.11023E-02    0.26012E+01
    0.11246E-02    0.26519E+01
    0.11473E-02    0.27034E+01
    0.11705E-02    0.27560E+01
    0.11941E-02    0.28095E+01
    0.12182E-02    0.28641E+01
    0.12429E-02    0.29196E+01
    0.12680E-02    0.29762E+01
    0.12936E-02    0.30338E+01
    0.13197E-02    0.30925E+01
    0.13464E-02    0.31523E+01
    0.13736E-02    0.32132E+01
    0.14013E-02    0.32752E+01
    0.14296E-02    0.33383E+01
    0.14585E-02    0.34026E+01
    0.14880E-02    0.34681E+01
    0.15180E-02    0.35347E+01
    0.15487E-02    0.36025E+01
    0.15800E-02    0.36716E+01
    0.16119E-02    0.37419E+01
    0.16445E-02    0.38135E+01
    0.16777E-02    0.38863E+01
    0.17116E-02    0.39604E+01
    0.17462E-02    0.40358E+01
    0.17814E-02    0.41126E+01
    0.18174E-02    0.41907E+01
    0.18541E-02    0.42701E+01
    0.18916E-02    0.43509E+01
    0.19298E-02    0.44331E+01
    0.19688E-02    0.45167E+01
    0.20086E-02    0.46017E+01
    0.20491E-02    0.46882E+01
    0.20905E-02    0.47760E+01
    0.21328E-02    0.48654E+01
    0.21758E-02    0.49562E+01
    0.22198E-02    0.50486E+01
    0.22646E-02    0.51424E+01
    0.23104E-02    0.52377E+01
    0.23571E-02    0.53346E+01
    0.24047E-02    0.54330E+01
    0.24533E-02    0.55329E+01
    0.25028E-02    0.56344E+01
    0.25534E-02    0.57375E+01
    0.26050E-02    0.58421E+01
    0.26576E-02    0.59483E+01
    0.27113E-02    0.60561E+01
    0.27660E-02    0.61655E+01
    0.28219E-02    0.62765E+01
    0.28789E-02    0.63891E+01
    0.29371E-02    0.65033E+01
    0.29964E-02    0.66190E+01
    0.30569E-02    0.67364E+01
    0.31187E-02    0.68554E+01
    0.31817E-02    0.69760E+01
    0.32460E-02    0.70981E+01
    0.33115E-02    0.72218E+01
    0.33784E-02    0.73471E+01
    0.34467E-02    0.74740E+01
    0.35163E-02    0.76024E+01
    0.35874E-02    0.77324E+01
    0.36598E-02    0.78639E+01
    0.37338E-02    0.79968E+01
    0.38092E-02    0.81313E+01
    0.38861E-02    0.82673E+01
    0.39646E-02    0.84047E+01
    0.40447E-02    0.85435E+01
    0.41264E-02    0.86837E+01
    0.42098E-02    0.88253E+01
    0.42948E-02    0.89682E+01
    0.43816E-02    0.91124E+01
    0.44701E-02    0.92579E+01
    0.45604E-02    0.94046E+01
    0.46525E-02    0.95525E+01
    0.47465E-02    0.97016E+01
    0.48424E-02    0.98518E+01
    0.49402E-02    0.10003E+02
    0.50400E-02    0.10155E+02
    0.51419E-02    0.10308E+02
    0.52457E-02    0.10463E+02
    0.53517E-02    0.10618E+02
    0.54598E-02    0.10773E+02
    0.55701E-02    0.10930E+02
    0.56826E-02    0.11087E+02
    0.57974E-02    0.11245E+02
    0.59145E-02    0.11403E+02
    0.60340E-02    0.11562E+02
    0.61559E-02    0.11721E+02
    0.62803E-02    0.11880E+02
    0.64072E-02    0.12040E+02
    0.65366E-02    0.12200E+02
    0.66686E-02    0.12360E+02
    0.68033E-02    0.12519E+02
    0.69408E-02    0.12679E+02
    0.70810E-02    0.12838E+02
    0.72240E-02    0.12997E+02
    0.73700E-02    0.13156E+02
    0.75189E-02    0.13313E+02
    0.76708E-02    0.13471E+02
    0.78257E-02    0.13627E+02
    0.79838E-02    0.13782E+02
    0.81451E-02    0.13936E+02
    0.83096E-02    0.14089E+02
    0.84775E-02    0.14240E+02
    0.86488E-02    0.14390E+02
    0.88235E-02    0.14538E+02
    0.90017E-02    0.14685E+02
    0.91836E-02    0.14829E+02
    0.93691E-02    0.14971E+02
    0.95583E-02    0.15110E+02
    0.97514E-02    0.15247E+02
    0.99484E-02    0.15381E+02
    0.10149E-01    0.15512E+02
    0.10354E-01    0.15640E+02
    0.10564E-01    0.15764E+02
    0.10777E-01    0.15885E+02
    0.10995E-01    0.16002E+02
    0.11217E-01    0.16115E+02
    0.11443E-01    0.16223E+02
    0.11675E-01    0.16328E+02
    0.11910E-01    0.16427E+02
    0.12151E-01    0.16522E+02
    0.12397E-01    0.16612E+02
    0.12647E-01    0.16696E+02
    0.12902E-01    0.16775E+02
    0.13163E-01    0.16848E+02
    0.13429E-01    0.16915E+02
    0.13700E-01    0.16975E+02
    0.13977E-01    0.17030E+02
    0.14259E-01    0.17078E+02
    0.14547E-01    0.17118E+02
    0.14841E-01    0.17152E+02
    0.15141E-01    0.17179E+02
    0.15447E-01    0.17198E+02
    0.15759E-01    0.17210E+02
    0.16077E-01    0.17214E+02
    0.16402E-01    0.17210E+02
    0.16734E-01    0.17198E+02
    0.17072E-01    0.17177E+02
    0.17416E-01    0.17148E+02
    0.17768E-01    0.17111E+02
    0.18127E-01    0.17065E+02
    0.18493E-01    0.17011E+02
    0.18867E-01    0.16947E+02
    0.19248E-01    0.16875E+02
    0.19637E-01    0.16794E+02
    0.20034E-01    0.16705E+02
    0.20438E-01    0.16606E+02
    0.20851E-01    0.16499E+02
    0.21272E-01    0.16383E+02
    0.21702E-01    0.16259E+02
    0.22141E-01    0.16126E+02
    0.22588E-01    0.15984E+02
    0.23044E-01    0.15835E+02
    0.23510E-01    0.15677E+02
    0.23985E-01    0.15512E+02
    0.24469E-01    0.15339E+02
    0.24964E-01    0.15160E+02
    0.25468E-01    0.14973E+02
    0.25982E-01    0.14780E+02
    0.26507E-01    0.14580E+02
    0.27043E-01    0.14375E+02
    0.27589E-01    0.14165E+02
    0.28146E-01    0.13950E+02
    0.28715E-01    0.13731E+02
    0.29295E-01    0.13508E+02
    0.29887E-01    0.13282E+02
    0.30490E-01    0.13053E+02
    0.31106E-01    0.12822E+02
    0.31735E-01    0.12590E+02
    0.32376E-01    0.12357E+02
    0.33030E-01    0.12124E+02
    0.33697E-01    0.11892E+02
    0.34378E-01    0.11660E+02
    0.35072E-01    0.11430E+02
    0.35781E-01    0.11203E+02
    0.36504E-01    0.10978E+02
    0.37241E-01    0.10757E+02
    0.37993E-01    0.10540E+02
    0.38761E-01    0.10328E+02
    0.39544E-01    0.10120E+02
    0.40343E-01    0.99187E+01
    0.41158E-01    0.97229E+01
    0.41989E-01    0.95334E+01
    0.42838E-01    0.93505E+01
    0.43703E-01    0.91745E+01
    0.44586E-01    0.90054E+01
    0.45486E-01    0.88434E+01
    0.46405E-01    0.86884E+01
    0.47343E-01    0.85405E+01
    0.48299E-01    0.83993E+01
    0.49275E-01    0.82646E+01
    0.50270E-01    0.81361E+01
    0.51286E-01    0.80133E+01
    0.52322E-01    0.78956E+01
    0.53379E-01    0.77824E+01
    0.54457E-01    0.76729E+01
    0.55557E-01    0.75662E+01
    0.56680E-01    0.74615E+01
    0.57825E-01    0.73578E+01
    0.58993E-01    0.72540E+01
    0.60184E-01    0.71491E+01
    0.61400E-01    0.70422E+01
    0.62641E-01    0.69320E+01
    0.63906E-01    0.68177E+01
    0.65197E-01    0.66985E+01
    0.66514E-01    0.65734E+01
    0.67858E-01    0.64420E+01
    0.69229E-01    0.63038E+01
    0.70627E-01    0.61586E+01
    0.72054E-01    0.60063E+01
    0.73510E-01    0.58474E+01
    0.74994E-01    0.56818E+01
    0.76509E-01    0.55112E+01
    0.78055E-01    0.53364E+01
    0.79632E-01    0.51587E+01
    0.81241E-01    0.49795E+01
    0.82882E-01    0.48007E+01
    0.84556E-01    0.46239E+01
    0.86264E-01    0.44509E+01
    0.88007E-01    0.42835E+01
    0.89785E-01    0.41233E+01
    0.91598E-01    0.39719E+01
    0.93449E-01    0.38304E+01
    0.95337E-01    0.36999E+01
    0.97263E-01    0.35809E+01
    0.99227E-01    0.34736E+01
    0.10123E+00    0.33780E+01
    0.10328E+00    0.32934E+01
    0.10536E+00    0.32188E+01
    0.10749E+00    0.31529E+01
    0.10966E+00    0.30939E+01
    0.11188E+00    0.30397E+01
    0.11414E+00    0.29882E+01
    0.11644E+00    0.29369E+01
    0.11880E+00    0.28834E+01
    0.12120E+00    0.28257E+01
    0.12365E+00    0.27619E+01
    0.12614E+00    0.26911E+01
    0.12869E+00    0.26126E+01
    0.13129E+00    0.25266E+01
    0.13394E+00    0.24341E+01
    0.13665E+00    0.23367E+01
    0.13941E+00    0.22367E+01
    0.14223E+00    0.21367E+01
    0.14510E+00    0.20395E+01
    0.14803E+00    0.19475E+01
    0.15102E+00    0.18628E+01
    0.15407E+00    0.17871E+01
    0.15718E+00    0.17213E+01
    0.16036E+00    0.16653E+01
    0.16360E+00    0.16183E+01
    0.16690E+00    0.15787E+01
    0.17028E+00    0.15444E+01
    0.17371E+00    0.15127E+01
    0.17722E+00    0.14809E+01
    0.18080E+00    0.14465E+01
    0.18446E+00    0.14076E+01
    0.18818E+00    0.13632E+01
    0.19198E+00    0.13134E+01
    0.19586E+00    0.12592E+01
    0.19982E+00    0.12026E+01
    0.20386E+00    0.11462E+01
    0.20797E+00    0.10924E+01
    0.21218E+00    0.10434E+01
    0.21646E+00    0.10005E+01
    0.22083E+00    0.96419E+00
    0.22530E+00    0.93381E+00
    0.22985E+00    0.90786E+00
    0.23449E+00    0.88429E+00
    0.23923E+00    0.86085E+00
    0.24406E+00    0.83562E+00
    0.24899E+00    0.80749E+00
    0.25402E+00    0.77636E+00
    0.25915E+00    0.74311E+00
    0.26439E+00    0.70938E+00
    0.26973E+00    0.67702E+00
    0.27518E+00    0.64754E+00
    0.28074E+00    0.62178E+00
    0.28641E+00    0.59964E+00
    0.29219E+00    0.58019E+00
    0.29810E+00    0.56205E+00
    0.30412E+00    0.54376E+00
    0.31026E+00    0.52435E+00
    0.31653E+00    0.50362E+00
    0.32292E+00    0.48212E+00
    0.32945E+00    0.46091E+00
    0.33610E+00    0.44101E+00
    0.34289E+00    0.42310E+00
    0.34982E+00    0.40715E+00
    0.35689E+00    0.39258E+00
    0.36409E+00    0.37856E+00
    0.37145E+00    0.36437E+00
    0.37895E+00    0.34977E+00
    0.38661E+00    0.33502E+00
    0.39442E+00    0.32068E+00
    0.40239E+00    0.30727E+00
    0.41052E+00    0.29497E+00
    0.41881E+00    0.28357E+00
    0.42727E+00    0.27265E+00
    0.43590E+00    0.26185E+00
    0.44471E+00    0.25105E+00
    0.45369E+00    0.24046E+00
    0.46286E+00    0.23033E+00
    0.47221E+00    0.22084E+00
    0.48174E+00    0.21191E+00
    0.49148E+00    0.20336E+00
    0.50141E+00    0.19501E+00
    0.51153E+00    0.18683E+00
    0.52187E+00    0.17893E+00
    0.53241E+00    0.17141E+00
    0.54317E+00    0.16428E+00
    0.55414E+00    0.15746E+00
    0.56533E+00    0.15086E+00
    0.57675E+00    0.14447E+00
    0.58840E+00    0.13832E+00
    0.60029E+00    0.13244E+00
    0.61242E+00    0.12680E+00
    0.62479E+00    0.12139E+00
    0.63741E+00    0.11621E+00
    0.65029E+00    0.11125E+00
    0.66342E+00    0.10649E+00
    0.67683E+00    0.10192E+00
    0.69050E+00    0.97538E-01
    0.70445E+00    0.93335E-01
    0.71868E+00    0.89302E-01
    0.73320E+00    0.85433E-01
    0.74801E+00    0.81722E-01
    0.76312E+00    0.78163E-01
    0.77854E+00    0.74751E-01
    0.79426E+00    0.71480E-01
    0.81031E+00    0.68346E-01
    0.82668E+00    0.65342E-01
    0.84338E+00    0.62465E-01
    0.86041E+00    0.59709E-01
    0.87780E+00    0.57070E-01
    0.89553E+00    0.54542E-01
    0.91362E+00    0.52123E-01
    0.93208E+00    0.49806E-01
    0.95091E+00    0.47588E-01
    0.97011E+00    0.45466E-01
    0.98971E+00    0.43434E-01
    0.10097E+01    0.41490E-01
    0.10301E+01    0.39629E-01
    0.10509E+01    0.37849E-01
    0.10721E+01    0.36146E-01
    0.10938E+01    0.34516E-01
    0.11159E+01    0.32958E-01
    0.11384E+01    0.31467E-01
    0.11614E+01    0.30041E-01
    0.11849E+01    0.28677E-01
    0.12088E+01    0.27374E-01
    0.12333E+01    0.26127E-01
    0.12582E+01    0.24935E-01
    0.12836E+01    0.23796E-01
    0.13095E+01    0.22707E-01
    0.13360E+01    0.21666E-01
    0.13630E+01    0.20671E-01
    0.13905E+01    0.19721E-01
    0.14186E+01    0.18812E-01
    0.14472E+01    0.17945E-01
    0.14765E+01    0.17116E-01
    0.15063E+01    0.16324E-01
    0.15367E+01    0.15568E-01
    0.15678E+01    0.14846E-01
    0.15994E+01    0.14156E-01
    0.16318E+01    0.13498E-01
    0.16647E+01    0.12869E-01
    0.16984E+01    0.12269E-01
    0.17327E+01    0.11696E-01
    0.17677E+01    0.11149E-01
    0.18034E+01    0.10627E-01
    0.18398E+01    0.10128E-01
    0.18770E+01    0.96527E-02
    0.19149E+01    0.91988E-02
    0.19536E+01    0.87656E-02
    0.19930E+01    0.83523E-02
    0.20333E+01    0.79579E-02
    0.20744E+01    0.75817E-02
    0.21163E+01    0.72228E-02
    0.21590E+01    0.68804E-02
    0.22026E+01    0.65539E-02
    0.22471E+01    0.62425E-02
    0.22925E+01    0.59456E-02
    0.23388E+01    0.56625E-02
    0.23861E+01    0.53925E-02
    0.24343E+01    0.51351E-02
    0.24835E+01    0.48898E-02
    0.25336E+01    0.46559E-02
    0.25848E+01    0.44330E-02
    0.26370E+01    0.42205E-02
    0.26903E+01    0.40179E-02
    0.27447E+01    0.38249E-02
    0.28001E+01    0.36410E-02
    0.28567E+01    0.34657E-02
    0.29144E+01    0.32986E-02
    0.29733E+01    0.31395E-02
    0.30333E+01    0.29878E-02
    0.30946E+01    0.28434E-02
    0.31571E+01    0.27058E-02
    0.32209E+01    0.25747E-02
    0.32860E+01    0.24498E-02
    0.33523E+01    0.23309E-02
    0.34201E+01    0.22176E-02
    0.34892E+01    0.21097E-02
    0.35596E+01    0.20070E-02
    0.36316E+01    0.19092E-02
    0.37049E+01    0.18161E-02
    0.37798E+01    0.17274E-02
    0.38561E+01    0.16430E-02
    0.39340E+01    0.15626E-02
    0.40135E+01    0.14861E-02
    0.40946E+01    0.14133E-02
    0.41773E+01    0.13440E-02
    0.42617E+01    0.12780E-02
    0.43478E+01    0.12152E-02
    0.44356E+01    0.11554E-02
    0.45252E+01    0.10985E-02
    0.46166E+01    0.10444E-02
    0.47099E+01    0.99292E-03
    0.48050E+01    0.94392E-03
    0.49021E+01    0.89729E-03
    0.50011E+01    0.85294E-03
    0.51021E+01    0.81074E-03
    0.52052E+01    0.77059E-03
    0.53104E+01    0.73240E-03
    0.54176E+01    0.69608E-03
    0.55271E+01    0.66152E-03
    0.56387E+01    0.62866E-03
    0.57526E+01    0.59741E-03
    0.58689E+01    0.56768E-03
    0.59874E+01    0.53941E-03
    0.61084E+01    0.51253E-03
    0.62318E+01    0.48697E-03
    0.63577E+01    0.46267E-03
    0.64861E+01    0.43956E-03
    0.66171E+01    0.41759E-03
    0.67508E+01    0.39670E-03
    0.68872E+01    0.37685E-03
    0.70263E+01    0.35797E-03
    0.71682E+01    0.34003E-03
    0.73130E+01    0.32297E-03
    0.74608E+01    0.30676E-03
    0.76115E+01    0.29135E-03
    0.77653E+01    0.27670E-03
    0.79221E+01    0.26279E-03
    0.80822E+01    0.24956E-03
    0.82454E+01    0.23699E-03
    0.84120E+01    0.22505E-03
    0.85819E+01    0.21370E-03
    0.87553E+01    0.20291E-03
    0.89322E+01    0.19266E-03
    0.91126E+01    0.18293E-03
    0.92967E+01    0.17368E-03
    0.94845E+01    0.16489E-03
    0.96761E+01    0.15654E-03
    0.98716E+01    0.14861E-03
    0.10071E+02    0.14108E-03
    0.10274E+02    0.13392E-03
    0.10482E+02    0.12712E-03
    0.10694E+02    0.12067E-03
    0.10910E+02    0.11453E-03
    0.11130E+02    0.10871E-03
    0.11355E+02    0.10318E-03
    0.11584E+02    0.97924E-04
    0.11818E+02    0.92935E-04
    0.12057E+02    0.88198E-04
    0.12301E+02    0.83700E-04
    0.12549E+02    0.79428E-04
    0.12803E+02    0.75372E-04
    0.13061E+02    0.71522E-04
    0.13325E+02    0.67865E-04
    0.13594E+02    0.64394E-04
    0.13869E+02    0.61099E-04
    0.14149E+02    0.57970E-04
    0.14435E+02    0.55000E-04
    0.14727E+02    0.52181E-04
    0.15024E+02    0.49505E-04
    0.15328E+02    0.46965E-04
    0.15637E+02    0.44553E-04
    0.15953E+02    0.42265E-04
    0.16275E+02    0.40092E-04
    0.16604E+02    0.38031E-04
    0.16940E+02    0.36074E-04
    0.17282E+02    0.34217E-04
    0.17631E+02    0.32455E-04
    0.17987E+02    0.30782E-04
    0.18351E+02    0.29195E-04
    0.18721E+02    0.27689E-04
    0.19099E+02    0.26260E-04
    0.19485E+02    0.24904E-04
    0.19879E+02    0.23618E-04
    0.20280E+02    0.22397E-04
    0.20690E+02    0.21239E-04
    0.21108E+02    0.20140E-04
    0.21535E+02    0.19098E-04
    0.21970E+02    0.18109E-04
    0.22413E+02    0.17171E-04
    0.22866E+02    0.16281E-04
    0.23328E+02    0.15436E-04
    0.23799E+02    0.14635E-04
    0.24280E+02    0.13876E-04
    0.24771E+02    0.13155E-04
    0.25271E+02    0.12472E-04
    0.25782E+02    0.11823E-04
    0.26302E+02    0.11209E-04
    0.26834E+02    0.10626E-04
    0.27376E+02    0.10073E-04
    0.27929E+02    0.95480E-05
    0.28493E+02    0.90506E-05
    0.29069E+02    0.85789E-05
    0.29656E+02    0.81316E-05
    0.30255E+02    0.77075E-05
    0.30866E+02    0.73052E-05
    0.31490E+02    0.69238E-05
    0.32126E+02    0.65622E-05
    0.32775E+02    0.62193E-05
    0.33437E+02    0.58942E-05
    0.34112E+02    0.55859E-05
    0.34801E+02    0.52936E-05
    0.35504E+02    0.50166E-05
    0.36222E+02    0.47539E-05
    0.36953E+02    0.45048E-05
    0.37700E+02    0.42687E-05
    0.38462E+02    0.40449E-05
    0.39239E+02    0.38327E-05
    0.40031E+02    0.36316E-05
    0.40840E+02    0.34409E-05
    0.41665E+02    0.32602E-05
    0.42507E+02    0.30889E-05
    0.43365E+02    0.29265E-05
    0.44241E+02    0.27727E-05
    0.45135E+02    0.26268E-05
    0.46047E+02    0.24885E-05
    0.46977E+02    0.23575E-05
    0.47926E+02    0.22333E-05
    0.48894E+02    0.21157E-05
    0.49882E+02    0.20041E-05
    0.50890E+02    0.18984E-05
    0.51918E+02    0.17983E-05
    0.52966E+02    0.17034E-05
    0.54036E+02    0.16134E-05
    0.55128E+02    0.15282E-05
    0.56242E+02    0.14474E-05
    0.57378E+02    0.13709E-05
    0.58537E+02    0.12984E-05
    0.59720E+02    0.12297E-05
    0.60926E+02    0.11646E-05
    0.62157E+02    0.11029E-05
    0.63412E+02    0.10445E-05
    0.64693E+02    0.98913E-06
    0.66000E+02    0.93668E-06
    0.67334E+02    0.88700E-06
    0.68694E+02    0.83992E-06
    0.70082E+02    0.79533E-06
    0.71497E+02    0.75308E-06
    0.72942E+02    0.71307E-06
    0.74415E+02    0.67516E-06
    0.75918E+02    0.63925E-06
    0.77452E+02    0.60524E-06
    0.79017E+02    0.57302E-06
    0.80613E+02    0.54250E-06
    0.82241E+02    0.51360E-06
    0.83903E+02    0.48622E-06
    0.85598E+02    0.46029E-06
    0.87327E+02    0.43573E-06
    0.89091E+02    0.41247E-06
    0.90891E+02    0.39044E-06
    0.92727E+02    0.36958E-06
    0.94600E+02    0.34982E-06
    0.96511E+02    0.33111E-06
    0.98461E+02    0.31339E-06
    0.10045E+03    0.29661E-06
    0.10248E+03    0.28073E-06
    0.10455E+03    0.26568E-06
    0.10666E+03    0.25143E-06
    0.10882E+03    0.23794E-06
    0.11101E+03    0.22517E-06
    0.11326E+03    0.21308E-06
    0.11554E+03    0.20163E-06
    0.11788E+03    0.19079E-06
    0.12026E+03    0.18052E-06
    0.12269E+03    0.17080E-06
    0.12517E+03    0.16160E-06
    0.12770E+03    0.15289E-06
    0.13028E+03    0.14464E-06
    0.13291E+03    0.13684E-06
    0.13559E+03    0.12945E-06
    0.13833E+03    0.12245E-06
    0.14113E+03    0.11583E-06
    0.14398E+03    0.10956E-06
    0.14689E+03    0.10363E-06
    0.14985E+03    0.98013E-07
    0.15288E+03    0.92698E-07
    0.15597E+03    0.87668E-07
    0.15912E+03    0.82908E-07
    0.16233E+03    0.78404E-07
    0.16561E+03    0.74140E-07
    0.16896E+03    0.70105E-07
    0.17237E+03    0.66286E-07
    0.17585E+03    0.62672E-07
    0.17941E+03    0.59251E-07
    0.18303E+03    0.56014E-07
    0.18673E+03    0.52950E-07
    0.19050E+03    0.50050E-07
    0.19435E+03    0.47305E-07
    0.19828E+03    0.44708E-07
    0.20228E+03    0.42251E-07
    0.20637E+03    0.39927E-07
    0.21054E+03    0.37728E-07
    0.21479E+03    0.35650E-07
    0.21913E+03    0.33685E-07
    0.22356E+03    0.31827E-07
    0.22807E+03    0.30071E-07
    0.23268E+03    0.28412E-07
