    0.10000E-03    0.25191E+00
    0.10202E-03    0.25689E+00
    0.10408E-03    0.26196E+00
    0.10618E-03    0.26714E+00
    0.10833E-03    0.27243E+00
    0.11052E-03    0.27781E+00
    0.11275E-03    0.28330E+00
    0.11503E-03    0.28890E+00
    0.11735E-03    0.29462E+00
    0.11972E-03    0.30044E+00
    0.12214E-03    0.30638E+00
    0.12461E-03    0.31244E+00
    0.12712E-03    0.31861E+00
    0.12969E-03    0.32491E+00
    0.13231E-03    0.33133E+00
    0.13499E-03    0.33788E+00
    0.13771E-03    0.34456E+00
    0.14049E-03    0.35138E+00
    0.14333E-03    0.35832E+00
    0.14623E-03    0.36540E+00
    0.14918E-03    0.37263E+00
    0.15220E-03    0.37999E+00
    0.15527E-03    0.38750E+00
    0.15841E-03    0.39516E+00
    0.16161E-03    0.40297E+00
    0.16487E-03    0.41094E+00
    0.16820E-03    0.41906E+00
    0.17160E-03    0.42735E+00
    0.17507E-03    0.43579E+00
    0.17860E-03    0.44441E+00
    0.18221E-03    0.45319E+00
    0.18589E-03    0.46215E+00
    0.18965E-03    0.47128E+00
    0.19348E-03    0.48059E+00
    0.19739E-03    0.49009E+00
    0.20138E-03    0.49978E+00
    0.20544E-03    0.50965E+00
    0.20959E-03    0.51973E+00
    0.21383E-03    0.53000E+00
    0.21815E-03    0.54047E+00
    0.22255E-03    0.55115E+00
    0.22705E-03    0.56204E+00
    0.23164E-03    0.57315E+00
    0.23632E-03    0.58447E+00
    0.24109E-03    0.59602E+00
    0.24596E-03    0.60780E+00
    0.25093E-03    0.61980E+00
    0.25600E-03    0.63205E+00
    0.26117E-03    0.64454E+00
    0.26645E-03    0.65727E+00
    0.27183E-03    0.67025E+00
    0.27732E-03    0.68349E+00
    0.28292E-03    0.69699E+00
    0.28864E-03    0.71076E+00
    0.29447E-03    0.72480E+00
    0.30042E-03    0.73911E+00
    0.30649E-03    0.75371E+00
    0.31268E-03    0.76860E+00
    0.31899E-03    0.78377E+00
    0.32544E-03    0.79925E+00
    0.33201E-03    0.81503E+00
    0.33872E-03    0.83112E+00
    0.34556E-03    0.84753E+00
    0.35254E-03    0.86426E+00
    0.35966E-03    0.88132E+00
    0.36693E-03    0.89872E+00
    0.37434E-03    0.91646E+00
    0.38190E-03    0.93455E+00
    0.38962E-03    0.95299E+00
    0.39749E-03    0.97180E+00
    0.40552E-03    0.99097E+00
    0.41371E-03    0.10105E+01
    0.42207E-03    0.10305E+01
    0.43060E-03    0.10508E+01
    0.43929E-03    0.10715E+01
    0.44817E-03    0.10926E+01
    0.45722E-03    0.11142E+01
    0.46646E-03    0.11362E+01
    0.47588E-03    0.11586E+01
    0.48550E-03    0.11814E+01
    0.49530E-03    0.12047E+01
    0.50531E-03    0.12284E+01
    0.51552E-03    0.12526E+01
    0.52593E-03    0.12773E+01
    0.53656E-03    0.13025E+01
    0.54739E-03    0.13281E+01
    0.55845E-03    0.13543E+01
    0.56973E-03    0.13810E+01
    0.58124E-03    0.14082E+01
    0.59299E-03    0.14359E+01
    0.60496E-03    0.14641E+01
    0.61719E-03    0.14930E+01
    0.62965E-03    0.15223E+01
    0.64237E-03    0.15523E+01
    0.65535E-03    0.15828E+01
    0.66859E-03    0.16139E+01
    0.68210E-03    0.16456E+01
    0.69588E-03    0.16780E+01
    0.70993E-03    0.17109E+01
    0.72427E-03    0.17446E+01
    0.73891E-03    0.17788E+01
    0.75383E-03    0.18137E+01
    0.76906E-03    0.18493E+01
    0.78460E-03    0.18856E+01
    0.80045E-03    0.19226E+01
    0.81662E-03    0.19603E+01
    0.83311E-03    0.19987E+01
    0.84994E-03    0.20379E+01
    0.86711E-03    0.20778E+01
    0.88463E-03    0.21185E+01
    0.90250E-03    0.21599E+01
    0.92073E-03    0.22022E+01
    0.93933E-03    0.22452E+01
    0.95831E-03    0.22891E+01
    0.97767E-03    0.23339E+01
    0.99742E-03    0.23794E+01
    0.10176E-02    0.24259E+01
    0.10381E-02    0.24732E+01
    0.10591E-02    0.25214E+01
    0.10805E-02    0.25705E+01
    0.11023E-02    0.26206E+01
    0.11246E-02    0.26716E+01
    0.11473E-02    0.27235E+01
    0.11705E-02    0.27765E+01
    0.11941E-02    0.28304E+01
    0.12182E-02    0.28853E+01
    0.12429E-02    0.29413E+01
    0.12680E-02    0.29983E+01
    0.12936E-02    0.30563E+01
    0.13197E-02    0.31155E+01
    0.13464E-02    0.31757E+01
    0.13736E-02    0.32370E+01
    0.14013E-02    0.32995E+01
    0.14296E-02    0.33631E+01
    0.14585E-02    0.34278E+01
    0.14880E-02    0.34938E+01
    0.15180E-02    0.35609E+01
    0.15487E-02    0.36293E+01
    0.15800E-02    0.36988E+01
    0.16119E-02    0.37696E+01
    0.16445E-02    0.38417E+01
    0.16777E-02    0.39151E+01
    0.17116E-02    0.39897E+01
    0.17462E-02    0.40657E+01
    0.17814E-02    0.41430E+01
    0.18174E-02    0.42217E+01
    0.18541E-02    0.43017E+01
    0.18916E-02    0.43831E+01
    0.19298E-02    0.44659E+01
    0.19688E-02    0.45501E+01
    0.20086E-02    0.46357E+01
    0.20491E-02    0.47228E+01
    0.20905E-02    0.48113E+01
    0.21328E-02    0.49013E+01
    0.21758E-02    0.49928E+01
    0.22198E-02    0.50858E+01
    0.22646E-02    0.51803E+01
    0.23104E-02    0.52763E+01
    0.23571E-02    0.53739E+01
    0.24047E-02    0.54730E+01
    0.24533E-02    0.55736E+01
    0.25028E-02    0.56759E+01
    0.25534E-02    0.57797E+01
    0.26050E-02    0.58850E+01
    0.26576E-02    0.59920E+01
    0.27113E-02    0.61006E+01
    0.27660E-02    0.62107E+01
    0.28219E-02    0.63225E+01
    0.28789E-02    0.64359E+01
    0.29371E-02    0.65509E+01
    0.29964E-02    0.66675E+01
    0.30569E-02    0.67857E+01
    0.31187E-02    0.69055E+01
    0.31817E-02    0.70269E+01
    0.32460E-02    0.71499E+01
    0.33115E-02    0.72745E+01
    0.33784E-02    0.74007E+01
    0.34467E-02    0.75285E+01
    0.35163E-02    0.76578E+01
    0.35874E-02    0.77886E+01
    0.36598E-02    0.79210E+01
    0.37338E-02    0.80550E+01
    0.38092E-02    0.81904E+01
    0.38861E-02    0.83273E+01
    0.39646E-02    0.84656E+01
    0.40447E-02    0.86054E+01
    0.41264E-02    0.87466E+01
    0.42098E-02    0.88891E+01
    0.42948E-02    0.90330E+01
    0.43816E-02    0.91782E+01
    0.44701E-02    0.93247E+01
    0.45604E-02    0.94725E+01
    0.46525E-02    0.96214E+01
    0.47465E-02    0.97715E+01
    0.48424E-02    0.99227E+01
    0.49402E-02    0.10075E+02
    0.50400E-02    0.10228E+02
    0.51419E-02    0.10383E+02
    0.52457E-02    0.10538E+02
    0.53517E-02    0.10694E+02
    0.54598E-02    0.10851E+02
    0.55701E-02    0.11008E+02
    0.56826E-02    0.11167E+02
    0.57974E-02    0.11326E+02
    0.59145E-02    0.11485E+02
    0.60340E-02    0.11645E+02
    0.61559E-02    0.11805E+02
    0.62803E-02    0.11966E+02
    0.64072E-02    0.12126E+02
    0.65366E-02    0.12287E+02
    0.66686E-02    0.12448E+02
    0.68033E-02    0.12609E+02
    0.69408E-02    0.12770E+02
    0.70810E-02    0.12931E+02
    0.72240E-02    0.13091E+02
    0.73700E-02    0.13250E+02
    0.75189E-02    0.13410E+02
    0.76708E-02    0.13568E+02
    0.78257E-02    0.13725E+02
    0.79838E-02    0.13882E+02
    0.81451E-02    0.14037E+02
    0.83096E-02    0.14191E+02
    0.84775E-02    0.14344E+02
    0.86488E-02    0.14495E+02
    0.88235E-02    0.14645E+02
    0.90017E-02    0.14792E+02
    0.91836E-02    0.14938E+02
    0.93691E-02    0.15081E+02
    0.95583E-02    0.15222E+02
    0.97514E-02    0.15360E+02
    0.99484E-02    0.15495E+02
    0.10149E-01    0.15627E+02
    0.10354E-01    0.15756E+02
    0.10564E-01    0.15882E+02
    0.10777E-01    0.16004E+02
    0.10995E-01    0.16123E+02
    0.11217E-01    0.16237E+02
    0.11443E-01    0.16347E+02
    0.11675E-01    0.16453E+02
    0.11910E-01    0.16553E+02
    0.12151E-01    0.16650E+02
    0.12397E-01    0.16740E+02
    0.12647E-01    0.16826E+02
    0.12902E-01    0.16906E+02
    0.13163E-01    0.16980E+02
    0.13429E-01    0.17049E+02
    0.13700E-01    0.17111E+02
    0.13977E-01    0.17167E+02
    0.14259E-01    0.17216E+02
    0.14547E-01    0.17258E+02
    0.14841E-01    0.17293E+02
    0.15141E-01    0.17321E+02
    0.15447E-01    0.17341E+02
    0.15759E-01    0.17354E+02
    0.16077E-01    0.17359E+02
    0.16402E-01    0.17356E+02
    0.16734E-01    0.17345E+02
    0.17072E-01    0.17325E+02
    0.17416E-01    0.17297E+02
    0.17768E-01    0.17261E+02
    0.18127E-01    0.17216E+02
    0.18493E-01    0.17162E+02
    0.18867E-01    0.17100E+02
    0.19248E-01    0.17028E+02
    0.19637E-01    0.16948E+02
    0.20034E-01    0.16859E+02
    0.20438E-01    0.16761E+02
    0.20851E-01    0.16654E+02
    0.21272E-01    0.16538E+02
    0.21702E-01    0.16414E+02
    0.22141E-01    0.16281E+02
    0.22588E-01    0.16140E+02
    0.23044E-01    0.15990E+02
    0.23510E-01    0.15832E+02
    0.23985E-01    0.15667E+02
    0.24469E-01    0.15494E+02
    0.24964E-01    0.15314E+02
    0.25468E-01    0.15127E+02
    0.25982E-01    0.14933E+02
    0.26507E-01    0.14733E+02
    0.27043E-01    0.14528E+02
    0.27589E-01    0.14317E+02
    0.28146E-01    0.14101E+02
    0.28715E-01    0.13881E+02
    0.29295E-01    0.13657E+02
    0.29887E-01    0.13430E+02
    0.30490E-01    0.13200E+02
    0.31106E-01    0.12969E+02
    0.31735E-01    0.12736E+02
    0.32376E-01    0.12502E+02
    0.33030E-01    0.12267E+02
    0.33697E-01    0.12034E+02
    0.34378E-01    0.11801E+02
    0.35072E-01    0.11570E+02
    0.35781E-01    0.11342E+02
    0.36504E-01    0.11116E+02
    0.37241E-01    0.10894E+02
    0.37993E-01    0.10676E+02
    0.38761E-01    0.10463E+02
    0.39544E-01    0.10255E+02
    0.40343E-01    0.10052E+02
    0.41158E-01    0.98558E+01
    0.41989E-01    0.96656E+01
    0.42838E-01    0.94821E+01
    0.43703E-01    0.93054E+01
    0.44586E-01    0.91358E+01
    0.45486E-01    0.89732E+01
    0.46405E-01    0.88178E+01
    0.47343E-01    0.86693E+01
    0.48299E-01    0.85277E+01
    0.49275E-01    0.83926E+01
    0.50270E-01    0.82636E+01
    0.51286E-01    0.81403E+01
    0.52322E-01    0.80221E+01
    0.53379E-01    0.79082E+01
    0.54457E-01    0.77980E+01
    0.55557E-01    0.76905E+01
    0.56680E-01    0.75849E+01
    0.57825E-01    0.74801E+01
    0.58993E-01    0.73751E+01
    0.60184E-01    0.72688E+01
    0.61400E-01    0.71602E+01
    0.62641E-01    0.70482E+01
    0.63906E-01    0.69319E+01
    0.65197E-01    0.68104E+01
    0.66514E-01    0.66830E+01
    0.67858E-01    0.65489E+01
    0.69229E-01    0.64079E+01
    0.70627E-01    0.62596E+01
    0.72054E-01    0.61043E+01
    0.73510E-01    0.59421E+01
    0.74994E-01    0.57732E+01
    0.76509E-01    0.55995E+01
    0.78055E-01    0.54214E+01
    0.79632E-01    0.52406E+01
    0.81241E-01    0.50585E+01
    0.82882E-01    0.48769E+01
    0.84556E-01    0.46975E+01
    0.86264E-01    0.45223E+01
    0.88007E-01    0.43529E+01
    0.89785E-01    0.41910E+01
    0.91598E-01    0.40381E+01
    0.93449E-01    0.38955E+01
    0.95337E-01    0.37641E+01
    0.97263E-01    0.36445E+01
    0.99227E-01    0.35368E+01
    0.10123E+00    0.34409E+01
    0.10328E+00    0.33560E+01
    0.10536E+00    0.32812E+01
    0.10749E+00    0.32151E+01
    0.10966E+00    0.31556E+01
    0.11188E+00    0.31009E+01
    0.11414E+00    0.30485E+01
    0.11644E+00    0.29960E+01
    0.11880E+00    0.29410E+01
    0.12120E+00    0.28814E+01
    0.12365E+00    0.28155E+01
    0.12614E+00    0.27423E+01
    0.12869E+00    0.26612E+01
    0.13129E+00    0.25726E+01
    0.13394E+00    0.24774E+01
    0.13665E+00    0.23776E+01
    0.13941E+00    0.22754E+01
    0.14223E+00    0.21736E+01
    0.14510E+00    0.20748E+01
    0.14803E+00    0.19818E+01
    0.15102E+00    0.18964E+01
    0.15407E+00    0.18204E+01
    0.15718E+00    0.17545E+01
    0.16036E+00    0.16986E+01
    0.16360E+00    0.16516E+01
    0.16690E+00    0.16120E+01
    0.17028E+00    0.15774E+01
    0.17371E+00    0.15451E+01
    0.17722E+00    0.15124E+01
    0.18080E+00    0.14767E+01
    0.18446E+00    0.14362E+01
    0.18818E+00    0.13901E+01
    0.19198E+00    0.13384E+01
    0.19586E+00    0.12826E+01
    0.19982E+00    0.12246E+01
    0.20386E+00    0.11671E+01
    0.20797E+00    0.11126E+01
    0.21218E+00    0.10632E+01
    0.21646E+00    0.10202E+01
    0.22083E+00    0.98391E+00
    0.22530E+00    0.95352E+00
    0.22985E+00    0.92741E+00
    0.23449E+00    0.90343E+00
    0.23923E+00    0.87928E+00
    0.24406E+00    0.85310E+00
    0.24899E+00    0.82387E+00
    0.25402E+00    0.79163E+00
    0.25915E+00    0.75741E+00
    0.26439E+00    0.72294E+00
    0.26973E+00    0.69011E+00
    0.27518E+00    0.66040E+00
    0.28074E+00    0.63453E+00
    0.28641E+00    0.61229E+00
    0.29219E+00    0.59263E+00
    0.29810E+00    0.57411E+00
    0.30412E+00    0.55526E+00
    0.31026E+00    0.53519E+00
    0.31653E+00    0.51379E+00
    0.32292E+00    0.49172E+00
    0.32945E+00    0.47009E+00
    0.33610E+00    0.44995E+00
    0.34289E+00    0.43187E+00
    0.34982E+00    0.41575E+00
    0.35689E+00    0.40095E+00
    0.36409E+00    0.38659E+00
    0.37145E+00    0.37199E+00
    0.37895E+00    0.35697E+00
    0.38661E+00    0.34186E+00
    0.39442E+00    0.32725E+00
    0.40239E+00    0.31365E+00
    0.41052E+00    0.30118E+00
    0.41881E+00    0.28958E+00
    0.42727E+00    0.27842E+00
    0.43590E+00    0.26734E+00
    0.44471E+00    0.25628E+00
    0.45369E+00    0.24545E+00
    0.46286E+00    0.23515E+00
    0.47221E+00    0.22549E+00
    0.48174E+00    0.21640E+00
    0.49148E+00    0.20766E+00
    0.50141E+00    0.19911E+00
    0.51153E+00    0.19075E+00
    0.52187E+00    0.18269E+00
    0.53241E+00    0.17503E+00
    0.54317E+00    0.16776E+00
    0.55414E+00    0.16079E+00
    0.56533E+00    0.15405E+00
    0.57675E+00    0.14752E+00
    0.58840E+00    0.14125E+00
    0.60029E+00    0.13524E+00
    0.61242E+00    0.12949E+00
    0.62479E+00    0.12397E+00
    0.63741E+00    0.11868E+00
    0.65029E+00    0.11361E+00
    0.66342E+00    0.10875E+00
    0.67683E+00    0.10409E+00
    0.69050E+00    0.99616E-01
    0.70445E+00    0.95324E-01
    0.71868E+00    0.91206E-01
    0.73320E+00    0.87255E-01
    0.74801E+00    0.83466E-01
    0.76312E+00    0.79832E-01
    0.77854E+00    0.76348E-01
    0.79426E+00    0.73008E-01
    0.81031E+00    0.69807E-01
    0.82668E+00    0.66740E-01
    0.84338E+00    0.63802E-01
    0.86041E+00    0.60988E-01
    0.87780E+00    0.58293E-01
    0.89553E+00    0.55712E-01
    0.91362E+00    0.53241E-01
    0.93208E+00    0.50875E-01
    0.95091E+00    0.48610E-01
    0.97011E+00    0.46442E-01
    0.98971E+00    0.44368E-01
    0.10097E+01    0.42382E-01
    0.10301E+01    0.40482E-01
    0.10509E+01    0.38663E-01
    0.10721E+01    0.36924E-01
    0.10938E+01    0.35260E-01
    0.11159E+01    0.33668E-01
    0.11384E+01    0.32145E-01
    0.11614E+01    0.30689E-01
    0.11849E+01    0.29296E-01
    0.12088E+01    0.27964E-01
    0.12333E+01    0.26691E-01
    0.12582E+01    0.25473E-01
    0.12836E+01    0.24310E-01
    0.13095E+01    0.23197E-01
    0.13360E+01    0.22134E-01
    0.13630E+01    0.21118E-01
    0.13905E+01    0.20147E-01
    0.14186E+01    0.19219E-01
    0.14472E+01    0.18333E-01
    0.14765E+01    0.17486E-01
    0.15063E+01    0.16678E-01
    0.15367E+01    0.15905E-01
    0.15678E+01    0.15167E-01
    0.15994E+01    0.14463E-01
    0.16318E+01    0.13790E-01
    0.16647E+01    0.13148E-01
    0.16984E+01    0.12535E-01
    0.17327E+01    0.11950E-01
    0.17677E+01    0.11391E-01
    0.18034E+01    0.10857E-01
    0.18398E+01    0.10348E-01
    0.18770E+01    0.98624E-02
    0.19149E+01    0.93987E-02
    0.19536E+01    0.89561E-02
    0.19930E+01    0.85339E-02
    0.20333E+01    0.81310E-02
    0.20744E+01    0.77466E-02
    0.21163E+01    0.73799E-02
    0.21590E+01    0.70302E-02
    0.22026E+01    0.66966E-02
    0.22471E+01    0.63785E-02
    0.22925E+01    0.60751E-02
    0.23388E+01    0.57858E-02
    0.23861E+01    0.55100E-02
    0.24343E+01    0.52470E-02
    0.24835E+01    0.49964E-02
    0.25336E+01    0.47574E-02
    0.25848E+01    0.45296E-02
    0.26370E+01    0.43125E-02
    0.26903E+01    0.41056E-02
    0.27447E+01    0.39083E-02
    0.28001E+01    0.37204E-02
    0.28567E+01    0.35413E-02
    0.29144E+01    0.33706E-02
    0.29733E+01    0.32080E-02
    0.30333E+01    0.30531E-02
    0.30946E+01    0.29055E-02
    0.31571E+01    0.27649E-02
    0.32209E+01    0.26309E-02
    0.32860E+01    0.25033E-02
    0.33523E+01    0.23818E-02
    0.34201E+01    0.22661E-02
    0.34892E+01    0.21559E-02
    0.35596E+01    0.20509E-02
    0.36316E+01    0.19510E-02
    0.37049E+01    0.18558E-02
    0.37798E+01    0.17652E-02
    0.38561E+01    0.16790E-02
    0.39340E+01    0.15968E-02
    0.40135E+01    0.15187E-02
    0.40946E+01    0.14442E-02
    0.41773E+01    0.13734E-02
    0.42617E+01    0.13060E-02
    0.43478E+01    0.12418E-02
    0.44356E+01    0.11807E-02
    0.45252E+01    0.11226E-02
    0.46166E+01    0.10673E-02
    0.47099E+01    0.10147E-02
    0.48050E+01    0.96462E-03
    0.49021E+01    0.91698E-03
    0.50011E+01    0.87165E-03
    0.51021E+01    0.82852E-03
    0.52052E+01    0.78750E-03
    0.53104E+01    0.74847E-03
    0.54176E+01    0.71135E-03
    0.55271E+01    0.67604E-03
    0.56387E+01    0.64246E-03
    0.57526E+01    0.61052E-03
    0.58689E+01    0.58015E-03
    0.59874E+01    0.55126E-03
    0.61084E+01    0.52379E-03
    0.62318E+01    0.49767E-03
    0.63577E+01    0.47284E-03
    0.64861E+01    0.44922E-03
    0.66171E+01    0.42677E-03
    0.67508E+01    0.40543E-03
    0.68872E+01    0.38514E-03
    0.70263E+01    0.36585E-03
    0.71682E+01    0.34751E-03
    0.73130E+01    0.33008E-03
    0.74608E+01    0.31351E-03
    0.76115E+01    0.29776E-03
    0.77653E+01    0.28280E-03
    0.79221E+01    0.26857E-03
    0.80822E+01    0.25506E-03
    0.82454E+01    0.24221E-03
    0.84120E+01    0.23000E-03
    0.85819E+01    0.21840E-03
    0.87553E+01    0.20738E-03
    0.89322E+01    0.19691E-03
    0.91126E+01    0.18696E-03
    0.92967E+01    0.17750E-03
    0.94845E+01    0.16852E-03
    0.96761E+01    0.15999E-03
    0.98716E+01    0.15189E-03
    0.10071E+02    0.14419E-03
    0.10274E+02    0.13687E-03
    0.10482E+02    0.12992E-03
    0.10694E+02    0.12333E-03
    0.10910E+02    0.11706E-03
    0.11130E+02    0.11111E-03
    0.11355E+02    0.10545E-03
    0.11584E+02    0.10008E-03
    0.11818E+02    0.94985E-04
    0.12057E+02    0.90144E-04
    0.12301E+02    0.85546E-04
    0.12549E+02    0.81181E-04
    0.12803E+02    0.77036E-04
    0.13061E+02    0.73100E-04
    0.13325E+02    0.69364E-04
    0.13594E+02    0.65816E-04
    0.13869E+02    0.62448E-04
    0.14149E+02    0.59250E-04
    0.14435E+02    0.56215E-04
    0.14727E+02    0.53333E-04
    0.15024E+02    0.50598E-04
    0.15328E+02    0.48002E-04
    0.15637E+02    0.45537E-04
    0.15953E+02    0.43198E-04
    0.16275E+02    0.40978E-04
    0.16604E+02    0.38871E-04
    0.16940E+02    0.36871E-04
    0.17282E+02    0.34973E-04
    0.17631E+02    0.33172E-04
    0.17987E+02    0.31463E-04
    0.18351E+02    0.29840E-04
    0.18721E+02    0.28301E-04
    0.19099E+02    0.26841E-04
    0.19485E+02    0.25455E-04
    0.19879E+02    0.24140E-04
    0.20280E+02    0.22892E-04
    0.20690E+02    0.21709E-04
    0.21108E+02    0.20586E-04
    0.21535E+02    0.19520E-04
    0.21970E+02    0.18509E-04
    0.22413E+02    0.17550E-04
    0.22866E+02    0.16641E-04
    0.23328E+02    0.15778E-04
    0.23799E+02    0.14959E-04
    0.24280E+02    0.14183E-04
    0.24771E+02    0.13446E-04
    0.25271E+02    0.12748E-04
    0.25782E+02    0.12085E-04
    0.26302E+02    0.11457E-04
    0.26834E+02    0.10861E-04
    0.27376E+02    0.10296E-04
    0.27929E+02    0.97594E-05
    0.28493E+02    0.92510E-05
    0.29069E+02    0.87689E-05
    0.29656E+02    0.83117E-05
    0.30255E+02    0.78781E-05
    0.30866E+02    0.74670E-05
    0.31490E+02    0.70772E-05
    0.32126E+02    0.67075E-05
    0.32775E+02    0.63570E-05
    0.33437E+02    0.60247E-05
    0.34112E+02    0.57096E-05
    0.34801E+02    0.54109E-05
    0.35504E+02    0.51277E-05
    0.36222E+02    0.48592E-05
    0.36953E+02    0.46046E-05
    0.37700E+02    0.43633E-05
    0.38462E+02    0.41345E-05
    0.39239E+02    0.39177E-05
    0.40031E+02    0.37121E-05
    0.40840E+02    0.35172E-05
    0.41665E+02    0.33325E-05
    0.42507E+02    0.31574E-05
    0.43365E+02    0.29914E-05
    0.44241E+02    0.28341E-05
    0.45135E+02    0.26850E-05
    0.46047E+02    0.25437E-05
    0.46977E+02    0.24098E-05
    0.47926E+02    0.22829E-05
    0.48894E+02    0.21626E-05
    0.49882E+02    0.20486E-05
    0.50890E+02    0.19405E-05
    0.51918E+02    0.18382E-05
    0.52966E+02    0.17411E-05
    0.54036E+02    0.16492E-05
    0.55128E+02    0.15621E-05
    0.56242E+02    0.14795E-05
    0.57378E+02    0.14013E-05
    0.58537E+02    0.13272E-05
    0.59720E+02    0.12570E-05
    0.60926E+02    0.11904E-05
    0.62157E+02    0.11274E-05
    0.63412E+02    0.10677E-05
    0.64693E+02    0.10111E-05
    0.66000E+02    0.95747E-06
    0.67334E+02    0.90668E-06
    0.68694E+02    0.85856E-06
    0.70082E+02    0.81298E-06
    0.71497E+02    0.76980E-06
    0.72942E+02    0.72889E-06
    0.74415E+02    0.69014E-06
    0.75918E+02    0.65344E-06
    0.77452E+02    0.61867E-06
    0.79017E+02    0.58574E-06
    0.80613E+02    0.55454E-06
    0.82241E+02    0.52499E-06
    0.83903E+02    0.49701E-06
    0.85598E+02    0.47050E-06
    0.87327E+02    0.44540E-06
    0.89091E+02    0.42162E-06
    0.90891E+02    0.39911E-06
    0.92727E+02    0.37778E-06
    0.94600E+02    0.35758E-06
    0.96511E+02    0.33846E-06
    0.98461E+02    0.32035E-06
    0.10045E+03    0.30320E-06
    0.10248E+03    0.28695E-06
    0.10455E+03    0.27158E-06
    0.10666E+03    0.25701E-06
    0.10882E+03    0.24322E-06
    0.11101E+03    0.23017E-06
    0.11326E+03    0.21781E-06
    0.11554E+03    0.20610E-06
    0.11788E+03    0.19502E-06
    0.12026E+03    0.18453E-06
    0.12269E+03    0.17459E-06
    0.12517E+03    0.16519E-06
    0.12770E+03    0.15628E-06
    0.13028E+03    0.14785E-06
    0.13291E+03    0.13987E-06
    0.13559E+03    0.13232E-06
    0.13833E+03    0.12517E-06
    0.14113E+03    0.11840E-06
    0.14398E+03    0.11199E-06
    0.14689E+03    0.10593E-06
    0.14985E+03    0.10019E-06
    0.15288E+03    0.94753E-07
    0.15597E+03    0.89612E-07
    0.15912E+03    0.84746E-07
    0.16233E+03    0.80141E-07
    0.16561E+03    0.75783E-07
    0.16896E+03    0.71659E-07
    0.17237E+03    0.67755E-07
    0.17585E+03    0.64060E-07
    0.17941E+03    0.60564E-07
    0.18303E+03    0.57254E-07
    0.18673E+03    0.54122E-07
    0.19050E+03    0.51158E-07
    0.19435E+03    0.48352E-07
    0.19828E+03    0.45697E-07
    0.20228E+03    0.43186E-07
    0.20637E+03    0.40810E-07
    0.21054E+03    0.38563E-07
    0.21479E+03    0.36438E-07
    0.21913E+03    0.34430E-07
    0.22356E+03    0.32531E-07
    0.22807E+03    0.30736E-07
    0.23268E+03    0.29041E-07
