#           k/h    P           
    0.10000E-03    0.25110E+00
    0.10202E-03    0.25606E+00
    0.10408E-03    0.26112E+00
    0.10618E-03    0.26629E+00
    0.10833E-03    0.27155E+00
    0.11052E-03    0.27692E+00
    0.11275E-03    0.28239E+00
    0.11503E-03    0.28797E+00
    0.11735E-03    0.29367E+00
    0.11972E-03    0.29947E+00
    0.12214E-03    0.30539E+00
    0.12461E-03    0.31143E+00
    0.12712E-03    0.31759E+00
    0.12969E-03    0.32386E+00
    0.13231E-03    0.33026E+00
    0.13499E-03    0.33679E+00
    0.13771E-03    0.34345E+00
    0.14049E-03    0.35024E+00
    0.14333E-03    0.35716E+00
    0.14623E-03    0.36422E+00
    0.14918E-03    0.37142E+00
    0.15220E-03    0.37876E+00
    0.15527E-03    0.38625E+00
    0.15841E-03    0.39388E+00
    0.16161E-03    0.40167E+00
    0.16487E-03    0.40960E+00
    0.16820E-03    0.41770E+00
    0.17160E-03    0.42595E+00
    0.17507E-03    0.43437E+00
    0.17860E-03    0.44296E+00
    0.18221E-03    0.45171E+00
    0.18589E-03    0.46064E+00
    0.18965E-03    0.46974E+00
    0.19348E-03    0.47902E+00
    0.19739E-03    0.48849E+00
    0.20138E-03    0.49814E+00
    0.20544E-03    0.50798E+00
    0.20959E-03    0.51802E+00
    0.21383E-03    0.52825E+00
    0.21815E-03    0.53869E+00
    0.22255E-03    0.54933E+00
    0.22705E-03    0.56018E+00
    0.23164E-03    0.57125E+00
    0.23632E-03    0.58253E+00
    0.24109E-03    0.59404E+00
    0.24596E-03    0.60577E+00
    0.25093E-03    0.61774E+00
    0.25600E-03    0.62994E+00
    0.26117E-03    0.64238E+00
    0.26645E-03    0.65507E+00
    0.27183E-03    0.66800E+00
    0.27732E-03    0.68119E+00
    0.28292E-03    0.69465E+00
    0.28864E-03    0.70836E+00
    0.29447E-03    0.72235E+00
    0.30042E-03    0.73661E+00
    0.30649E-03    0.75115E+00
    0.31268E-03    0.76598E+00
    0.31899E-03    0.78109E+00
    0.32544E-03    0.79651E+00
    0.33201E-03    0.81223E+00
    0.33872E-03    0.82826E+00
    0.34556E-03    0.84460E+00
    0.35254E-03    0.86127E+00
    0.35966E-03    0.87826E+00
    0.36693E-03    0.89558E+00
    0.37434E-03    0.91325E+00
    0.38190E-03    0.93126E+00
    0.38962E-03    0.94963E+00
    0.39749E-03    0.96835E+00
    0.40552E-03    0.98744E+00
    0.41371E-03    0.10069E+01
    0.42207E-03    0.10268E+01
    0.43060E-03    0.10470E+01
    0.43929E-03    0.10676E+01
    0.44817E-03    0.10887E+01
    0.45722E-03    0.11101E+01
    0.46646E-03    0.11320E+01
    0.47588E-03    0.11543E+01
    0.48550E-03    0.11770E+01
    0.49530E-03    0.12002E+01
    0.50531E-03    0.12238E+01
    0.51552E-03    0.12479E+01
    0.52593E-03    0.12725E+01
    0.53656E-03    0.12975E+01
    0.54739E-03    0.13230E+01
    0.55845E-03    0.13490E+01
    0.56973E-03    0.13756E+01
    0.58124E-03    0.14026E+01
    0.59299E-03    0.14302E+01
    0.60496E-03    0.14583E+01
    0.61719E-03    0.14869E+01
    0.62965E-03    0.15161E+01
    0.64237E-03    0.15459E+01
    0.65535E-03    0.15762E+01
    0.66859E-03    0.16071E+01
    0.68210E-03    0.16387E+01
    0.69588E-03    0.16708E+01
    0.70993E-03    0.17036E+01
    0.72427E-03    0.17369E+01
    0.73891E-03    0.17710E+01
    0.75383E-03    0.18056E+01
    0.76906E-03    0.18410E+01
    0.78460E-03    0.18770E+01
    0.80045E-03    0.19137E+01
    0.81662E-03    0.19511E+01
    0.83311E-03    0.19892E+01
    0.84994E-03    0.20281E+01
    0.86711E-03    0.20676E+01
    0.88463E-03    0.21080E+01
    0.90250E-03    0.21491E+01
    0.92073E-03    0.21910E+01
    0.93933E-03    0.22336E+01
    0.95831E-03    0.22771E+01
    0.97767E-03    0.23214E+01
    0.99742E-03    0.23665E+01
    0.10176E-02    0.24125E+01
    0.10381E-02    0.24593E+01
    0.10591E-02    0.25070E+01
    0.10805E-02    0.25556E+01
    0.11023E-02    0.26051E+01
    0.11246E-02    0.26555E+01
    0.11473E-02    0.27068E+01
    0.11705E-02    0.27591E+01
    0.11941E-02    0.28123E+01
    0.12182E-02    0.28665E+01
    0.12429E-02    0.29217E+01
    0.12680E-02    0.29779E+01
    0.12936E-02    0.30351E+01
    0.13197E-02    0.30934E+01
    0.13464E-02    0.31526E+01
    0.13736E-02    0.32130E+01
    0.14013E-02    0.32744E+01
    0.14296E-02    0.33369E+01
    0.14585E-02    0.34005E+01
    0.14880E-02    0.34653E+01
    0.15180E-02    0.35311E+01
    0.15487E-02    0.35981E+01
    0.15800E-02    0.36663E+01
    0.16119E-02    0.37356E+01
    0.16445E-02    0.38061E+01
    0.16777E-02    0.38779E+01
    0.17116E-02    0.39508E+01
    0.17462E-02    0.40249E+01
    0.17814E-02    0.41003E+01
    0.18174E-02    0.41769E+01
    0.18541E-02    0.42548E+01
    0.18916E-02    0.43339E+01
    0.19298E-02    0.44143E+01
    0.19688E-02    0.44960E+01
    0.20086E-02    0.45790E+01
    0.20491E-02    0.46633E+01
    0.20905E-02    0.47489E+01
    0.21328E-02    0.48358E+01
    0.21758E-02    0.49240E+01
    0.22198E-02    0.50135E+01
    0.22646E-02    0.51043E+01
    0.23104E-02    0.51965E+01
    0.23571E-02    0.52900E+01
    0.24047E-02    0.53848E+01
    0.24533E-02    0.54809E+01
    0.25028E-02    0.55783E+01
    0.25534E-02    0.56771E+01
    0.26050E-02    0.57771E+01
    0.26576E-02    0.58785E+01
    0.27113E-02    0.59811E+01
    0.27660E-02    0.60850E+01
    0.28219E-02    0.61901E+01
    0.28789E-02    0.62965E+01
    0.29371E-02    0.64041E+01
    0.29964E-02    0.65129E+01
    0.30569E-02    0.66229E+01
    0.31187E-02    0.67341E+01
    0.31817E-02    0.68464E+01
    0.32460E-02    0.69597E+01
    0.33115E-02    0.70742E+01
    0.33784E-02    0.71896E+01
    0.34467E-02    0.73061E+01
    0.35163E-02    0.74235E+01
    0.35874E-02    0.75418E+01
    0.36598E-02    0.76609E+01
    0.37338E-02    0.77809E+01
    0.38092E-02    0.79016E+01
    0.38861E-02    0.80230E+01
    0.39646E-02    0.81450E+01
    0.40447E-02    0.82676E+01
    0.41264E-02    0.83907E+01
    0.42098E-02    0.85142E+01
    0.42948E-02    0.86381E+01
    0.43816E-02    0.87622E+01
    0.44701E-02    0.88865E+01
    0.45604E-02    0.90110E+01
    0.46525E-02    0.91354E+01
    0.47465E-02    0.92597E+01
    0.48424E-02    0.93839E+01
    0.49402E-02    0.95077E+01
    0.50400E-02    0.96312E+01
    0.51419E-02    0.97541E+01
    0.52457E-02    0.98764E+01
    0.53517E-02    0.99980E+01
    0.54598E-02    0.10119E+02
    0.55701E-02    0.10238E+02
    0.56826E-02    0.10357E+02
    0.57974E-02    0.10474E+02
    0.59145E-02    0.10590E+02
    0.60340E-02    0.10704E+02
    0.61559E-02    0.10817E+02
    0.62803E-02    0.10928E+02
    0.64072E-02    0.11037E+02
    0.65366E-02    0.11143E+02
    0.66686E-02    0.11247E+02
    0.68033E-02    0.11349E+02
    0.69408E-02    0.11448E+02
    0.70810E-02    0.11544E+02
    0.72240E-02    0.11638E+02
    0.73700E-02    0.11728E+02
    0.75189E-02    0.11814E+02
    0.76708E-02    0.11897E+02
    0.78257E-02    0.11977E+02
    0.79838E-02    0.12052E+02
    0.81451E-02    0.12123E+02
    0.83096E-02    0.12190E+02
    0.84775E-02    0.12253E+02
    0.86488E-02    0.12311E+02
    0.88235E-02    0.12364E+02
    0.90017E-02    0.12412E+02
    0.91836E-02    0.12455E+02
    0.93691E-02    0.12492E+02
    0.95583E-02    0.12524E+02
    0.97514E-02    0.12550E+02
    0.99484E-02    0.12571E+02
    0.10149E-01    0.12585E+02
    0.10354E-01    0.12594E+02
    0.10564E-01    0.12596E+02
    0.10777E-01    0.12591E+02
    0.10995E-01    0.12581E+02
    0.11217E-01    0.12563E+02
    0.11443E-01    0.12539E+02
    0.11675E-01    0.12509E+02
    0.11910E-01    0.12471E+02
    0.12151E-01    0.12427E+02
    0.12397E-01    0.12376E+02
    0.12647E-01    0.12318E+02
    0.12902E-01    0.12254E+02
    0.13163E-01    0.12182E+02
    0.13429E-01    0.12104E+02
    0.13700E-01    0.12019E+02
    0.13977E-01    0.11927E+02
    0.14259E-01    0.11829E+02
    0.14547E-01    0.11725E+02
    0.14841E-01    0.11613E+02
    0.15141E-01    0.11496E+02
    0.15447E-01    0.11373E+02
    0.15759E-01    0.11243E+02
    0.16077E-01    0.11108E+02
    0.16402E-01    0.10967E+02
    0.16734E-01    0.10820E+02
    0.17072E-01    0.10668E+02
    0.17416E-01    0.10511E+02
    0.17768E-01    0.10349E+02
    0.18127E-01    0.10183E+02
    0.18493E-01    0.10012E+02
    0.18867E-01    0.98364E+01
    0.19248E-01    0.96572E+01
    0.19637E-01    0.94741E+01
    0.20034E-01    0.92876E+01
    0.20438E-01    0.90979E+01
    0.20851E-01    0.89052E+01
    0.21272E-01    0.87098E+01
    0.21702E-01    0.85120E+01
    0.22141E-01    0.83121E+01
    0.22588E-01    0.81104E+01
    0.23044E-01    0.79072E+01
    0.23510E-01    0.77029E+01
    0.23985E-01    0.74977E+01
    0.24469E-01    0.72920E+01
    0.24964E-01    0.70862E+01
    0.25468E-01    0.68805E+01
    0.25982E-01    0.66754E+01
    0.26507E-01    0.64711E+01
    0.27043E-01    0.62680E+01
    0.27589E-01    0.60664E+01
    0.28146E-01    0.58667E+01
    0.28715E-01    0.56692E+01
    0.29295E-01    0.54742E+01
    0.29887E-01    0.52818E+01
    0.30490E-01    0.50926E+01
    0.31106E-01    0.49065E+01
    0.31735E-01    0.47240E+01
    0.32376E-01    0.45452E+01
    0.33030E-01    0.43702E+01
    0.33697E-01    0.41993E+01
    0.34378E-01    0.40327E+01
    0.35072E-01    0.38704E+01
    0.35781E-01    0.37126E+01
    0.36504E-01    0.35596E+01
    0.37241E-01    0.34113E+01
    0.37993E-01    0.32679E+01
    0.38761E-01    0.31296E+01
    0.39544E-01    0.29964E+01
    0.40343E-01    0.28685E+01
    0.41158E-01    0.27459E+01
    0.41989E-01    0.26287E+01
    0.42838E-01    0.25167E+01
    0.43703E-01    0.24099E+01
    0.44586E-01    0.23082E+01
    0.45486E-01    0.22115E+01
    0.46405E-01    0.21193E+01
    0.47343E-01    0.20316E+01
    0.48299E-01    0.19480E+01
    0.49275E-01    0.18681E+01
    0.50270E-01    0.17916E+01
    0.51286E-01    0.17183E+01
    0.52322E-01    0.16479E+01
    0.53379E-01    0.15801E+01
    0.54457E-01    0.15148E+01
    0.55557E-01    0.14517E+01
    0.56680E-01    0.13908E+01
    0.57825E-01    0.13318E+01
    0.58993E-01    0.12747E+01
    0.60184E-01    0.12192E+01
    0.61400E-01    0.11652E+01
    0.62641E-01    0.11125E+01
    0.63906E-01    0.10610E+01
    0.65197E-01    0.10105E+01
    0.66514E-01    0.96102E+00
    0.67858E-01    0.91244E+00
    0.69229E-01    0.86478E+00
    0.70627E-01    0.81805E+00
    0.72054E-01    0.77232E+00
    0.73510E-01    0.72765E+00
    0.74994E-01    0.68404E+00
    0.76509E-01    0.64171E+00
    0.78055E-01    0.60069E+00
    0.79632E-01    0.56112E+00
    0.81241E-01    0.52313E+00
    0.82882E-01    0.48692E+00
    0.84556E-01    0.45262E+00
    0.86264E-01    0.42037E+00
    0.88007E-01    0.39024E+00
    0.89785E-01    0.36221E+00
    0.91598E-01    0.33625E+00
    0.93449E-01    0.31233E+00
    0.95337E-01    0.29041E+00
    0.97263E-01    0.27046E+00
    0.99227E-01    0.25243E+00
    0.10123E+00    0.23623E+00
    0.10328E+00    0.22165E+00
    0.10536E+00    0.20845E+00
    0.10749E+00    0.19635E+00
    0.10966E+00    0.18510E+00
    0.11188E+00    0.17454E+00
    0.11414E+00    0.16456E+00
    0.11644E+00    0.15506E+00
    0.11880E+00    0.14597E+00
    0.12120E+00    0.13716E+00
    0.12365E+00    0.12853E+00
    0.12614E+00    0.12002E+00
    0.12869E+00    0.11162E+00
    0.13129E+00    0.10334E+00
    0.13394E+00    0.95256E-01
    0.13665E+00    0.87437E-01
    0.13941E+00    0.80002E-01
    0.14223E+00    0.73066E-01
    0.14510E+00    0.66695E-01
    0.14803E+00    0.60897E-01
    0.15102E+00    0.55651E-01
    0.15407E+00    0.50955E-01
    0.15718E+00    0.46822E-01
    0.16036E+00    0.43238E-01
    0.16360E+00    0.40119E-01
    0.16690E+00    0.37347E-01
    0.17028E+00    0.34820E-01
    0.17371E+00    0.32468E-01
    0.17722E+00    0.30245E-01
    0.18080E+00    0.28111E-01
    0.18446E+00    0.26042E-01
    0.18818E+00    0.24014E-01
    0.19198E+00    0.22010E-01
    0.19586E+00    0.20049E-01
    0.19982E+00    0.18189E-01
    0.20386E+00    0.16475E-01
    0.20797E+00    0.14920E-01
    0.21218E+00    0.13528E-01
    0.21646E+00    0.12312E-01
    0.22083E+00    0.11268E-01
    0.22530E+00    0.10365E-01
    0.22985E+00    0.95604E-02
    0.23449E+00    0.88216E-02
    0.23923E+00    0.81300E-02
    0.24406E+00    0.74777E-02
    0.24899E+00    0.68474E-02
    0.25402E+00    0.62307E-02
    0.25915E+00    0.56433E-02
    0.26439E+00    0.50981E-02
    0.26973E+00    0.46012E-02
    0.27518E+00    0.41607E-02
    0.28074E+00    0.37794E-02
    0.28641E+00    0.34488E-02
    0.29219E+00    0.31520E-02
    0.29810E+00    0.28814E-02
    0.30412E+00    0.26327E-02
    0.31026E+00    0.23964E-02
    0.31653E+00    0.21718E-02
    0.32292E+00    0.19612E-02
    0.32945E+00    0.17674E-02
    0.33610E+00    0.15941E-02
    0.34289E+00    0.14433E-02
    0.34982E+00    0.13090E-02
    0.35689E+00    0.11883E-02
    0.36409E+00    0.10793E-02
    0.37145E+00    0.97812E-03
    0.37895E+00    0.88397E-03
    0.38661E+00    0.79653E-03
    0.39442E+00    0.71680E-03
    0.40239E+00    0.64665E-03
    0.41052E+00    0.58356E-03
    0.41881E+00    0.52729E-03
    0.42727E+00    0.47649E-03
    0.43590E+00    0.43003E-03
    0.44471E+00    0.38724E-03
    0.45369E+00    0.34810E-03
    0.46286E+00    0.31327E-03
    0.47221E+00    0.28183E-03
    0.48174E+00    0.25378E-03
    0.49148E+00    0.22846E-03
    0.50141E+00    0.20554E-03
    0.51153E+00    0.18456E-03
    0.52187E+00    0.16580E-03
    0.53241E+00    0.14880E-03
    0.54317E+00    0.13362E-03
    0.55414E+00    0.12004E-03
    0.56533E+00    0.10765E-03
    0.57675E+00    0.96577E-04
    0.58840E+00    0.86549E-04
    0.60029E+00    0.77545E-04
    0.61242E+00    0.69466E-04
    0.62479E+00    0.62218E-04
    0.63741E+00    0.55714E-04
    0.65029E+00    0.49879E-04
    0.66342E+00    0.44643E-04
    0.67683E+00    0.39946E-04
    0.69050E+00    0.35732E-04
    0.70445E+00    0.31953E-04
    0.71868E+00    0.28563E-04
    0.73320E+00    0.25524E-04
    0.74801E+00    0.22801E-04
    0.76312E+00    0.20361E-04
    0.77854E+00    0.18177E-04
    0.79426E+00    0.16222E-04
    0.81031E+00    0.14473E-04
    0.82668E+00    0.12909E-04
    0.84338E+00    0.11511E-04
    0.86041E+00    0.10261E-04
    0.87780E+00    0.91449E-05
    0.89553E+00    0.81480E-05
    0.91362E+00    0.72580E-05
    0.93208E+00    0.64636E-05
    0.95091E+00    0.57546E-05
    0.97011E+00    0.51222E-05
    0.98971E+00    0.45581E-05
    0.10097E+01    0.40552E-05
    0.10301E+01    0.36068E-05
    0.10509E+01    0.32073E-05
    0.10721E+01    0.28513E-05
    0.10938E+01    0.25342E-05
    0.11159E+01    0.22518E-05
    0.11384E+01    0.20004E-05
    0.11614E+01    0.17767E-05
    0.11849E+01    0.15776E-05
    0.12088E+01    0.14005E-05
    0.12333E+01    0.12430E-05
    0.12582E+01    0.11030E-05
    0.12836E+01    0.97855E-06
    0.13095E+01    0.86794E-06
    0.13360E+01    0.76967E-06
    0.13630E+01    0.68239E-06
    0.13905E+01    0.60488E-06
    0.14186E+01    0.53606E-06
    0.14472E+01    0.47498E-06
    0.14765E+01    0.42078E-06
    0.15063E+01    0.37269E-06
    0.15367E+01    0.33003E-06
    0.15678E+01    0.29220E-06
    0.15994E+01    0.25866E-06
    0.16318E+01    0.22893E-06
    0.16647E+01    0.20258E-06
    0.16984E+01    0.17923E-06
    0.17327E+01    0.15854E-06
    0.17677E+01    0.14022E-06
    0.18034E+01    0.12399E-06
    0.18398E+01    0.10962E-06
    0.18770E+01    0.96894E-07
    0.19149E+01    0.85633E-07
    0.19536E+01    0.75666E-07
    0.19930E+01    0.66848E-07
    0.20333E+01    0.59048E-07
    0.20744E+01    0.52149E-07
    0.21163E+01    0.46048E-07
    0.21590E+01    0.40655E-07
    0.22026E+01    0.35888E-07
    0.22471E+01    0.31675E-07
    0.22925E+01    0.27953E-07
    0.23388E+01    0.24665E-07
    0.23861E+01    0.21760E-07
    0.24343E+01    0.19195E-07
    0.24835E+01    0.16930E-07
    0.25336E+01    0.14931E-07
    0.25848E+01    0.13166E-07
    0.26370E+01    0.11608E-07
    0.26903E+01    0.10233E-07
    0.27447E+01    0.90193E-08
    0.28001E+01    0.79488E-08
    0.28567E+01    0.70044E-08
    0.29144E+01    0.61714E-08
    0.29733E+01    0.54367E-08
    0.30333E+01    0.47889E-08
    0.30946E+01    0.42178E-08
    0.31571E+01    0.37143E-08
    0.32209E+01    0.32706E-08
    0.32860E+01    0.28795E-08
    0.33523E+01    0.25349E-08
    0.34201E+01    0.22313E-08
    0.34892E+01    0.19639E-08
    0.35596E+01    0.17283E-08
    0.36316E+01    0.15209E-08
    0.37049E+01    0.13382E-08
    0.37798E+01    0.11773E-08
    0.38561E+01    0.10357E-08
    0.39340E+01    0.91099E-09
    0.40135E+01    0.80123E-09
    0.40946E+01    0.70463E-09
    0.41773E+01    0.61961E-09
    0.42617E+01    0.54480E-09
    0.43478E+01    0.47897E-09
    0.44356E+01    0.42106E-09
    0.45252E+01    0.37011E-09
    0.46166E+01    0.32529E-09
    0.47099E+01    0.28588E-09
    0.48050E+01    0.25122E-09
    0.49021E+01    0.22074E-09
    0.50011E+01    0.19394E-09
    0.51021E+01    0.17038E-09
    0.52052E+01    0.14967E-09
    0.53104E+01    0.13147E-09
    0.54176E+01    0.11547E-09
    0.55271E+01    0.10141E-09
    0.56387E+01    0.89061E-10
    0.57526E+01    0.78206E-10
    0.58689E+01    0.68670E-10
    0.59874E+01    0.60293E-10
    0.61084E+01    0.52934E-10
    0.62318E+01    0.46470E-10
    0.63577E+01    0.40793E-10
    0.64861E+01    0.35807E-10
    0.66171E+01    0.31429E-10
    0.67508E+01    0.27584E-10
    0.68872E+01    0.24208E-10
    0.70263E+01    0.21244E-10
    0.71682E+01    0.18642E-10
    0.73130E+01    0.16357E-10
    0.74608E+01    0.14351E-10
    0.76115E+01    0.12590E-10
    0.77653E+01    0.11044E-10
    0.79221E+01    0.96875E-11
    0.80822E+01    0.84968E-11
    0.82454E+01    0.74520E-11
    0.84120E+01    0.65353E-11
    0.85819E+01    0.57310E-11
    0.87553E+01    0.50255E-11
    0.89322E+01    0.44067E-11
    0.91126E+01    0.38639E-11
    0.92967E+01    0.33880E-11
    0.94845E+01    0.29706E-11
    0.96761E+01    0.26047E-11
    0.98716E+01    0.22838E-11
    0.10071E+02    0.20024E-11
    0.10274E+02    0.17556E-11
    0.10482E+02    0.15391E-11
    0.10694E+02    0.13493E-11
    0.10910E+02    0.11829E-11
    0.11130E+02    0.10369E-11
    0.11355E+02    0.90880E-12
    0.11584E+02    0.79649E-12
    0.11818E+02    0.69799E-12
    0.12057E+02    0.61162E-12
    0.12301E+02    0.53590E-12
    0.12549E+02    0.46951E-12
    0.12803E+02    0.41133E-12
    0.13061E+02    0.36034E-12
    0.13325E+02    0.31567E-12
    0.13594E+02    0.27652E-12
    0.13869E+02    0.24223E-12
    0.14149E+02    0.21219E-12
    0.14435E+02    0.18588E-12
    0.14727E+02    0.16283E-12
    0.15024E+02    0.14264E-12
    0.15328E+02    0.12496E-12
    0.15637E+02    0.10946E-12
    0.15953E+02    0.95880E-13
    0.16275E+02    0.83981E-13
    0.16604E+02    0.73555E-13
    0.16940E+02    0.64419E-13
    0.17282E+02    0.56413E-13
    0.17631E+02    0.49397E-13
    0.17987E+02    0.43250E-13
    0.18351E+02    0.37865E-13
    0.18721E+02    0.33149E-13
    0.19099E+02    0.29019E-13
    0.19485E+02    0.25403E-13
    0.19879E+02    0.22237E-13
    0.20280E+02    0.19465E-13
    0.20690E+02    0.17039E-13
    0.21108E+02    0.14916E-13
    0.21535E+02    0.13058E-13
    0.21970E+02    0.11432E-13
    0.22413E+02    0.10008E-13
    0.22866E+02    0.87618E-14
    0.23328E+02    0.76706E-14
    0.23799E+02    0.67150E-14
    0.24280E+02    0.58782E-14
    0.24771E+02    0.51454E-14
    0.25271E+02    0.45036E-14
    0.25782E+02    0.39415E-14
    0.26302E+02    0.34492E-14
    0.26834E+02    0.30181E-14
    0.27376E+02    0.26406E-14
    0.27929E+02    0.23103E-14
    0.28493E+02    0.20212E-14
    0.29069E+02    0.17682E-14
    0.29656E+02    0.15469E-14
    0.30255E+02    0.13533E-14
    0.30866E+02    0.11840E-14
    0.31490E+02    0.10360E-14
    0.32126E+02    0.90651E-15
    0.32775E+02    0.79327E-15
    0.33437E+02    0.69421E-15
    0.34112E+02    0.60753E-15
    0.34801E+02    0.53166E-15
    0.35504E+02    0.46526E-15
    0.36222E+02    0.40713E-15
    0.36953E+02    0.35623E-15
    0.37700E+02    0.31167E-15
    0.38462E+02    0.27264E-15
    0.39239E+02    0.23846E-15
    0.40031E+02    0.20854E-15
    0.40840E+02    0.18236E-15
    0.41665E+02    0.15944E-15
    0.42507E+02    0.13940E-15
    0.43365E+02    0.12188E-15
    0.44241E+02    0.10656E-15
    0.45135E+02    0.93164E-16
    0.46047E+02    0.81459E-16
    0.46977E+02    0.71231E-16
    0.47926E+02    0.62294E-16
    0.48894E+02    0.54483E-16
    0.49882E+02    0.47655E-16
    0.50890E+02    0.41685E-16
    0.51918E+02    0.36463E-16
    0.52966E+02    0.31894E-16
    0.54036E+02    0.27897E-16
    0.55128E+02    0.24399E-16
    0.56242E+02    0.21337E-16
    0.57378E+02    0.18657E-16
    0.58537E+02    0.16312E-16
    0.59720E+02    0.14259E-16
    0.60926E+02    0.12462E-16
    0.62157E+02    0.10892E-16
    0.63412E+02    0.95181E-17
    0.64693E+02    0.83175E-17
    0.66000E+02    0.72684E-17
    0.67334E+02    0.63517E-17
    0.68694E+02    0.55510E-17
    0.70082E+02    0.48515E-17
    0.71497E+02    0.42407E-17
    0.72942E+02    0.37071E-17
    0.74415E+02    0.32408E-17
    0.75918E+02    0.28333E-17
    0.77452E+02    0.24771E-17
    0.79017E+02    0.21656E-17
    0.80613E+02    0.18932E-17
    0.82241E+02    0.16549E-17
    0.83903E+02    0.14464E-17
    0.85598E+02    0.12641E-17
    0.87327E+02    0.11045E-17
    0.89091E+02    0.96498E-18
    0.90891E+02    0.84294E-18
    0.92727E+02    0.73626E-18
    0.94600E+02    0.64302E-18
    0.96511E+02    0.56155E-18
    0.98461E+02    0.49039E-18
    0.10045E+03    0.42823E-18
    0.10248E+03    0.37396E-18
    0.10455E+03    0.32657E-18
    0.10666E+03    0.28520E-18
    0.10882E+03    0.24909E-18
    0.11101E+03    0.21756E-18
    0.11326E+03    0.19002E-18
    0.11554E+03    0.16598E-18
    0.11788E+03    0.14499E-18
    0.12026E+03    0.12665E-18
    0.12269E+03    0.11063E-18
    0.12517E+03    0.96644E-19
    0.12770E+03    0.84424E-19
    0.13028E+03    0.73750E-19
    0.13291E+03    0.64426E-19
    0.13559E+03    0.56280E-19
    0.13833E+03    0.49163E-19
    0.14113E+03    0.42946E-19
    0.14398E+03    0.37514E-19
    0.14689E+03    0.32769E-19
    0.14985E+03    0.28623E-19
    0.15288E+03    0.25001E-19
    0.15597E+03    0.21837E-19
    0.15912E+03    0.19072E-19
    0.16233E+03    0.16656E-19
    0.16561E+03    0.14546E-19
    0.16896E+03    0.12702E-19
    0.17237E+03    0.11091E-19
    0.17585E+03    0.96829E-20
    0.17941E+03    0.84528E-20
    0.18303E+03    0.73781E-20
    0.18673E+03    0.64391E-20
    0.19050E+03    0.56187E-20
    0.19435E+03    0.49021E-20
    0.19828E+03    0.42762E-20
    0.20228E+03    0.37297E-20
    0.20637E+03    0.32526E-20
    0.21054E+03    0.28363E-20
    0.21479E+03    0.24730E-20
    0.21913E+03    0.21561E-20
    0.22356E+03    0.18797E-20
    0.22807E+03    0.16387E-20
    0.23268E+03    0.14286E-20
