#           k/h    P           
    0.10000E-03    0.25019E+00
    0.10202E-03    0.25514E+00
    0.10408E-03    0.26018E+00
    0.10618E-03    0.26533E+00
    0.10833E-03    0.27057E+00
    0.11052E-03    0.27592E+00
    0.11275E-03    0.28138E+00
    0.11503E-03    0.28694E+00
    0.11735E-03    0.29261E+00
    0.11972E-03    0.29839E+00
    0.12214E-03    0.30429E+00
    0.12461E-03    0.31031E+00
    0.12712E-03    0.31644E+00
    0.12969E-03    0.32270E+00
    0.13231E-03    0.32908E+00
    0.13499E-03    0.33558E+00
    0.13771E-03    0.34221E+00
    0.14049E-03    0.34898E+00
    0.14333E-03    0.35588E+00
    0.14623E-03    0.36291E+00
    0.14918E-03    0.37008E+00
    0.15220E-03    0.37740E+00
    0.15527E-03    0.38486E+00
    0.15841E-03    0.39246E+00
    0.16161E-03    0.40022E+00
    0.16487E-03    0.40813E+00
    0.16820E-03    0.41620E+00
    0.17160E-03    0.42442E+00
    0.17507E-03    0.43281E+00
    0.17860E-03    0.44136E+00
    0.18221E-03    0.45008E+00
    0.18589E-03    0.45898E+00
    0.18965E-03    0.46805E+00
    0.19348E-03    0.47730E+00
    0.19739E-03    0.48673E+00
    0.20138E-03    0.49634E+00
    0.20544E-03    0.50615E+00
    0.20959E-03    0.51615E+00
    0.21383E-03    0.52635E+00
    0.21815E-03    0.53675E+00
    0.22255E-03    0.54735E+00
    0.22705E-03    0.55817E+00
    0.23164E-03    0.56919E+00
    0.23632E-03    0.58044E+00
    0.24109E-03    0.59190E+00
    0.24596E-03    0.60359E+00
    0.25093E-03    0.61551E+00
    0.25600E-03    0.62767E+00
    0.26117E-03    0.64007E+00
    0.26645E-03    0.65271E+00
    0.27183E-03    0.66560E+00
    0.27732E-03    0.67874E+00
    0.28292E-03    0.69214E+00
    0.28864E-03    0.70581E+00
    0.29447E-03    0.71974E+00
    0.30042E-03    0.73395E+00
    0.30649E-03    0.74844E+00
    0.31268E-03    0.76322E+00
    0.31899E-03    0.77828E+00
    0.32544E-03    0.79364E+00
    0.33201E-03    0.80931E+00
    0.33872E-03    0.82528E+00
    0.34556E-03    0.84156E+00
    0.35254E-03    0.85816E+00
    0.35966E-03    0.87510E+00
    0.36693E-03    0.89236E+00
    0.37434E-03    0.90996E+00
    0.38190E-03    0.92791E+00
    0.38962E-03    0.94621E+00
    0.39749E-03    0.96487E+00
    0.40552E-03    0.98389E+00
    0.41371E-03    0.10033E+01
    0.42207E-03    0.10231E+01
    0.43060E-03    0.10432E+01
    0.43929E-03    0.10638E+01
    0.44817E-03    0.10847E+01
    0.45722E-03    0.11061E+01
    0.46646E-03    0.11279E+01
    0.47588E-03    0.11501E+01
    0.48550E-03    0.11728E+01
    0.49530E-03    0.11959E+01
    0.50531E-03    0.12194E+01
    0.51552E-03    0.12434E+01
    0.52593E-03    0.12679E+01
    0.53656E-03    0.12928E+01
    0.54739E-03    0.13183E+01
    0.55845E-03    0.13442E+01
    0.56973E-03    0.13706E+01
    0.58124E-03    0.13976E+01
    0.59299E-03    0.14250E+01
    0.60496E-03    0.14530E+01
    0.61719E-03    0.14816E+01
    0.62965E-03    0.15107E+01
    0.64237E-03    0.15403E+01
    0.65535E-03    0.15705E+01
    0.66859E-03    0.16014E+01
    0.68210E-03    0.16328E+01
    0.69588E-03    0.16648E+01
    0.70993E-03    0.16974E+01
    0.72427E-03    0.17307E+01
    0.73891E-03    0.17646E+01
    0.75383E-03    0.17991E+01
    0.76906E-03    0.18343E+01
    0.78460E-03    0.18702E+01
    0.80045E-03    0.19068E+01
    0.81662E-03    0.19441E+01
    0.83311E-03    0.19821E+01
    0.84994E-03    0.20208E+01
    0.86711E-03    0.20602E+01
    0.88463E-03    0.21004E+01
    0.90250E-03    0.21414E+01
    0.92073E-03    0.21831E+01
    0.93933E-03    0.22256E+01
    0.95831E-03    0.22689E+01
    0.97767E-03    0.23130E+01
    0.99742E-03    0.23580E+01
    0.10176E-02    0.24038E+01
    0.10381E-02    0.24505E+01
    0.10591E-02    0.24980E+01
    0.10805E-02    0.25464E+01
    0.11023E-02    0.25957E+01
    0.11246E-02    0.26459E+01
    0.11473E-02    0.26971E+01
    0.11705E-02    0.27491E+01
    0.11941E-02    0.28022E+01
    0.12182E-02    0.28562E+01
    0.12429E-02    0.29112E+01
    0.12680E-02    0.29672E+01
    0.12936E-02    0.30242E+01
    0.13197E-02    0.30822E+01
    0.13464E-02    0.31413E+01
    0.13736E-02    0.32014E+01
    0.14013E-02    0.32626E+01
    0.14296E-02    0.33249E+01
    0.14585E-02    0.33883E+01
    0.14880E-02    0.34528E+01
    0.15180E-02    0.35184E+01
    0.15487E-02    0.35852E+01
    0.15800E-02    0.36531E+01
    0.16119E-02    0.37222E+01
    0.16445E-02    0.37925E+01
    0.16777E-02    0.38639E+01
    0.17116E-02    0.39366E+01
    0.17462E-02    0.40105E+01
    0.17814E-02    0.40856E+01
    0.18174E-02    0.41619E+01
    0.18541E-02    0.42395E+01
    0.18916E-02    0.43184E+01
    0.19298E-02    0.43985E+01
    0.19688E-02    0.44799E+01
    0.20086E-02    0.45626E+01
    0.20491E-02    0.46466E+01
    0.20905E-02    0.47318E+01
    0.21328E-02    0.48184E+01
    0.21758E-02    0.49063E+01
    0.22198E-02    0.49955E+01
    0.22646E-02    0.50860E+01
    0.23104E-02    0.51779E+01
    0.23571E-02    0.52710E+01
    0.24047E-02    0.53655E+01
    0.24533E-02    0.54613E+01
    0.25028E-02    0.55584E+01
    0.25534E-02    0.56567E+01
    0.26050E-02    0.57564E+01
    0.26576E-02    0.58574E+01
    0.27113E-02    0.59597E+01
    0.27660E-02    0.60632E+01
    0.28219E-02    0.61680E+01
    0.28789E-02    0.62740E+01
    0.29371E-02    0.63812E+01
    0.29964E-02    0.64896E+01
    0.30569E-02    0.65992E+01
    0.31187E-02    0.67100E+01
    0.31817E-02    0.68218E+01
    0.32460E-02    0.69348E+01
    0.33115E-02    0.70488E+01
    0.33784E-02    0.71639E+01
    0.34467E-02    0.72799E+01
    0.35163E-02    0.73969E+01
    0.35874E-02    0.75147E+01
    0.36598E-02    0.76334E+01
    0.37338E-02    0.77530E+01
    0.38092E-02    0.78732E+01
    0.38861E-02    0.79942E+01
    0.39646E-02    0.81157E+01
    0.40447E-02    0.82379E+01
    0.41264E-02    0.83605E+01
    0.42098E-02    0.84836E+01
    0.42948E-02    0.86070E+01
    0.43816E-02    0.87306E+01
    0.44701E-02    0.88545E+01
    0.45604E-02    0.89784E+01
    0.46525E-02    0.91024E+01
    0.47465E-02    0.92262E+01
    0.48424E-02    0.93499E+01
    0.49402E-02    0.94732E+01
    0.50400E-02    0.95962E+01
    0.51419E-02    0.97186E+01
    0.52457E-02    0.98404E+01
    0.53517E-02    0.99615E+01
    0.54598E-02    0.10082E+02
    0.55701E-02    0.10201E+02
    0.56826E-02    0.10319E+02
    0.57974E-02    0.10436E+02
    0.59145E-02    0.10551E+02
    0.60340E-02    0.10665E+02
    0.61559E-02    0.10777E+02
    0.62803E-02    0.10887E+02
    0.64072E-02    0.10995E+02
    0.65366E-02    0.11101E+02
    0.66686E-02    0.11205E+02
    0.68033E-02    0.11306E+02
    0.69408E-02    0.11405E+02
    0.70810E-02    0.11501E+02
    0.72240E-02    0.11593E+02
    0.73700E-02    0.11683E+02
    0.75189E-02    0.11769E+02
    0.76708E-02    0.11851E+02
    0.78257E-02    0.11930E+02
    0.79838E-02    0.12005E+02
    0.81451E-02    0.12076E+02
    0.83096E-02    0.12142E+02
    0.84775E-02    0.12204E+02
    0.86488E-02    0.12262E+02
    0.88235E-02    0.12314E+02
    0.90017E-02    0.12361E+02
    0.91836E-02    0.12404E+02
    0.93691E-02    0.12441E+02
    0.95583E-02    0.12472E+02
    0.97514E-02    0.12498E+02
    0.99484E-02    0.12518E+02
    0.10149E-01    0.12532E+02
    0.10354E-01    0.12539E+02
    0.10564E-01    0.12541E+02
    0.10777E-01    0.12536E+02
    0.10995E-01    0.12525E+02
    0.11217E-01    0.12507E+02
    0.11443E-01    0.12483E+02
    0.11675E-01    0.12451E+02
    0.11910E-01    0.12414E+02
    0.12151E-01    0.12369E+02
    0.12397E-01    0.12318E+02
    0.12647E-01    0.12259E+02
    0.12902E-01    0.12194E+02
    0.13163E-01    0.12122E+02
    0.13429E-01    0.12044E+02
    0.13700E-01    0.11959E+02
    0.13977E-01    0.11867E+02
    0.14259E-01    0.11768E+02
    0.14547E-01    0.11663E+02
    0.14841E-01    0.11552E+02
    0.15141E-01    0.11434E+02
    0.15447E-01    0.11311E+02
    0.15759E-01    0.11181E+02
    0.16077E-01    0.11046E+02
    0.16402E-01    0.10904E+02
    0.16734E-01    0.10758E+02
    0.17072E-01    0.10606E+02
    0.17416E-01    0.10449E+02
    0.17768E-01    0.10287E+02
    0.18127E-01    0.10121E+02
    0.18493E-01    0.99497E+01
    0.18867E-01    0.97746E+01
    0.19248E-01    0.95956E+01
    0.19637E-01    0.94129E+01
    0.20034E-01    0.92267E+01
    0.20438E-01    0.90374E+01
    0.20851E-01    0.88451E+01
    0.21272E-01    0.86502E+01
    0.21702E-01    0.84529E+01
    0.22141E-01    0.82536E+01
    0.22588E-01    0.80525E+01
    0.23044E-01    0.78500E+01
    0.23510E-01    0.76464E+01
    0.23985E-01    0.74420E+01
    0.24469E-01    0.72371E+01
    0.24964E-01    0.70321E+01
    0.25468E-01    0.68273E+01
    0.25982E-01    0.66230E+01
    0.26507E-01    0.64196E+01
    0.27043E-01    0.62175E+01
    0.27589E-01    0.60169E+01
    0.28146E-01    0.58182E+01
    0.28715E-01    0.56217E+01
    0.29295E-01    0.54276E+01
    0.29887E-01    0.52364E+01
    0.30490E-01    0.50481E+01
    0.31106E-01    0.48631E+01
    0.31735E-01    0.46817E+01
    0.32376E-01    0.45039E+01
    0.33030E-01    0.43300E+01
    0.33697E-01    0.41601E+01
    0.34378E-01    0.39945E+01
    0.35072E-01    0.38333E+01
    0.35781E-01    0.36765E+01
    0.36504E-01    0.35244E+01
    0.37241E-01    0.33771E+01
    0.37993E-01    0.32347E+01
    0.38761E-01    0.30973E+01
    0.39544E-01    0.29650E+01
    0.40343E-01    0.28380E+01
    0.41158E-01    0.27162E+01
    0.41989E-01    0.25997E+01
    0.42838E-01    0.24885E+01
    0.43703E-01    0.23825E+01
    0.44586E-01    0.22816E+01
    0.45486E-01    0.21855E+01
    0.46405E-01    0.20941E+01
    0.47343E-01    0.20071E+01
    0.48299E-01    0.19241E+01
    0.49275E-01    0.18449E+01
    0.50270E-01    0.17691E+01
    0.51286E-01    0.16964E+01
    0.52322E-01    0.16267E+01
    0.53379E-01    0.15595E+01
    0.54457E-01    0.14948E+01
    0.55557E-01    0.14324E+01
    0.56680E-01    0.13721E+01
    0.57825E-01    0.13138E+01
    0.58993E-01    0.12572E+01
    0.60184E-01    0.12023E+01
    0.61400E-01    0.11489E+01
    0.62641E-01    0.10969E+01
    0.63906E-01    0.10460E+01
    0.65197E-01    0.99619E+00
    0.66514E-01    0.94734E+00
    0.67858E-01    0.89940E+00
    0.69229E-01    0.85236E+00
    0.70627E-01    0.80627E+00
    0.72054E-01    0.76116E+00
    0.73510E-01    0.71710E+00
    0.74994E-01    0.67410E+00
    0.76509E-01    0.63235E+00
    0.78055E-01    0.59190E+00
    0.79632E-01    0.55287E+00
    0.81241E-01    0.51540E+00
    0.82882E-01    0.47967E+00
    0.84556E-01    0.44583E+00
    0.86264E-01    0.41400E+00
    0.88007E-01    0.38425E+00
    0.89785E-01    0.35658E+00
    0.91598E-01    0.33096E+00
    0.93449E-01    0.30734E+00
    0.95337E-01    0.28568E+00
    0.97263E-01    0.26598E+00
    0.99227E-01    0.24817E+00
    0.10123E+00    0.23216E+00
    0.10328E+00    0.21776E+00
    0.10536E+00    0.20474E+00
    0.10749E+00    0.19281E+00
    0.10966E+00    0.18173E+00
    0.11188E+00    0.17134E+00
    0.11414E+00    0.16151E+00
    0.11644E+00    0.15218E+00
    0.11880E+00    0.14324E+00
    0.12120E+00    0.13459E+00
    0.12365E+00    0.12613E+00
    0.12614E+00    0.11779E+00
    0.12869E+00    0.10955E+00
    0.13129E+00    0.10145E+00
    0.13394E+00    0.93514E-01
    0.13665E+00    0.85842E-01
    0.13941E+00    0.78540E-01
    0.14223E+00    0.71722E-01
    0.14510E+00    0.65457E-01
    0.14803E+00    0.59753E-01
    0.15102E+00    0.54591E-01
    0.15407E+00    0.49966E-01
    0.15718E+00    0.45892E-01
    0.16036E+00    0.42358E-01
    0.16360E+00    0.39287E-01
    0.16690E+00    0.36561E-01
    0.17028E+00    0.34080E-01
    0.17371E+00    0.31774E-01
    0.17722E+00    0.29596E-01
    0.18080E+00    0.27509E-01
    0.18446E+00    0.25487E-01
    0.18818E+00    0.23506E-01
    0.19198E+00    0.21550E-01
    0.19586E+00    0.19633E-01
    0.19982E+00    0.17811E-01
    0.20386E+00    0.16131E-01
    0.20797E+00    0.14606E-01
    0.21218E+00    0.13239E-01
    0.21646E+00    0.12043E-01
    0.22083E+00    0.11016E-01
    0.22530E+00    0.10128E-01
    0.22985E+00    0.93401E-02
    0.23449E+00    0.86171E-02
    0.23923E+00    0.79411E-02
    0.24406E+00    0.73043E-02
    0.24899E+00    0.66900E-02
    0.25402E+00    0.60888E-02
    0.25915E+00    0.55151E-02
    0.26439E+00    0.49821E-02
    0.26973E+00    0.44956E-02
    0.27518E+00    0.40637E-02
    0.28074E+00    0.36895E-02
    0.28641E+00    0.33655E-02
    0.29219E+00    0.30753E-02
    0.29810E+00    0.28107E-02
    0.30412E+00    0.25681E-02
    0.31026E+00    0.23379E-02
    0.31653E+00    0.21190E-02
    0.32292E+00    0.19136E-02
    0.32945E+00    0.17244E-02
    0.33610E+00    0.15547E-02
    0.34289E+00    0.14072E-02
    0.34982E+00    0.12760E-02
    0.35689E+00    0.11580E-02
    0.36409E+00    0.10517E-02
    0.37145E+00    0.95311E-03
    0.37895E+00    0.86140E-03
    0.38661E+00    0.77621E-03
    0.39442E+00    0.69836E-03
    0.40239E+00    0.62986E-03
    0.41052E+00    0.56829E-03
    0.41881E+00    0.51338E-03
    0.42727E+00    0.46387E-03
    0.43590E+00    0.41862E-03
    0.44471E+00    0.37699E-03
    0.45369E+00    0.33881E-03
    0.46286E+00    0.30488E-03
    0.47221E+00    0.27423E-03
    0.48174E+00    0.24689E-03
    0.49148E+00    0.22222E-03
    0.50141E+00    0.19993E-03
    0.51153E+00    0.17949E-03
    0.52187E+00    0.16123E-03
    0.53241E+00    0.14468E-03
    0.54317E+00    0.12990E-03
    0.55414E+00    0.11668E-03
    0.56533E+00    0.10464E-03
    0.57675E+00    0.93854E-04
    0.58840E+00    0.84102E-04
    0.60029E+00    0.75341E-04
    0.61242E+00    0.67483E-04
    0.62479E+00    0.60434E-04
    0.63741E+00    0.54110E-04
    0.65029E+00    0.48437E-04
    0.66342E+00    0.43348E-04
    0.67683E+00    0.38783E-04
    0.69050E+00    0.34688E-04
    0.70445E+00    0.31016E-04
    0.71868E+00    0.27722E-04
    0.73320E+00    0.24770E-04
    0.74801E+00    0.22125E-04
    0.76312E+00    0.19755E-04
    0.77854E+00    0.17634E-04
    0.79426E+00    0.15736E-04
    0.81031E+00    0.14038E-04
    0.82668E+00    0.12519E-04
    0.84338E+00    0.11162E-04
    0.86041E+00    0.99491E-05
    0.87780E+00    0.88658E-05
    0.89553E+00    0.78985E-05
    0.91362E+00    0.70350E-05
    0.93208E+00    0.62643E-05
    0.95091E+00    0.55766E-05
    0.97011E+00    0.49633E-05
    0.98971E+00    0.44162E-05
    0.10097E+01    0.39285E-05
    0.10301E+01    0.34939E-05
    0.10509E+01    0.31065E-05
    0.10721E+01    0.27614E-05
    0.10938E+01    0.24541E-05
    0.11159E+01    0.21804E-05
    0.11384E+01    0.19368E-05
    0.11614E+01    0.17201E-05
    0.11849E+01    0.15272E-05
    0.12088E+01    0.13556E-05
    0.12333E+01    0.12031E-05
    0.12582E+01    0.10675E-05
    0.12836E+01    0.94693E-06
    0.13095E+01    0.83982E-06
    0.13360E+01    0.74467E-06
    0.13630E+01    0.66016E-06
    0.13905E+01    0.58512E-06
    0.14186E+01    0.51851E-06
    0.14472E+01    0.45939E-06
    0.14765E+01    0.40693E-06
    0.15063E+01    0.36039E-06
    0.15367E+01    0.31911E-06
    0.15678E+01    0.28251E-06
    0.15994E+01    0.25007E-06
    0.16318E+01    0.22131E-06
    0.16647E+01    0.19582E-06
    0.16984E+01    0.17323E-06
    0.17327E+01    0.15323E-06
    0.17677E+01    0.13551E-06
    0.18034E+01    0.11981E-06
    0.18398E+01    0.10592E-06
    0.18770E+01    0.93620E-07
    0.19149E+01    0.82733E-07
    0.19536E+01    0.73099E-07
    0.19930E+01    0.64576E-07
    0.20333E+01    0.57036E-07
    0.20744E+01    0.50369E-07
    0.21163E+01    0.44474E-07
    0.21590E+01    0.39262E-07
    0.22026E+01    0.34656E-07
    0.22471E+01    0.30586E-07
    0.22925E+01    0.26990E-07
    0.23388E+01    0.23814E-07
    0.23861E+01    0.21008E-07
    0.24343E+01    0.18531E-07
    0.24835E+01    0.16344E-07
    0.25336E+01    0.14413E-07
    0.25848E+01    0.12709E-07
    0.26370E+01    0.11204E-07
    0.26903E+01    0.98765E-08
    0.27447E+01    0.87051E-08
    0.28001E+01    0.76715E-08
    0.28567E+01    0.67598E-08
    0.29144E+01    0.59556E-08
    0.29733E+01    0.52464E-08
    0.30333E+01    0.46211E-08
    0.30946E+01    0.40698E-08
    0.31571E+01    0.35838E-08
    0.32209E+01    0.31555E-08
    0.32860E+01    0.27780E-08
    0.33523E+01    0.24454E-08
    0.34201E+01    0.21524E-08
    0.34892E+01    0.18944E-08
    0.35596E+01    0.16671E-08
    0.36316E+01    0.14669E-08
    0.37049E+01    0.12906E-08
    0.37798E+01    0.11354E-08
    0.38561E+01    0.99878E-09
    0.39340E+01    0.87850E-09
    0.40135E+01    0.77263E-09
    0.40946E+01    0.67946E-09
    0.41773E+01    0.59746E-09
    0.42617E+01    0.52531E-09
    0.43478E+01    0.46183E-09
    0.44356E+01    0.40599E-09
    0.45252E+01    0.35686E-09
    0.46166E+01    0.31365E-09
    0.47099E+01    0.27564E-09
    0.48050E+01    0.24222E-09
    0.49021E+01    0.21284E-09
    0.50011E+01    0.18700E-09
    0.51021E+01    0.16428E-09
    0.52052E+01    0.14431E-09
    0.53104E+01    0.12676E-09
    0.54176E+01    0.11134E-09
    0.55271E+01    0.97780E-10
    0.56387E+01    0.85867E-10
    0.57526E+01    0.75400E-10
    0.58689E+01    0.66204E-10
    0.59874E+01    0.58125E-10
    0.61084E+01    0.51029E-10
    0.62318E+01    0.44796E-10
    0.63577E+01    0.39321E-10
    0.64861E+01    0.34514E-10
    0.66171E+01    0.30292E-10
    0.67508E+01    0.26585E-10
    0.68872E+01    0.23331E-10
    0.70263E+01    0.20473E-10
    0.71682E+01    0.17964E-10
    0.73130E+01    0.15762E-10
    0.74608E+01    0.13828E-10
    0.76115E+01    0.12131E-10
    0.77653E+01    0.10642E-10
    0.79221E+01    0.93348E-11
    0.80822E+01    0.81876E-11
    0.82454E+01    0.71810E-11
    0.84120E+01    0.62978E-11
    0.85819E+01    0.55229E-11
    0.87553E+01    0.48432E-11
    0.89322E+01    0.42469E-11
    0.91126E+01    0.37239E-11
    0.92967E+01    0.32652E-11
    0.94845E+01    0.28629E-11
    0.96761E+01    0.25102E-11
    0.98716E+01    0.22008E-11
    0.10071E+02    0.19295E-11
    0.10274E+02    0.16916E-11
    0.10482E+02    0.14829E-11
    0.10694E+02    0.13000E-11
    0.10910E+02    0.11395E-11
    0.11130E+02    0.99877E-12
    0.11355E+02    0.87536E-12
    0.11584E+02    0.76715E-12
    0.11818E+02    0.67226E-12
    0.12057E+02    0.58906E-12
    0.12301E+02    0.51612E-12
    0.12549E+02    0.45219E-12
    0.12803E+02    0.39616E-12
    0.13061E+02    0.34706E-12
    0.13325E+02    0.30404E-12
    0.13594E+02    0.26634E-12
    0.13869E+02    0.23332E-12
    0.14149E+02    0.20439E-12
    0.14435E+02    0.17905E-12
    0.14727E+02    0.15686E-12
    0.15024E+02    0.13741E-12
    0.15328E+02    0.12037E-12
    0.15637E+02    0.10545E-12
    0.15953E+02    0.92369E-13
    0.16275E+02    0.80908E-13
    0.16604E+02    0.70865E-13
    0.16940E+02    0.62064E-13
    0.17282E+02    0.54352E-13
    0.17631E+02    0.47594E-13
    0.17987E+02    0.41673E-13
    0.18351E+02    0.36486E-13
    0.18721E+02    0.31942E-13
    0.19099E+02    0.27962E-13
    0.19485E+02    0.24477E-13
    0.19879E+02    0.21426E-13
    0.20280E+02    0.18754E-13
    0.20690E+02    0.16415E-13
    0.21108E+02    0.14368E-13
    0.21535E+02    0.12576E-13
    0.21970E+02    0.11008E-13
    0.22413E+02    0.96349E-14
    0.22866E+02    0.84333E-14
    0.23328E+02    0.73816E-14
    0.23799E+02    0.64611E-14
    0.24280E+02    0.56554E-14
    0.24771E+02    0.49502E-14
    0.25271E+02    0.43330E-14
    0.25782E+02    0.37928E-14
    0.26302E+02    0.33200E-14
    0.26834E+02    0.29061E-14
    0.27376E+02    0.25438E-14
    0.27929E+02    0.22266E-14
    0.28493E+02    0.19489E-14
    0.29069E+02    0.17057E-14
    0.29656E+02    0.14928E-14
    0.30255E+02    0.13064E-14
    0.30866E+02    0.11431E-14
    0.31490E+02    0.10002E-14
    0.32126E+02    0.87499E-15
    0.32775E+02    0.76541E-15
    0.33437E+02    0.66951E-15
    0.34112E+02    0.58559E-15
    0.34801E+02    0.51218E-15
    0.35504E+02    0.44796E-15
    0.36222E+02    0.39181E-15
    0.36953E+02    0.34271E-15
    0.37700E+02    0.29978E-15
    0.38462E+02    0.26225E-15
    0.39239E+02    0.22944E-15
    0.40031E+02    0.20076E-15
    0.40840E+02    0.17567E-15
    0.41665E+02    0.15373E-15
    0.42507E+02    0.13452E-15
    0.43365E+02    0.11771E-15
    0.44241E+02    0.10299E-15
    0.45135E+02    0.90106E-16
    0.46047E+02    0.78821E-16
    0.46977E+02    0.68937E-16
    0.47926E+02    0.60281E-16
    0.48894E+02    0.52702E-16
    0.49882E+02    0.46069E-16
    0.50890E+02    0.40266E-16
    0.51918E+02    0.35190E-16
    0.52966E+02    0.30753E-16
    0.54036E+02    0.26875E-16
    0.55128E+02    0.23486E-16
    0.56242E+02    0.20526E-16
    0.57378E+02    0.17940E-16
    0.58537E+02    0.15681E-16
    0.59720E+02    0.13709E-16
    0.60926E+02    0.11986E-16
    0.62157E+02    0.10480E-16
    0.63412E+02    0.91639E-17
    0.64693E+02    0.80134E-17
    0.66000E+02    0.70076E-17
    0.67334E+02    0.61281E-17
    0.68694E+02    0.53590E-17
    0.70082E+02    0.46862E-17
    0.71497E+02    0.40977E-17
    0.72942E+02    0.35830E-17
    0.74415E+02    0.31326E-17
    0.75918E+02    0.27387E-17
    0.77452E+02    0.23941E-17
    0.79017E+02    0.20926E-17
    0.80613E+02    0.18289E-17
    0.82241E+02    0.15982E-17
    0.83903E+02    0.13964E-17
    0.85598E+02    0.12199E-17
    0.87327E+02    0.10656E-17
    0.89091E+02    0.93062E-18
    0.90891E+02    0.81268E-18
    0.92727E+02    0.70965E-18
    0.94600E+02    0.61966E-18
    0.96511E+02    0.54110E-18
    0.98461E+02    0.47252E-18
    0.10045E+03    0.41268E-18
    0.10248E+03    0.36046E-18
    0.10455E+03    0.31491E-18
    0.10666E+03    0.27517E-18
    0.10882E+03    0.24049E-18
    0.11101E+03    0.21022E-18
    0.11326E+03    0.18377E-18
    0.11554E+03    0.16065E-18
    0.11788E+03    0.14044E-18
    0.12026E+03    0.12277E-18
    0.12269E+03    0.10731E-18
    0.12517E+03    0.93780E-19
    0.12770E+03    0.81939E-19
    0.13028E+03    0.71576E-19
    0.13291E+03    0.62507E-19
    0.13559E+03    0.54576E-19
    0.13833E+03    0.47641E-19
    0.14113E+03    0.41581E-19
    0.14398E+03    0.36287E-19
    0.14689E+03    0.31664E-19
    0.14985E+03    0.27627E-19
    0.15288E+03    0.24104E-19
    0.15597E+03    0.21030E-19
    0.15912E+03    0.18349E-19
    0.16233E+03    0.16009E-19
    0.16561E+03    0.13968E-19
    0.16896E+03    0.12187E-19
    0.17237E+03    0.10634E-19
    0.17585E+03    0.92782E-20
    0.17941E+03    0.80954E-20
    0.18303E+03    0.70632E-20
    0.18673E+03    0.61626E-20
    0.19050E+03    0.53767E-20
    0.19435E+03    0.46908E-20
    0.19828E+03    0.40924E-20
    0.20228E+03    0.35702E-20
    0.20637E+03    0.31146E-20
    0.21054E+03    0.27171E-20
    0.21479E+03    0.23702E-20
    0.21913E+03    0.20677E-20
    0.22356E+03    0.18037E-20
    0.22807E+03    0.15734E-20
    0.23268E+03    0.13725E-20
