    0.10000E-03    0.25145E+00
    0.10202E-03    0.25642E+00
    0.10408E-03    0.26149E+00
    0.10618E-03    0.26666E+00
    0.10833E-03    0.27193E+00
    0.11052E-03    0.27731E+00
    0.11275E-03    0.28279E+00
    0.11503E-03    0.28838E+00
    0.11735E-03    0.29408E+00
    0.11972E-03    0.29989E+00
    0.12214E-03    0.30582E+00
    0.12461E-03    0.31187E+00
    0.12712E-03    0.31803E+00
    0.12969E-03    0.32432E+00
    0.13231E-03    0.33073E+00
    0.13499E-03    0.33727E+00
    0.13771E-03    0.34394E+00
    0.14049E-03    0.35074E+00
    0.14333E-03    0.35767E+00
    0.14623E-03    0.36474E+00
    0.14918E-03    0.37195E+00
    0.15220E-03    0.37930E+00
    0.15527E-03    0.38680E+00
    0.15841E-03    0.39445E+00
    0.16161E-03    0.40224E+00
    0.16487E-03    0.41019E+00
    0.16820E-03    0.41830E+00
    0.17160E-03    0.42657E+00
    0.17507E-03    0.43500E+00
    0.17860E-03    0.44360E+00
    0.18221E-03    0.45237E+00
    0.18589E-03    0.46131E+00
    0.18965E-03    0.47042E+00
    0.19348E-03    0.47972E+00
    0.19739E-03    0.48920E+00
    0.20138E-03    0.49887E+00
    0.20544E-03    0.50873E+00
    0.20959E-03    0.51878E+00
    0.21383E-03    0.52903E+00
    0.21815E-03    0.53949E+00
    0.22255E-03    0.55015E+00
    0.22705E-03    0.56102E+00
    0.23164E-03    0.57211E+00
    0.23632E-03    0.58341E+00
    0.24109E-03    0.59494E+00
    0.24596E-03    0.60669E+00
    0.25093E-03    0.61868E+00
    0.25600E-03    0.63090E+00
    0.26117E-03    0.64336E+00
    0.26645E-03    0.65607E+00
    0.27183E-03    0.66903E+00
    0.27732E-03    0.68225E+00
    0.28292E-03    0.69573E+00
    0.28864E-03    0.70947E+00
    0.29447E-03    0.72348E+00
    0.30042E-03    0.73777E+00
    0.30649E-03    0.75234E+00
    0.31268E-03    0.76720E+00
    0.31899E-03    0.78235E+00
    0.32544E-03    0.79780E+00
    0.33201E-03    0.81355E+00
    0.33872E-03    0.82961E+00
    0.34556E-03    0.84599E+00
    0.35254E-03    0.86269E+00
    0.35966E-03    0.87972E+00
    0.36693E-03    0.89709E+00
    0.37434E-03    0.91480E+00
    0.38190E-03    0.93285E+00
    0.38962E-03    0.95126E+00
    0.39749E-03    0.97003E+00
    0.40552E-03    0.98917E+00
    0.41371E-03    0.10087E+01
    0.42207E-03    0.10286E+01
    0.43060E-03    0.10489E+01
    0.43929E-03    0.10696E+01
    0.44817E-03    0.10907E+01
    0.45722E-03    0.11122E+01
    0.46646E-03    0.11341E+01
    0.47588E-03    0.11565E+01
    0.48550E-03    0.11793E+01
    0.49530E-03    0.12025E+01
    0.50531E-03    0.12262E+01
    0.51552E-03    0.12504E+01
    0.52593E-03    0.12750E+01
    0.53656E-03    0.13001E+01
    0.54739E-03    0.13257E+01
    0.55845E-03    0.13518E+01
    0.56973E-03    0.13785E+01
    0.58124E-03    0.14056E+01
    0.59299E-03    0.14333E+01
    0.60496E-03    0.14615E+01
    0.61719E-03    0.14902E+01
    0.62965E-03    0.15196E+01
    0.64237E-03    0.15495E+01
    0.65535E-03    0.15799E+01
    0.66859E-03    0.16110E+01
    0.68210E-03    0.16427E+01
    0.69588E-03    0.16749E+01
    0.70993E-03    0.17078E+01
    0.72427E-03    0.17414E+01
    0.73891E-03    0.17756E+01
    0.75383E-03    0.18104E+01
    0.76906E-03    0.18460E+01
    0.78460E-03    0.18822E+01
    0.80045E-03    0.19191E+01
    0.81662E-03    0.19567E+01
    0.83311E-03    0.19951E+01
    0.84994E-03    0.20342E+01
    0.86711E-03    0.20740E+01
    0.88463E-03    0.21146E+01
    0.90250E-03    0.21560E+01
    0.92073E-03    0.21982E+01
    0.93933E-03    0.22412E+01
    0.95831E-03    0.22850E+01
    0.97767E-03    0.23296E+01
    0.99742E-03    0.23751E+01
    0.10176E-02    0.24215E+01
    0.10381E-02    0.24687E+01
    0.10591E-02    0.25168E+01
    0.10805E-02    0.25659E+01
    0.11023E-02    0.26158E+01
    0.11246E-02    0.26667E+01
    0.11473E-02    0.27186E+01
    0.11705E-02    0.27715E+01
    0.11941E-02    0.28253E+01
    0.12182E-02    0.28801E+01
    0.12429E-02    0.29360E+01
    0.12680E-02    0.29929E+01
    0.12936E-02    0.30508E+01
    0.13197E-02    0.31098E+01
    0.13464E-02    0.31700E+01
    0.13736E-02    0.32312E+01
    0.14013E-02    0.32935E+01
    0.14296E-02    0.33570E+01
    0.14585E-02    0.34217E+01
    0.14880E-02    0.34875E+01
    0.15180E-02    0.35545E+01
    0.15487E-02    0.36227E+01
    0.15800E-02    0.36921E+01
    0.16119E-02    0.37628E+01
    0.16445E-02    0.38348E+01
    0.16777E-02    0.39080E+01
    0.17116E-02    0.39825E+01
    0.17462E-02    0.40584E+01
    0.17814E-02    0.41355E+01
    0.18174E-02    0.42141E+01
    0.18541E-02    0.42939E+01
    0.18916E-02    0.43752E+01
    0.19298E-02    0.44578E+01
    0.19688E-02    0.45419E+01
    0.20086E-02    0.46274E+01
    0.20491E-02    0.47143E+01
    0.20905E-02    0.48027E+01
    0.21328E-02    0.48925E+01
    0.21758E-02    0.49838E+01
    0.22198E-02    0.50767E+01
    0.22646E-02    0.51710E+01
    0.23104E-02    0.52668E+01
    0.23571E-02    0.53642E+01
    0.24047E-02    0.54632E+01
    0.24533E-02    0.55636E+01
    0.25028E-02    0.56657E+01
    0.25534E-02    0.57693E+01
    0.26050E-02    0.58745E+01
    0.26576E-02    0.59813E+01
    0.27113E-02    0.60897E+01
    0.27660E-02    0.61997E+01
    0.28219E-02    0.63112E+01
    0.28789E-02    0.64244E+01
    0.29371E-02    0.65392E+01
    0.29964E-02    0.66556E+01
    0.30569E-02    0.67736E+01
    0.31187E-02    0.68932E+01
    0.31817E-02    0.70144E+01
    0.32460E-02    0.71372E+01
    0.33115E-02    0.72616E+01
    0.33784E-02    0.73876E+01
    0.34467E-02    0.75151E+01
    0.35163E-02    0.76442E+01
    0.35874E-02    0.77748E+01
    0.36598E-02    0.79070E+01
    0.37338E-02    0.80407E+01
    0.38092E-02    0.81759E+01
    0.38861E-02    0.83125E+01
    0.39646E-02    0.84507E+01
    0.40447E-02    0.85902E+01
    0.41264E-02    0.87311E+01
    0.42098E-02    0.88735E+01
    0.42948E-02    0.90171E+01
    0.43816E-02    0.91621E+01
    0.44701E-02    0.93083E+01
    0.45604E-02    0.94558E+01
    0.46525E-02    0.96045E+01
    0.47465E-02    0.97544E+01
    0.48424E-02    0.99053E+01
    0.49402E-02    0.10057E+02
    0.50400E-02    0.10210E+02
    0.51419E-02    0.10364E+02
    0.52457E-02    0.10519E+02
    0.53517E-02    0.10675E+02
    0.54598E-02    0.10832E+02
    0.55701E-02    0.10989E+02
    0.56826E-02    0.11147E+02
    0.57974E-02    0.11306E+02
    0.59145E-02    0.11465E+02
    0.60340E-02    0.11624E+02
    0.61559E-02    0.11784E+02
    0.62803E-02    0.11945E+02
    0.64072E-02    0.12105E+02
    0.65366E-02    0.12266E+02
    0.66686E-02    0.12427E+02
    0.68033E-02    0.12587E+02
    0.69408E-02    0.12748E+02
    0.70810E-02    0.12908E+02
    0.72240E-02    0.13068E+02
    0.73700E-02    0.13227E+02
    0.75189E-02    0.13386E+02
    0.76708E-02    0.13544E+02
    0.78257E-02    0.13701E+02
    0.79838E-02    0.13857E+02
    0.81451E-02    0.14012E+02
    0.83096E-02    0.14166E+02
    0.84775E-02    0.14319E+02
    0.86488E-02    0.14470E+02
    0.88235E-02    0.14619E+02
    0.90017E-02    0.14766E+02
    0.91836E-02    0.14911E+02
    0.93691E-02    0.15054E+02
    0.95583E-02    0.15194E+02
    0.97514E-02    0.15332E+02
    0.99484E-02    0.15467E+02
    0.10149E-01    0.15599E+02
    0.10354E-01    0.15728E+02
    0.10564E-01    0.15853E+02
    0.10777E-01    0.15975E+02
    0.10995E-01    0.16093E+02
    0.11217E-01    0.16207E+02
    0.11443E-01    0.16317E+02
    0.11675E-01    0.16422E+02
    0.11910E-01    0.16523E+02
    0.12151E-01    0.16618E+02
    0.12397E-01    0.16709E+02
    0.12647E-01    0.16794E+02
    0.12902E-01    0.16874E+02
    0.13163E-01    0.16948E+02
    0.13429E-01    0.17016E+02
    0.13700E-01    0.17078E+02
    0.13977E-01    0.17133E+02
    0.14259E-01    0.17182E+02
    0.14547E-01    0.17224E+02
    0.14841E-01    0.17258E+02
    0.15141E-01    0.17286E+02
    0.15447E-01    0.17306E+02
    0.15759E-01    0.17319E+02
    0.16077E-01    0.17323E+02
    0.16402E-01    0.17320E+02
    0.16734E-01    0.17309E+02
    0.17072E-01    0.17289E+02
    0.17416E-01    0.17261E+02
    0.17768E-01    0.17224E+02
    0.18127E-01    0.17179E+02
    0.18493E-01    0.17125E+02
    0.18867E-01    0.17062E+02
    0.19248E-01    0.16991E+02
    0.19637E-01    0.16910E+02
    0.20034E-01    0.16821E+02
    0.20438E-01    0.16723E+02
    0.20851E-01    0.16616E+02
    0.21272E-01    0.16500E+02
    0.21702E-01    0.16376E+02
    0.22141E-01    0.16243E+02
    0.22588E-01    0.16101E+02
    0.23044E-01    0.15952E+02
    0.23510E-01    0.15794E+02
    0.23985E-01    0.15629E+02
    0.24469E-01    0.15456E+02
    0.24964E-01    0.15276E+02
    0.25468E-01    0.15089E+02
    0.25982E-01    0.14895E+02
    0.26507E-01    0.14696E+02
    0.27043E-01    0.14490E+02
    0.27589E-01    0.14280E+02
    0.28146E-01    0.14064E+02
    0.28715E-01    0.13844E+02
    0.29295E-01    0.13621E+02
    0.29887E-01    0.13394E+02
    0.30490E-01    0.13164E+02
    0.31106E-01    0.12933E+02
    0.31735E-01    0.12700E+02
    0.32376E-01    0.12466E+02
    0.33030E-01    0.12232E+02
    0.33697E-01    0.11999E+02
    0.34378E-01    0.11766E+02
    0.35072E-01    0.11536E+02
    0.35781E-01    0.11307E+02
    0.36504E-01    0.11082E+02
    0.37241E-01    0.10860E+02
    0.37993E-01    0.10643E+02
    0.38761E-01    0.10430E+02
    0.39544E-01    0.10222E+02
    0.40343E-01    0.10019E+02
    0.41158E-01    0.98231E+01
    0.41989E-01    0.96331E+01
    0.42838E-01    0.94497E+01
    0.43703E-01    0.92732E+01
    0.44586E-01    0.91037E+01
    0.45486E-01    0.89413E+01
    0.46405E-01    0.87859E+01
    0.47343E-01    0.86376E+01
    0.48299E-01    0.84961E+01
    0.49275E-01    0.83611E+01
    0.50270E-01    0.82322E+01
    0.51286E-01    0.81091E+01
    0.52322E-01    0.79910E+01
    0.53379E-01    0.78773E+01
    0.54457E-01    0.77672E+01
    0.55557E-01    0.76599E+01
    0.56680E-01    0.75545E+01
    0.57825E-01    0.74500E+01
    0.58993E-01    0.73453E+01
    0.60184E-01    0.72393E+01
    0.61400E-01    0.71311E+01
    0.62641E-01    0.70196E+01
    0.63906E-01    0.69038E+01
    0.65197E-01    0.67829E+01
    0.66514E-01    0.66560E+01
    0.67858E-01    0.65226E+01
    0.69229E-01    0.63822E+01
    0.70627E-01    0.62348E+01
    0.72054E-01    0.60802E+01
    0.73510E-01    0.59188E+01
    0.74994E-01    0.57507E+01
    0.76509E-01    0.55777E+01
    0.78055E-01    0.54005E+01
    0.79632E-01    0.52204E+01
    0.81241E-01    0.50391E+01
    0.82882E-01    0.48581E+01
    0.84556E-01    0.46794E+01
    0.86264E-01    0.45047E+01
    0.88007E-01    0.43358E+01
    0.89785E-01    0.41743E+01
    0.91598E-01    0.40218E+01
    0.93449E-01    0.38795E+01
    0.95337E-01    0.37483E+01
    0.97263E-01    0.36288E+01
    0.99227E-01    0.35212E+01
    0.10123E+00    0.34253E+01
    0.10328E+00    0.33406E+01
    0.10536E+00    0.32658E+01
    0.10749E+00    0.31997E+01
    0.10966E+00    0.31404E+01
    0.11188E+00    0.30858E+01
    0.11414E+00    0.30336E+01
    0.11644E+00    0.29814E+01
    0.11880E+00    0.29268E+01
    0.12120E+00    0.28677E+01
    0.12365E+00    0.28023E+01
    0.12614E+00    0.27297E+01
    0.12869E+00    0.26492E+01
    0.13129E+00    0.25613E+01
    0.13394E+00    0.24668E+01
    0.13665E+00    0.23675E+01
    0.13941E+00    0.22658E+01
    0.14223E+00    0.21645E+01
    0.14510E+00    0.20661E+01
    0.14803E+00    0.19733E+01
    0.15102E+00    0.18881E+01
    0.15407E+00    0.18122E+01
    0.15718E+00    0.17463E+01
    0.16036E+00    0.16903E+01
    0.16360E+00    0.16434E+01
    0.16690E+00    0.16038E+01
    0.17028E+00    0.15692E+01
    0.17371E+00    0.15371E+01
    0.17722E+00    0.15047E+01
    0.18080E+00    0.14693E+01
    0.18446E+00    0.14292E+01
    0.18818E+00    0.13835E+01
    0.19198E+00    0.13323E+01
    0.19586E+00    0.12768E+01
    0.19982E+00    0.12192E+01
    0.20386E+00    0.11619E+01
    0.20797E+00    0.11076E+01
    0.21218E+00    0.10583E+01
    0.21646E+00    0.10153E+01
    0.22083E+00    0.97904E+00
    0.22530E+00    0.94865E+00
    0.22985E+00    0.92258E+00
    0.23449E+00    0.89871E+00
    0.23923E+00    0.87474E+00
    0.24406E+00    0.84879E+00
    0.24899E+00    0.81984E+00
    0.25402E+00    0.78787E+00
    0.25915E+00    0.75388E+00
    0.26439E+00    0.71960E+00
    0.26973E+00    0.68688E+00
    0.27518E+00    0.65722E+00
    0.28074E+00    0.63138E+00
    0.28641E+00    0.60916E+00
    0.29219E+00    0.58956E+00
    0.29810E+00    0.57113E+00
    0.30412E+00    0.55242E+00
    0.31026E+00    0.53252E+00
    0.31653E+00    0.51128E+00
    0.32292E+00    0.48935E+00
    0.32945E+00    0.46782E+00
    0.33610E+00    0.44774E+00
    0.34289E+00    0.42970E+00
    0.34982E+00    0.41363E+00
    0.35689E+00    0.39889E+00
    0.36409E+00    0.38461E+00
    0.37145E+00    0.37011E+00
    0.37895E+00    0.35519E+00
    0.38661E+00    0.34017E+00
    0.39442E+00    0.32563E+00
    0.40239E+00    0.31207E+00
    0.41052E+00    0.29964E+00
    0.41881E+00    0.28810E+00
    0.42727E+00    0.27699E+00
    0.43590E+00    0.26598E+00
    0.44471E+00    0.25499E+00
    0.45369E+00    0.24422E+00
    0.46286E+00    0.23396E+00
    0.47221E+00    0.22434E+00
    0.48174E+00    0.21529E+00
    0.49148E+00    0.20660E+00
    0.50141E+00    0.19810E+00
    0.51153E+00    0.18979E+00
    0.52187E+00    0.18177E+00
    0.53241E+00    0.17414E+00
    0.54317E+00    0.16690E+00
    0.55414E+00    0.15997E+00
    0.56533E+00    0.15326E+00
    0.57675E+00    0.14677E+00
    0.58840E+00    0.14052E+00
    0.60029E+00    0.13455E+00
    0.61242E+00    0.12882E+00
    0.62479E+00    0.12334E+00
    0.63741E+00    0.11808E+00
    0.65029E+00    0.11303E+00
    0.66342E+00    0.10819E+00
    0.67683E+00    0.10355E+00
    0.69050E+00    0.99103E-01
    0.70445E+00    0.94833E-01
    0.71868E+00    0.90736E-01
    0.73320E+00    0.86805E-01
    0.74801E+00    0.83035E-01
    0.76312E+00    0.79420E-01
    0.77854E+00    0.75954E-01
    0.79426E+00    0.72631E-01
    0.81031E+00    0.69447E-01
    0.82668E+00    0.66395E-01
    0.84338E+00    0.63472E-01
    0.86041E+00    0.60672E-01
    0.87780E+00    0.57991E-01
    0.89553E+00    0.55423E-01
    0.91362E+00    0.52965E-01
    0.93208E+00    0.50611E-01
    0.95091E+00    0.48358E-01
    0.97011E+00    0.46201E-01
    0.98971E+00    0.44137E-01
    0.10097E+01    0.42162E-01
    0.10301E+01    0.40271E-01
    0.10509E+01    0.38462E-01
    0.10721E+01    0.36732E-01
    0.10938E+01    0.35076E-01
    0.11159E+01    0.33492E-01
    0.11384E+01    0.31978E-01
    0.11614E+01    0.30529E-01
    0.11849E+01    0.29143E-01
    0.12088E+01    0.27818E-01
    0.12333E+01    0.26552E-01
    0.12582E+01    0.25341E-01
    0.12836E+01    0.24183E-01
    0.13095E+01    0.23076E-01
    0.13360E+01    0.22019E-01
    0.13630E+01    0.21008E-01
    0.13905E+01    0.20042E-01
    0.14186E+01    0.19119E-01
    0.14472E+01    0.18237E-01
    0.14765E+01    0.17395E-01
    0.15063E+01    0.16590E-01
    0.15367E+01    0.15822E-01
    0.15678E+01    0.15088E-01
    0.15994E+01    0.14387E-01
    0.16318E+01    0.13718E-01
    0.16647E+01    0.13079E-01
    0.16984E+01    0.12469E-01
    0.17327E+01    0.11887E-01
    0.17677E+01    0.11331E-01
    0.18034E+01    0.10801E-01
    0.18398E+01    0.10294E-01
    0.18770E+01    0.98107E-02
    0.19149E+01    0.93494E-02
    0.19536E+01    0.89091E-02
    0.19930E+01    0.84891E-02
    0.20333E+01    0.80883E-02
    0.20744E+01    0.77059E-02
    0.21163E+01    0.73411E-02
    0.21590E+01    0.69932E-02
    0.22026E+01    0.66614E-02
    0.22471E+01    0.63449E-02
    0.22925E+01    0.60431E-02
    0.23388E+01    0.57554E-02
    0.23861E+01    0.54810E-02
    0.24343E+01    0.52194E-02
    0.24835E+01    0.49701E-02
    0.25336E+01    0.47324E-02
    0.25848E+01    0.45058E-02
    0.26370E+01    0.42898E-02
    0.26903E+01    0.40839E-02
    0.27447E+01    0.38878E-02
    0.28001E+01    0.37008E-02
    0.28567E+01    0.35226E-02
    0.29144E+01    0.33529E-02
    0.29733E+01    0.31911E-02
    0.30333E+01    0.30370E-02
    0.30946E+01    0.28902E-02
    0.31571E+01    0.27503E-02
    0.32209E+01    0.26170E-02
    0.32860E+01    0.24901E-02
    0.33523E+01    0.23693E-02
    0.34201E+01    0.22541E-02
    0.34892E+01    0.21445E-02
    0.35596E+01    0.20401E-02
    0.36316E+01    0.19407E-02
    0.37049E+01    0.18460E-02
    0.37798E+01    0.17559E-02
    0.38561E+01    0.16701E-02
    0.39340E+01    0.15884E-02
    0.40135E+01    0.15106E-02
    0.40946E+01    0.14366E-02
    0.41773E+01    0.13661E-02
    0.42617E+01    0.12991E-02
    0.43478E+01    0.12352E-02
    0.44356E+01    0.11745E-02
    0.45252E+01    0.11167E-02
    0.46166E+01    0.10617E-02
    0.47099E+01    0.10093E-02
    0.48050E+01    0.95951E-03
    0.49021E+01    0.91212E-03
    0.50011E+01    0.86703E-03
    0.51021E+01    0.82413E-03
    0.52052E+01    0.78333E-03
    0.53104E+01    0.74451E-03
    0.54176E+01    0.70758E-03
    0.55271E+01    0.67246E-03
    0.56387E+01    0.63906E-03
    0.57526E+01    0.60729E-03
    0.58689E+01    0.57707E-03
    0.59874E+01    0.54834E-03
    0.61084E+01    0.52102E-03
    0.62318E+01    0.49503E-03
    0.63577E+01    0.47033E-03
    0.64861E+01    0.44684E-03
    0.66171E+01    0.42451E-03
    0.67508E+01    0.40327E-03
    0.68872E+01    0.38309E-03
    0.70263E+01    0.36390E-03
    0.71682E+01    0.34566E-03
    0.73130E+01    0.32832E-03
    0.74608E+01    0.31184E-03
    0.76115E+01    0.29618E-03
    0.77653E+01    0.28129E-03
    0.79221E+01    0.26715E-03
    0.80822E+01    0.25370E-03
    0.82454E+01    0.24092E-03
    0.84120E+01    0.22878E-03
    0.85819E+01    0.21724E-03
    0.87553E+01    0.20628E-03
    0.89322E+01    0.19586E-03
    0.91126E+01    0.18596E-03
    0.92967E+01    0.17656E-03
    0.94845E+01    0.16763E-03
    0.96761E+01    0.15914E-03
    0.98716E+01    0.15108E-03
    0.10071E+02    0.14342E-03
    0.10274E+02    0.13614E-03
    0.10482E+02    0.12923E-03
    0.10694E+02    0.12267E-03
    0.10910E+02    0.11644E-03
    0.11130E+02    0.11051E-03
    0.11355E+02    0.10489E-03
    0.11584E+02    0.99551E-04
    0.11818E+02    0.94480E-04
    0.12057E+02    0.89664E-04
    0.12301E+02    0.85091E-04
    0.12549E+02    0.80748E-04
    0.12803E+02    0.76625E-04
    0.13061E+02    0.72711E-04
    0.13325E+02    0.68994E-04
    0.13594E+02    0.65465E-04
    0.13869E+02    0.62115E-04
    0.14149E+02    0.58934E-04
    0.14435E+02    0.55915E-04
    0.14727E+02    0.53049E-04
    0.15024E+02    0.50328E-04
    0.15328E+02    0.47746E-04
    0.15637E+02    0.45295E-04
    0.15953E+02    0.42968E-04
    0.16275E+02    0.40759E-04
    0.16604E+02    0.38664E-04
    0.16940E+02    0.36674E-04
    0.17282E+02    0.34786E-04
    0.17631E+02    0.32995E-04
    0.17987E+02    0.31295E-04
    0.18351E+02    0.29681E-04
    0.18721E+02    0.28150E-04
    0.19099E+02    0.26697E-04
    0.19485E+02    0.25319E-04
    0.19879E+02    0.24011E-04
    0.20280E+02    0.22770E-04
    0.20690E+02    0.21593E-04
    0.21108E+02    0.20476E-04
    0.21535E+02    0.19416E-04
    0.21970E+02    0.18410E-04
    0.22413E+02    0.17457E-04
    0.22866E+02    0.16552E-04
    0.23328E+02    0.15694E-04
    0.23799E+02    0.14879E-04
    0.24280E+02    0.14107E-04
    0.24771E+02    0.13375E-04
    0.25271E+02    0.12680E-04
    0.25782E+02    0.12021E-04
    0.26302E+02    0.11396E-04
    0.26834E+02    0.10803E-04
    0.27376E+02    0.10240E-04
    0.27929E+02    0.97073E-05
    0.28493E+02    0.92016E-05
    0.29069E+02    0.87220E-05
    0.29656E+02    0.82673E-05
    0.30255E+02    0.78360E-05
    0.30866E+02    0.74271E-05
    0.31490E+02    0.70393E-05
    0.32126E+02    0.66717E-05
    0.32775E+02    0.63230E-05
    0.33437E+02    0.59925E-05
    0.34112E+02    0.56791E-05
    0.34801E+02    0.53820E-05
    0.35504E+02    0.51003E-05
    0.36222E+02    0.48332E-05
    0.36953E+02    0.45800E-05
    0.37700E+02    0.43400E-05
    0.38462E+02    0.41124E-05
    0.39239E+02    0.38967E-05
    0.40031E+02    0.36922E-05
    0.40840E+02    0.34984E-05
    0.41665E+02    0.33147E-05
    0.42507E+02    0.31405E-05
    0.43365E+02    0.29754E-05
    0.44241E+02    0.28190E-05
    0.45135E+02    0.26707E-05
    0.46047E+02    0.25301E-05
    0.46977E+02    0.23969E-05
    0.47926E+02    0.22706E-05
    0.48894E+02    0.21510E-05
    0.49882E+02    0.20376E-05
    0.50890E+02    0.19301E-05
    0.51918E+02    0.18283E-05
    0.52966E+02    0.17318E-05
    0.54036E+02    0.16404E-05
    0.55128E+02    0.15537E-05
    0.56242E+02    0.14716E-05
    0.57378E+02    0.13938E-05
    0.58537E+02    0.13201E-05
    0.59720E+02    0.12502E-05
    0.60926E+02    0.11841E-05
    0.62157E+02    0.11214E-05
    0.63412E+02    0.10619E-05
    0.64693E+02    0.10057E-05
    0.66000E+02    0.95234E-06
    0.67334E+02    0.90182E-06
    0.68694E+02    0.85396E-06
    0.70082E+02    0.80862E-06
    0.71497E+02    0.76567E-06
    0.72942E+02    0.72499E-06
    0.74415E+02    0.68645E-06
    0.75918E+02    0.64994E-06
    0.77452E+02    0.61535E-06
    0.79017E+02    0.58260E-06
    0.80613E+02    0.55157E-06
    0.82241E+02    0.52218E-06
    0.83903E+02    0.49435E-06
    0.85598E+02    0.46798E-06
    0.87327E+02    0.44301E-06
    0.89091E+02    0.41936E-06
    0.90891E+02    0.39697E-06
    0.92727E+02    0.37576E-06
    0.94600E+02    0.35567E-06
    0.96511E+02    0.33665E-06
    0.98461E+02    0.31863E-06
    0.10045E+03    0.30157E-06
    0.10248E+03    0.28542E-06
    0.10455E+03    0.27012E-06
    0.10666E+03    0.25564E-06
    0.10882E+03    0.24192E-06
    0.11101E+03    0.22893E-06
    0.11326E+03    0.21664E-06
    0.11554E+03    0.20500E-06
    0.11788E+03    0.19397E-06
    0.12026E+03    0.18354E-06
    0.12269E+03    0.17366E-06
    0.12517E+03    0.16430E-06
    0.12770E+03    0.15545E-06
    0.13028E+03    0.14706E-06
    0.13291E+03    0.13912E-06
    0.13559E+03    0.13161E-06
    0.13833E+03    0.12450E-06
    0.14113E+03    0.11776E-06
    0.14398E+03    0.11139E-06
    0.14689E+03    0.10536E-06
    0.14985E+03    0.99650E-07
    0.15288E+03    0.94246E-07
    0.15597E+03    0.89132E-07
    0.15912E+03    0.84293E-07
    0.16233E+03    0.79712E-07
    0.16561E+03    0.75378E-07
    0.16896E+03    0.71275E-07
    0.17237E+03    0.67393E-07
    0.17585E+03    0.63718E-07
    0.17941E+03    0.60240E-07
    0.18303E+03    0.56948E-07
    0.18673E+03    0.53833E-07
    0.19050E+03    0.50884E-07
    0.19435E+03    0.48094E-07
    0.19828E+03    0.45453E-07
    0.20228E+03    0.42955E-07
    0.20637E+03    0.40592E-07
    0.21054E+03    0.38357E-07
    0.21479E+03    0.36244E-07
    0.21913E+03    0.34246E-07
    0.22356E+03    0.32357E-07
    0.22807E+03    0.30572E-07
    0.23268E+03    0.28886E-07
