    0.10000E-03    0.25189E+00
    0.10202E-03    0.25687E+00
    0.10408E-03    0.26195E+00
    0.10618E-03    0.26713E+00
    0.10833E-03    0.27241E+00
    0.11052E-03    0.27779E+00
    0.11275E-03    0.28329E+00
    0.11503E-03    0.28889E+00
    0.11735E-03    0.29460E+00
    0.11972E-03    0.30042E+00
    0.12214E-03    0.30636E+00
    0.12461E-03    0.31242E+00
    0.12712E-03    0.31859E+00
    0.12969E-03    0.32489E+00
    0.13231E-03    0.33131E+00
    0.13499E-03    0.33786E+00
    0.13771E-03    0.34454E+00
    0.14049E-03    0.35135E+00
    0.14333E-03    0.35830E+00
    0.14623E-03    0.36538E+00
    0.14918E-03    0.37260E+00
    0.15220E-03    0.37997E+00
    0.15527E-03    0.38748E+00
    0.15841E-03    0.39514E+00
    0.16161E-03    0.40295E+00
    0.16487E-03    0.41092E+00
    0.16820E-03    0.41904E+00
    0.17160E-03    0.42732E+00
    0.17507E-03    0.43577E+00
    0.17860E-03    0.44438E+00
    0.18221E-03    0.45316E+00
    0.18589E-03    0.46212E+00
    0.18965E-03    0.47125E+00
    0.19348E-03    0.48056E+00
    0.19739E-03    0.49006E+00
    0.20138E-03    0.49975E+00
    0.20544E-03    0.50962E+00
    0.20959E-03    0.51969E+00
    0.21383E-03    0.52996E+00
    0.21815E-03    0.54044E+00
    0.22255E-03    0.55112E+00
    0.22705E-03    0.56201E+00
    0.23164E-03    0.57311E+00
    0.23632E-03    0.58444E+00
    0.24109E-03    0.59598E+00
    0.24596E-03    0.60776E+00
    0.25093E-03    0.61977E+00
    0.25600E-03    0.63201E+00
    0.26117E-03    0.64450E+00
    0.26645E-03    0.65723E+00
    0.27183E-03    0.67021E+00
    0.27732E-03    0.68345E+00
    0.28292E-03    0.69695E+00
    0.28864E-03    0.71072E+00
    0.29447E-03    0.72475E+00
    0.30042E-03    0.73907E+00
    0.30649E-03    0.75366E+00
    0.31268E-03    0.76855E+00
    0.31899E-03    0.78373E+00
    0.32544E-03    0.79920E+00
    0.33201E-03    0.81498E+00
    0.33872E-03    0.83107E+00
    0.34556E-03    0.84748E+00
    0.35254E-03    0.86421E+00
    0.35966E-03    0.88127E+00
    0.36693E-03    0.89867E+00
    0.37434E-03    0.91640E+00
    0.38190E-03    0.93449E+00
    0.38962E-03    0.95293E+00
    0.39749E-03    0.97174E+00
    0.40552E-03    0.99091E+00
    0.41371E-03    0.10105E+01
    0.42207E-03    0.10304E+01
    0.43060E-03    0.10507E+01
    0.43929E-03    0.10714E+01
    0.44817E-03    0.10926E+01
    0.45722E-03    0.11141E+01
    0.46646E-03    0.11361E+01
    0.47588E-03    0.11585E+01
    0.48550E-03    0.11813E+01
    0.49530E-03    0.12046E+01
    0.50531E-03    0.12284E+01
    0.51552E-03    0.12526E+01
    0.52593E-03    0.12772E+01
    0.53656E-03    0.13024E+01
    0.54739E-03    0.13281E+01
    0.55845E-03    0.13542E+01
    0.56973E-03    0.13809E+01
    0.58124E-03    0.14081E+01
    0.59299E-03    0.14358E+01
    0.60496E-03    0.14641E+01
    0.61719E-03    0.14929E+01
    0.62965E-03    0.15222E+01
    0.64237E-03    0.15522E+01
    0.65535E-03    0.15827E+01
    0.66859E-03    0.16138E+01
    0.68210E-03    0.16455E+01
    0.69588E-03    0.16779E+01
    0.70993E-03    0.17108E+01
    0.72427E-03    0.17444E+01
    0.73891E-03    0.17787E+01
    0.75383E-03    0.18136E+01
    0.76906E-03    0.18492E+01
    0.78460E-03    0.18855E+01
    0.80045E-03    0.19225E+01
    0.81662E-03    0.19602E+01
    0.83311E-03    0.19986E+01
    0.84994E-03    0.20378E+01
    0.86711E-03    0.20777E+01
    0.88463E-03    0.21183E+01
    0.90250E-03    0.21598E+01
    0.92073E-03    0.22020E+01
    0.93933E-03    0.22451E+01
    0.95831E-03    0.22890E+01
    0.97767E-03    0.23337E+01
    0.99742E-03    0.23793E+01
    0.10176E-02    0.24257E+01
    0.10381E-02    0.24730E+01
    0.10591E-02    0.25212E+01
    0.10805E-02    0.25704E+01
    0.11023E-02    0.26204E+01
    0.11246E-02    0.26714E+01
    0.11473E-02    0.27234E+01
    0.11705E-02    0.27763E+01
    0.11941E-02    0.28302E+01
    0.12182E-02    0.28852E+01
    0.12429E-02    0.29411E+01
    0.12680E-02    0.29981E+01
    0.12936E-02    0.30562E+01
    0.13197E-02    0.31153E+01
    0.13464E-02    0.31755E+01
    0.13736E-02    0.32368E+01
    0.14013E-02    0.32993E+01
    0.14296E-02    0.33629E+01
    0.14585E-02    0.34276E+01
    0.14880E-02    0.34936E+01
    0.15180E-02    0.35607E+01
    0.15487E-02    0.36290E+01
    0.15800E-02    0.36986E+01
    0.16119E-02    0.37694E+01
    0.16445E-02    0.38415E+01
    0.16777E-02    0.39148E+01
    0.17116E-02    0.39895E+01
    0.17462E-02    0.40655E+01
    0.17814E-02    0.41428E+01
    0.18174E-02    0.42214E+01
    0.18541E-02    0.43014E+01
    0.18916E-02    0.43828E+01
    0.19298E-02    0.44656E+01
    0.19688E-02    0.45498E+01
    0.20086E-02    0.46354E+01
    0.20491E-02    0.47225E+01
    0.20905E-02    0.48110E+01
    0.21328E-02    0.49010E+01
    0.21758E-02    0.49925E+01
    0.22198E-02    0.50855E+01
    0.22646E-02    0.51800E+01
    0.23104E-02    0.52760E+01
    0.23571E-02    0.53735E+01
    0.24047E-02    0.54726E+01
    0.24533E-02    0.55733E+01
    0.25028E-02    0.56755E+01
    0.25534E-02    0.57793E+01
    0.26050E-02    0.58847E+01
    0.26576E-02    0.59917E+01
    0.27113E-02    0.61002E+01
    0.27660E-02    0.62104E+01
    0.28219E-02    0.63221E+01
    0.28789E-02    0.64355E+01
    0.29371E-02    0.65505E+01
    0.29964E-02    0.66671E+01
    0.30569E-02    0.67853E+01
    0.31187E-02    0.69051E+01
    0.31817E-02    0.70265E+01
    0.32460E-02    0.71495E+01
    0.33115E-02    0.72741E+01
    0.33784E-02    0.74003E+01
    0.34467E-02    0.75280E+01
    0.35163E-02    0.76573E+01
    0.35874E-02    0.77882E+01
    0.36598E-02    0.79206E+01
    0.37338E-02    0.80545E+01
    0.38092E-02    0.81899E+01
    0.38861E-02    0.83268E+01
    0.39646E-02    0.84651E+01
    0.40447E-02    0.86049E+01
    0.41264E-02    0.87460E+01
    0.42098E-02    0.88886E+01
    0.42948E-02    0.90325E+01
    0.43816E-02    0.91777E+01
    0.44701E-02    0.93242E+01
    0.45604E-02    0.94719E+01
    0.46525E-02    0.96209E+01
    0.47465E-02    0.97710E+01
    0.48424E-02    0.99222E+01
    0.49402E-02    0.10074E+02
    0.50400E-02    0.10228E+02
    0.51419E-02    0.10382E+02
    0.52457E-02    0.10537E+02
    0.53517E-02    0.10693E+02
    0.54598E-02    0.10850E+02
    0.55701E-02    0.11008E+02
    0.56826E-02    0.11166E+02
    0.57974E-02    0.11325E+02
    0.59145E-02    0.11484E+02
    0.60340E-02    0.11644E+02
    0.61559E-02    0.11804E+02
    0.62803E-02    0.11965E+02
    0.64072E-02    0.12126E+02
    0.65366E-02    0.12287E+02
    0.66686E-02    0.12448E+02
    0.68033E-02    0.12609E+02
    0.69408E-02    0.12769E+02
    0.70810E-02    0.12930E+02
    0.72240E-02    0.13090E+02
    0.73700E-02    0.13250E+02
    0.75189E-02    0.13409E+02
    0.76708E-02    0.13567E+02
    0.78257E-02    0.13725E+02
    0.79838E-02    0.13881E+02
    0.81451E-02    0.14036E+02
    0.83096E-02    0.14191E+02
    0.84775E-02    0.14343E+02
    0.86488E-02    0.14494E+02
    0.88235E-02    0.14644E+02
    0.90017E-02    0.14791E+02
    0.91836E-02    0.14937E+02
    0.93691E-02    0.15080E+02
    0.95583E-02    0.15221E+02
    0.97514E-02    0.15359E+02
    0.99484E-02    0.15494E+02
    0.10149E-01    0.15626E+02
    0.10354E-01    0.15756E+02
    0.10564E-01    0.15881E+02
    0.10777E-01    0.16003E+02
    0.10995E-01    0.16122E+02
    0.11217E-01    0.16236E+02
    0.11443E-01    0.16346E+02
    0.11675E-01    0.16452E+02
    0.11910E-01    0.16552E+02
    0.12151E-01    0.16648E+02
    0.12397E-01    0.16739E+02
    0.12647E-01    0.16825E+02
    0.12902E-01    0.16905E+02
    0.13163E-01    0.16979E+02
    0.13429E-01    0.17048E+02
    0.13700E-01    0.17110E+02
    0.13977E-01    0.17165E+02
    0.14259E-01    0.17214E+02
    0.14547E-01    0.17257E+02
    0.14841E-01    0.17292E+02
    0.15141E-01    0.17320E+02
    0.15447E-01    0.17340E+02
    0.15759E-01    0.17353E+02
    0.16077E-01    0.17358E+02
    0.16402E-01    0.17355E+02
    0.16734E-01    0.17343E+02
    0.17072E-01    0.17324E+02
    0.17416E-01    0.17296E+02
    0.17768E-01    0.17260E+02
    0.18127E-01    0.17215E+02
    0.18493E-01    0.17161E+02
    0.18867E-01    0.17098E+02
    0.19248E-01    0.17027E+02
    0.19637E-01    0.16947E+02
    0.20034E-01    0.16857E+02
    0.20438E-01    0.16759E+02
    0.20851E-01    0.16652E+02
    0.21272E-01    0.16537E+02
    0.21702E-01    0.16413E+02
    0.22141E-01    0.16280E+02
    0.22588E-01    0.16138E+02
    0.23044E-01    0.15989E+02
    0.23510E-01    0.15831E+02
    0.23985E-01    0.15666E+02
    0.24469E-01    0.15493E+02
    0.24964E-01    0.15313E+02
    0.25468E-01    0.15126E+02
    0.25982E-01    0.14932E+02
    0.26507E-01    0.14732E+02
    0.27043E-01    0.14526E+02
    0.27589E-01    0.14316E+02
    0.28146E-01    0.14100E+02
    0.28715E-01    0.13880E+02
    0.29295E-01    0.13656E+02
    0.29887E-01    0.13429E+02
    0.30490E-01    0.13199E+02
    0.31106E-01    0.12968E+02
    0.31735E-01    0.12734E+02
    0.32376E-01    0.12500E+02
    0.33030E-01    0.12266E+02
    0.33697E-01    0.12033E+02
    0.34378E-01    0.11800E+02
    0.35072E-01    0.11569E+02
    0.35781E-01    0.11341E+02
    0.36504E-01    0.11115E+02
    0.37241E-01    0.10893E+02
    0.37993E-01    0.10675E+02
    0.38761E-01    0.10462E+02
    0.39544E-01    0.10254E+02
    0.40343E-01    0.10051E+02
    0.41158E-01    0.98547E+01
    0.41989E-01    0.96645E+01
    0.42838E-01    0.94810E+01
    0.43703E-01    0.93043E+01
    0.44586E-01    0.91347E+01
    0.45486E-01    0.89722E+01
    0.46405E-01    0.88167E+01
    0.47343E-01    0.86683E+01
    0.48299E-01    0.85266E+01
    0.49275E-01    0.83915E+01
    0.50270E-01    0.82626E+01
    0.51286E-01    0.81393E+01
    0.52322E-01    0.80210E+01
    0.53379E-01    0.79072E+01
    0.54457E-01    0.77970E+01
    0.55557E-01    0.76895E+01
    0.56680E-01    0.75839E+01
    0.57825E-01    0.74791E+01
    0.58993E-01    0.73741E+01
    0.60184E-01    0.72678E+01
    0.61400E-01    0.71592E+01
    0.62641E-01    0.70473E+01
    0.63906E-01    0.69310E+01
    0.65197E-01    0.68095E+01
    0.66514E-01    0.66821E+01
    0.67858E-01    0.65480E+01
    0.69229E-01    0.64070E+01
    0.70627E-01    0.62588E+01
    0.72054E-01    0.61035E+01
    0.73510E-01    0.59413E+01
    0.74994E-01    0.57725E+01
    0.76509E-01    0.55987E+01
    0.78055E-01    0.54207E+01
    0.79632E-01    0.52399E+01
    0.81241E-01    0.50579E+01
    0.82882E-01    0.48763E+01
    0.84556E-01    0.46969E+01
    0.86264E-01    0.45217E+01
    0.88007E-01    0.43523E+01
    0.89785E-01    0.41904E+01
    0.91598E-01    0.40376E+01
    0.93449E-01    0.38950E+01
    0.95337E-01    0.37636E+01
    0.97263E-01    0.36440E+01
    0.99227E-01    0.35363E+01
    0.10123E+00    0.34403E+01
    0.10328E+00    0.33555E+01
    0.10536E+00    0.32807E+01
    0.10749E+00    0.32145E+01
    0.10966E+00    0.31551E+01
    0.11188E+00    0.31004E+01
    0.11414E+00    0.30480E+01
    0.11644E+00    0.29955E+01
    0.11880E+00    0.29405E+01
    0.12120E+00    0.28809E+01
    0.12365E+00    0.28151E+01
    0.12614E+00    0.27419E+01
    0.12869E+00    0.26608E+01
    0.13129E+00    0.25722E+01
    0.13394E+00    0.24771E+01
    0.13665E+00    0.23772E+01
    0.13941E+00    0.22750E+01
    0.14223E+00    0.21732E+01
    0.14510E+00    0.20745E+01
    0.14803E+00    0.19815E+01
    0.15102E+00    0.18962E+01
    0.15407E+00    0.18202E+01
    0.15718E+00    0.17542E+01
    0.16036E+00    0.16983E+01
    0.16360E+00    0.16513E+01
    0.16690E+00    0.16117E+01
    0.17028E+00    0.15771E+01
    0.17371E+00    0.15449E+01
    0.17722E+00    0.15122E+01
    0.18080E+00    0.14765E+01
    0.18446E+00    0.14360E+01
    0.18818E+00    0.13899E+01
    0.19198E+00    0.13382E+01
    0.19586E+00    0.12824E+01
    0.19982E+00    0.12244E+01
    0.20386E+00    0.11669E+01
    0.20797E+00    0.11124E+01
    0.21218E+00    0.10630E+01
    0.21646E+00    0.10200E+01
    0.22083E+00    0.98375E+00
    0.22530E+00    0.95336E+00
    0.22985E+00    0.92725E+00
    0.23449E+00    0.90327E+00
    0.23923E+00    0.87913E+00
    0.24406E+00    0.85296E+00
    0.24899E+00    0.82374E+00
    0.25402E+00    0.79151E+00
    0.25915E+00    0.75729E+00
    0.26439E+00    0.72283E+00
    0.26973E+00    0.69001E+00
    0.27518E+00    0.66029E+00
    0.28074E+00    0.63443E+00
    0.28641E+00    0.61218E+00
    0.29219E+00    0.59253E+00
    0.29810E+00    0.57401E+00
    0.30412E+00    0.55516E+00
    0.31026E+00    0.53510E+00
    0.31653E+00    0.51370E+00
    0.32292E+00    0.49164E+00
    0.32945E+00    0.47002E+00
    0.33610E+00    0.44987E+00
    0.34289E+00    0.43179E+00
    0.34982E+00    0.41568E+00
    0.35689E+00    0.40088E+00
    0.36409E+00    0.38652E+00
    0.37145E+00    0.37192E+00
    0.37895E+00    0.35691E+00
    0.38661E+00    0.34180E+00
    0.39442E+00    0.32720E+00
    0.40239E+00    0.31359E+00
    0.41052E+00    0.30112E+00
    0.41881E+00    0.28953E+00
    0.42727E+00    0.27837E+00
    0.43590E+00    0.26729E+00
    0.44471E+00    0.25623E+00
    0.45369E+00    0.24541E+00
    0.46286E+00    0.23511E+00
    0.47221E+00    0.22545E+00
    0.48174E+00    0.21636E+00
    0.49148E+00    0.20763E+00
    0.50141E+00    0.19908E+00
    0.51153E+00    0.19072E+00
    0.52187E+00    0.18266E+00
    0.53241E+00    0.17500E+00
    0.54317E+00    0.16773E+00
    0.55414E+00    0.16077E+00
    0.56533E+00    0.15402E+00
    0.57675E+00    0.14749E+00
    0.58840E+00    0.14122E+00
    0.60029E+00    0.13522E+00
    0.61242E+00    0.12947E+00
    0.62479E+00    0.12395E+00
    0.63741E+00    0.11866E+00
    0.65029E+00    0.11360E+00
    0.66342E+00    0.10873E+00
    0.67683E+00    0.10407E+00
    0.69050E+00    0.99599E-01
    0.70445E+00    0.95307E-01
    0.71868E+00    0.91190E-01
    0.73320E+00    0.87240E-01
    0.74801E+00    0.83451E-01
    0.76312E+00    0.79818E-01
    0.77854E+00    0.76334E-01
    0.79426E+00    0.72995E-01
    0.81031E+00    0.69795E-01
    0.82668E+00    0.66729E-01
    0.84338E+00    0.63791E-01
    0.86041E+00    0.60977E-01
    0.87780E+00    0.58282E-01
    0.89553E+00    0.55702E-01
    0.91362E+00    0.53231E-01
    0.93208E+00    0.50866E-01
    0.95091E+00    0.48602E-01
    0.97011E+00    0.46434E-01
    0.98971E+00    0.44360E-01
    0.10097E+01    0.42374E-01
    0.10301E+01    0.40475E-01
    0.10509E+01    0.38657E-01
    0.10721E+01    0.36917E-01
    0.10938E+01    0.35253E-01
    0.11159E+01    0.33662E-01
    0.11384E+01    0.32139E-01
    0.11614E+01    0.30683E-01
    0.11849E+01    0.29291E-01
    0.12088E+01    0.27959E-01
    0.12333E+01    0.26686E-01
    0.12582E+01    0.25469E-01
    0.12836E+01    0.24305E-01
    0.13095E+01    0.23193E-01
    0.13360E+01    0.22130E-01
    0.13630E+01    0.21114E-01
    0.13905E+01    0.20144E-01
    0.14186E+01    0.19216E-01
    0.14472E+01    0.18330E-01
    0.14765E+01    0.17483E-01
    0.15063E+01    0.16675E-01
    0.15367E+01    0.15902E-01
    0.15678E+01    0.15165E-01
    0.15994E+01    0.14460E-01
    0.16318E+01    0.13788E-01
    0.16647E+01    0.13146E-01
    0.16984E+01    0.12533E-01
    0.17327E+01    0.11948E-01
    0.17677E+01    0.11389E-01
    0.18034E+01    0.10856E-01
    0.18398E+01    0.10347E-01
    0.18770E+01    0.98607E-02
    0.19149E+01    0.93970E-02
    0.19536E+01    0.89546E-02
    0.19930E+01    0.85324E-02
    0.20333E+01    0.81295E-02
    0.20744E+01    0.77452E-02
    0.21163E+01    0.73786E-02
    0.21590E+01    0.70289E-02
    0.22026E+01    0.66954E-02
    0.22471E+01    0.63773E-02
    0.22925E+01    0.60740E-02
    0.23388E+01    0.57848E-02
    0.23861E+01    0.55090E-02
    0.24343E+01    0.52461E-02
    0.24835E+01    0.49955E-02
    0.25336E+01    0.47566E-02
    0.25848E+01    0.45288E-02
    0.26370E+01    0.43117E-02
    0.26903E+01    0.41048E-02
    0.27447E+01    0.39077E-02
    0.28001E+01    0.37197E-02
    0.28567E+01    0.35407E-02
    0.29144E+01    0.33700E-02
    0.29733E+01    0.32075E-02
    0.30333E+01    0.30525E-02
    0.30946E+01    0.29050E-02
    0.31571E+01    0.27644E-02
    0.32209E+01    0.26305E-02
    0.32860E+01    0.25029E-02
    0.33523E+01    0.23814E-02
    0.34201E+01    0.22657E-02
    0.34892E+01    0.21555E-02
    0.35596E+01    0.20506E-02
    0.36316E+01    0.19506E-02
    0.37049E+01    0.18555E-02
    0.37798E+01    0.17649E-02
    0.38561E+01    0.16787E-02
    0.39340E+01    0.15966E-02
    0.40135E+01    0.15184E-02
    0.40946E+01    0.14440E-02
    0.41773E+01    0.13732E-02
    0.42617E+01    0.13058E-02
    0.43478E+01    0.12416E-02
    0.44356E+01    0.11805E-02
    0.45252E+01    0.11224E-02
    0.46166E+01    0.10671E-02
    0.47099E+01    0.10145E-02
    0.48050E+01    0.96445E-03
    0.49021E+01    0.91681E-03
    0.50011E+01    0.87149E-03
    0.51021E+01    0.82837E-03
    0.52052E+01    0.78736E-03
    0.53104E+01    0.74834E-03
    0.54176E+01    0.71123E-03
    0.55271E+01    0.67592E-03
    0.56387E+01    0.64235E-03
    0.57526E+01    0.61041E-03
    0.58689E+01    0.58005E-03
    0.59874E+01    0.55116E-03
    0.61084E+01    0.52370E-03
    0.62318E+01    0.49759E-03
    0.63577E+01    0.47275E-03
    0.64861E+01    0.44914E-03
    0.66171E+01    0.42670E-03
    0.67508E+01    0.40536E-03
    0.68872E+01    0.38507E-03
    0.70263E+01    0.36578E-03
    0.71682E+01    0.34745E-03
    0.73130E+01    0.33002E-03
    0.74608E+01    0.31345E-03
    0.76115E+01    0.29771E-03
    0.77653E+01    0.28275E-03
    0.79221E+01    0.26853E-03
    0.80822E+01    0.25501E-03
    0.82454E+01    0.24217E-03
    0.84120E+01    0.22996E-03
    0.85819E+01    0.21836E-03
    0.87553E+01    0.20734E-03
    0.89322E+01    0.19687E-03
    0.91126E+01    0.18693E-03
    0.92967E+01    0.17747E-03
    0.94845E+01    0.16849E-03
    0.96761E+01    0.15996E-03
    0.98716E+01    0.15186E-03
    0.10071E+02    0.14416E-03
    0.10274E+02    0.13685E-03
    0.10482E+02    0.12990E-03
    0.10694E+02    0.12330E-03
    0.10910E+02    0.11704E-03
    0.11130E+02    0.11109E-03
    0.11355E+02    0.10543E-03
    0.11584E+02    0.10007E-03
    0.11818E+02    0.94968E-04
    0.12057E+02    0.90128E-04
    0.12301E+02    0.85531E-04
    0.12549E+02    0.81166E-04
    0.12803E+02    0.77022E-04
    0.13061E+02    0.73087E-04
    0.13325E+02    0.69351E-04
    0.13594E+02    0.65804E-04
    0.13869E+02    0.62437E-04
    0.14149E+02    0.59240E-04
    0.14435E+02    0.56205E-04
    0.14727E+02    0.53324E-04
    0.15024E+02    0.50589E-04
    0.15328E+02    0.47993E-04
    0.15637E+02    0.45529E-04
    0.15953E+02    0.43190E-04
    0.16275E+02    0.40971E-04
    0.16604E+02    0.38864E-04
    0.16940E+02    0.36864E-04
    0.17282E+02    0.34967E-04
    0.17631E+02    0.33166E-04
    0.17987E+02    0.31457E-04
    0.18351E+02    0.29835E-04
    0.18721E+02    0.28296E-04
    0.19099E+02    0.26836E-04
    0.19485E+02    0.25450E-04
    0.19879E+02    0.24136E-04
    0.20280E+02    0.22888E-04
    0.20690E+02    0.21705E-04
    0.21108E+02    0.20582E-04
    0.21535E+02    0.19517E-04
    0.21970E+02    0.18506E-04
    0.22413E+02    0.17547E-04
    0.22866E+02    0.16638E-04
    0.23328E+02    0.15775E-04
    0.23799E+02    0.14957E-04
    0.24280E+02    0.14180E-04
    0.24771E+02    0.13444E-04
    0.25271E+02    0.12746E-04
    0.25782E+02    0.12083E-04
    0.26302E+02    0.11455E-04
    0.26834E+02    0.10859E-04
    0.27376E+02    0.10294E-04
    0.27929E+02    0.97577E-05
    0.28493E+02    0.92494E-05
    0.29069E+02    0.87673E-05
    0.29656E+02    0.83102E-05
    0.30255E+02    0.78767E-05
    0.30866E+02    0.74657E-05
    0.31490E+02    0.70759E-05
    0.32126E+02    0.67063E-05
    0.32775E+02    0.63559E-05
    0.33437E+02    0.60236E-05
    0.34112E+02    0.57086E-05
    0.34801E+02    0.54099E-05
    0.35504E+02    0.51268E-05
    0.36222E+02    0.48583E-05
    0.36953E+02    0.46038E-05
    0.37700E+02    0.43625E-05
    0.38462E+02    0.41338E-05
    0.39239E+02    0.39170E-05
    0.40031E+02    0.37114E-05
    0.40840E+02    0.35166E-05
    0.41665E+02    0.33319E-05
    0.42507E+02    0.31568E-05
    0.43365E+02    0.29909E-05
    0.44241E+02    0.28336E-05
    0.45135E+02    0.26846E-05
    0.46047E+02    0.25433E-05
    0.46977E+02    0.24094E-05
    0.47926E+02    0.22825E-05
    0.48894E+02    0.21622E-05
    0.49882E+02    0.20482E-05
    0.50890E+02    0.19402E-05
    0.51918E+02    0.18378E-05
    0.52966E+02    0.17408E-05
    0.54036E+02    0.16489E-05
    0.55128E+02    0.15618E-05
    0.56242E+02    0.14793E-05
    0.57378E+02    0.14011E-05
    0.58537E+02    0.13270E-05
    0.59720E+02    0.12567E-05
    0.60926E+02    0.11902E-05
    0.62157E+02    0.11272E-05
    0.63412E+02    0.10675E-05
    0.64693E+02    0.10109E-05
    0.66000E+02    0.95730E-06
    0.67334E+02    0.90651E-06
    0.68694E+02    0.85841E-06
    0.70082E+02    0.81283E-06
    0.71497E+02    0.76966E-06
    0.72942E+02    0.72876E-06
    0.74415E+02    0.69002E-06
    0.75918E+02    0.65332E-06
    0.77452E+02    0.61856E-06
    0.79017E+02    0.58563E-06
    0.80613E+02    0.55444E-06
    0.82241E+02    0.52490E-06
    0.83903E+02    0.49692E-06
    0.85598E+02    0.47042E-06
    0.87327E+02    0.44532E-06
    0.89091E+02    0.42155E-06
    0.90891E+02    0.39903E-06
    0.92727E+02    0.37771E-06
    0.94600E+02    0.35752E-06
    0.96511E+02    0.33840E-06
    0.98461E+02    0.32029E-06
    0.10045E+03    0.30314E-06
    0.10248E+03    0.28690E-06
    0.10455E+03    0.27153E-06
    0.10666E+03    0.25697E-06
    0.10882E+03    0.24318E-06
    0.11101E+03    0.23013E-06
    0.11326E+03    0.21777E-06
    0.11554E+03    0.20606E-06
    0.11788E+03    0.19498E-06
    0.12026E+03    0.18449E-06
    0.12269E+03    0.17456E-06
    0.12517E+03    0.16516E-06
    0.12770E+03    0.15625E-06
    0.13028E+03    0.14783E-06
    0.13291E+03    0.13985E-06
    0.13559E+03    0.13229E-06
    0.13833E+03    0.12514E-06
    0.14113E+03    0.11838E-06
    0.14398E+03    0.11197E-06
    0.14689E+03    0.10591E-06
    0.14985E+03    0.10017E-06
    0.15288E+03    0.94736E-07
    0.15597E+03    0.89596E-07
    0.15912E+03    0.84731E-07
    0.16233E+03    0.80127E-07
    0.16561E+03    0.75770E-07
    0.16896E+03    0.71646E-07
    0.17237E+03    0.67743E-07
    0.17585E+03    0.64049E-07
    0.17941E+03    0.60553E-07
    0.18303E+03    0.57244E-07
    0.18673E+03    0.54112E-07
    0.19050E+03    0.51149E-07
    0.19435E+03    0.48343E-07
    0.19828E+03    0.45689E-07
    0.20228E+03    0.43178E-07
    0.20637E+03    0.40802E-07
    0.21054E+03    0.38556E-07
    0.21479E+03    0.36432E-07
    0.21913E+03    0.34423E-07
    0.22356E+03    0.32525E-07
    0.22807E+03    0.30731E-07
    0.23268E+03    0.29035E-07
