#           k/h    P           
    0.10000E-03    0.25186E+00
    0.10202E-03    0.25683E+00
    0.10408E-03    0.26191E+00
    0.10618E-03    0.26709E+00
    0.10833E-03    0.27237E+00
    0.11052E-03    0.27775E+00
    0.11275E-03    0.28324E+00
    0.11503E-03    0.28884E+00
    0.11735E-03    0.29455E+00
    0.11972E-03    0.30038E+00
    0.12214E-03    0.30631E+00
    0.12461E-03    0.31237E+00
    0.12712E-03    0.31854E+00
    0.12969E-03    0.32484E+00
    0.13231E-03    0.33126E+00
    0.13499E-03    0.33781E+00
    0.13771E-03    0.34449E+00
    0.14049E-03    0.35130E+00
    0.14333E-03    0.35824E+00
    0.14623E-03    0.36532E+00
    0.14918E-03    0.37254E+00
    0.15220E-03    0.37991E+00
    0.15527E-03    0.38741E+00
    0.15841E-03    0.39507E+00
    0.16161E-03    0.40288E+00
    0.16487E-03    0.41084E+00
    0.16820E-03    0.41896E+00
    0.17160E-03    0.42724E+00
    0.17507E-03    0.43568E+00
    0.17860E-03    0.44429E+00
    0.18221E-03    0.45307E+00
    0.18589E-03    0.46203E+00
    0.18965E-03    0.47116E+00
    0.19348E-03    0.48047E+00
    0.19739E-03    0.48996E+00
    0.20138E-03    0.49964E+00
    0.20544E-03    0.50952E+00
    0.20959E-03    0.51958E+00
    0.21383E-03    0.52985E+00
    0.21815E-03    0.54032E+00
    0.22255E-03    0.55099E+00
    0.22705E-03    0.56188E+00
    0.23164E-03    0.57297E+00
    0.23632E-03    0.58429E+00
    0.24109E-03    0.59583E+00
    0.24596E-03    0.60760E+00
    0.25093E-03    0.61961E+00
    0.25600E-03    0.63184E+00
    0.26117E-03    0.64432E+00
    0.26645E-03    0.65705E+00
    0.27183E-03    0.67002E+00
    0.27732E-03    0.68325E+00
    0.28292E-03    0.69674E+00
    0.28864E-03    0.71050E+00
    0.29447E-03    0.72453E+00
    0.30042E-03    0.73883E+00
    0.30649E-03    0.75342E+00
    0.31268E-03    0.76829E+00
    0.31899E-03    0.78345E+00
    0.32544E-03    0.79892E+00
    0.33201E-03    0.81468E+00
    0.33872E-03    0.83076E+00
    0.34556E-03    0.84715E+00
    0.35254E-03    0.86387E+00
    0.35966E-03    0.88091E+00
    0.36693E-03    0.89829E+00
    0.37434E-03    0.91601E+00
    0.38190E-03    0.93407E+00
    0.38962E-03    0.95249E+00
    0.39749E-03    0.97128E+00
    0.40552E-03    0.99043E+00
    0.41371E-03    0.10100E+01
    0.42207E-03    0.10299E+01
    0.43060E-03    0.10502E+01
    0.43929E-03    0.10709E+01
    0.44817E-03    0.10920E+01
    0.45722E-03    0.11135E+01
    0.46646E-03    0.11354E+01
    0.47588E-03    0.11578E+01
    0.48550E-03    0.11806E+01
    0.49530E-03    0.12038E+01
    0.50531E-03    0.12275E+01
    0.51552E-03    0.12517E+01
    0.52593E-03    0.12763E+01
    0.53656E-03    0.13014E+01
    0.54739E-03    0.13270E+01
    0.55845E-03    0.13531E+01
    0.56973E-03    0.13797E+01
    0.58124E-03    0.14068E+01
    0.59299E-03    0.14345E+01
    0.60496E-03    0.14627E+01
    0.61719E-03    0.14914E+01
    0.62965E-03    0.15207E+01
    0.64237E-03    0.15505E+01
    0.65535E-03    0.15810E+01
    0.66859E-03    0.16120E+01
    0.68210E-03    0.16436E+01
    0.69588E-03    0.16758E+01
    0.70993E-03    0.17087E+01
    0.72427E-03    0.17422E+01
    0.73891E-03    0.17763E+01
    0.75383E-03    0.18111E+01
    0.76906E-03    0.18465E+01
    0.78460E-03    0.18827E+01
    0.80045E-03    0.19195E+01
    0.81662E-03    0.19570E+01
    0.83311E-03    0.19952E+01
    0.84994E-03    0.20342E+01
    0.86711E-03    0.20739E+01
    0.88463E-03    0.21143E+01
    0.90250E-03    0.21556E+01
    0.92073E-03    0.21976E+01
    0.93933E-03    0.22404E+01
    0.95831E-03    0.22840E+01
    0.97767E-03    0.23284E+01
    0.99742E-03    0.23737E+01
    0.10176E-02    0.24198E+01
    0.10381E-02    0.24667E+01
    0.10591E-02    0.25146E+01
    0.10805E-02    0.25633E+01
    0.11023E-02    0.26129E+01
    0.11246E-02    0.26635E+01
    0.11473E-02    0.27150E+01
    0.11705E-02    0.27674E+01
    0.11941E-02    0.28208E+01
    0.12182E-02    0.28752E+01
    0.12429E-02    0.29305E+01
    0.12680E-02    0.29869E+01
    0.12936E-02    0.30443E+01
    0.13197E-02    0.31027E+01
    0.13464E-02    0.31621E+01
    0.13736E-02    0.32227E+01
    0.14013E-02    0.32843E+01
    0.14296E-02    0.33470E+01
    0.14585E-02    0.34108E+01
    0.14880E-02    0.34757E+01
    0.15180E-02    0.35418E+01
    0.15487E-02    0.36090E+01
    0.15800E-02    0.36773E+01
    0.16119E-02    0.37469E+01
    0.16445E-02    0.38176E+01
    0.16777E-02    0.38895E+01
    0.17116E-02    0.39627E+01
    0.17462E-02    0.40371E+01
    0.17814E-02    0.41127E+01
    0.18174E-02    0.41895E+01
    0.18541E-02    0.42676E+01
    0.18916E-02    0.43470E+01
    0.19298E-02    0.44276E+01
    0.19688E-02    0.45096E+01
    0.20086E-02    0.45928E+01
    0.20491E-02    0.46773E+01
    0.20905E-02    0.47632E+01
    0.21328E-02    0.48503E+01
    0.21758E-02    0.49388E+01
    0.22198E-02    0.50286E+01
    0.22646E-02    0.51197E+01
    0.23104E-02    0.52121E+01
    0.23571E-02    0.53059E+01
    0.24047E-02    0.54010E+01
    0.24533E-02    0.54974E+01
    0.25028E-02    0.55951E+01
    0.25534E-02    0.56941E+01
    0.26050E-02    0.57945E+01
    0.26576E-02    0.58961E+01
    0.27113E-02    0.59990E+01
    0.27660E-02    0.61032E+01
    0.28219E-02    0.62087E+01
    0.28789E-02    0.63154E+01
    0.29371E-02    0.64234E+01
    0.29964E-02    0.65325E+01
    0.30569E-02    0.66428E+01
    0.31187E-02    0.67543E+01
    0.31817E-02    0.68669E+01
    0.32460E-02    0.69806E+01
    0.33115E-02    0.70954E+01
    0.33784E-02    0.72112E+01
    0.34467E-02    0.73280E+01
    0.35163E-02    0.74458E+01
    0.35874E-02    0.75644E+01
    0.36598E-02    0.76840E+01
    0.37338E-02    0.78043E+01
    0.38092E-02    0.79254E+01
    0.38861E-02    0.80471E+01
    0.39646E-02    0.81695E+01
    0.40447E-02    0.82925E+01
    0.41264E-02    0.84160E+01
    0.42098E-02    0.85399E+01
    0.42948E-02    0.86642E+01
    0.43816E-02    0.87887E+01
    0.44701E-02    0.89134E+01
    0.45604E-02    0.90383E+01
    0.46525E-02    0.91631E+01
    0.47465E-02    0.92878E+01
    0.48424E-02    0.94124E+01
    0.49402E-02    0.95367E+01
    0.50400E-02    0.96605E+01
    0.51419E-02    0.97839E+01
    0.52457E-02    0.99066E+01
    0.53517E-02    0.10029E+02
    0.54598E-02    0.10150E+02
    0.55701E-02    0.10270E+02
    0.56826E-02    0.10389E+02
    0.57974E-02    0.10507E+02
    0.59145E-02    0.10623E+02
    0.60340E-02    0.10738E+02
    0.61559E-02    0.10851E+02
    0.62803E-02    0.10962E+02
    0.64072E-02    0.11071E+02
    0.65366E-02    0.11178E+02
    0.66686E-02    0.11283E+02
    0.68033E-02    0.11385E+02
    0.69408E-02    0.11485E+02
    0.70810E-02    0.11581E+02
    0.72240E-02    0.11675E+02
    0.73700E-02    0.11765E+02
    0.75189E-02    0.11852E+02
    0.76708E-02    0.11936E+02
    0.78257E-02    0.12016E+02
    0.79838E-02    0.12092E+02
    0.81451E-02    0.12164E+02
    0.83096E-02    0.12231E+02
    0.84775E-02    0.12294E+02
    0.86488E-02    0.12352E+02
    0.88235E-02    0.12406E+02
    0.90017E-02    0.12454E+02
    0.91836E-02    0.12498E+02
    0.93691E-02    0.12536E+02
    0.95583E-02    0.12568E+02
    0.97514E-02    0.12595E+02
    0.99484E-02    0.12616E+02
    0.10149E-01    0.12630E+02
    0.10354E-01    0.12639E+02
    0.10564E-01    0.12642E+02
    0.10777E-01    0.12638E+02
    0.10995E-01    0.12628E+02
    0.11217E-01    0.12611E+02
    0.11443E-01    0.12587E+02
    0.11675E-01    0.12557E+02
    0.11910E-01    0.12520E+02
    0.12151E-01    0.12476E+02
    0.12397E-01    0.12425E+02
    0.12647E-01    0.12368E+02
    0.12902E-01    0.12304E+02
    0.13163E-01    0.12233E+02
    0.13429E-01    0.12155E+02
    0.13700E-01    0.12070E+02
    0.13977E-01    0.11979E+02
    0.14259E-01    0.11881E+02
    0.14547E-01    0.11776E+02
    0.14841E-01    0.11666E+02
    0.15141E-01    0.11548E+02
    0.15447E-01    0.11425E+02
    0.15759E-01    0.11296E+02
    0.16077E-01    0.11161E+02
    0.16402E-01    0.11020E+02
    0.16734E-01    0.10873E+02
    0.17072E-01    0.10721E+02
    0.17416E-01    0.10564E+02
    0.17768E-01    0.10402E+02
    0.18127E-01    0.10235E+02
    0.18493E-01    0.10064E+02
    0.18867E-01    0.98888E+01
    0.19248E-01    0.97093E+01
    0.19637E-01    0.95260E+01
    0.20034E-01    0.93392E+01
    0.20438E-01    0.91491E+01
    0.20851E-01    0.89561E+01
    0.21272E-01    0.87603E+01
    0.21702E-01    0.85620E+01
    0.22141E-01    0.83616E+01
    0.22588E-01    0.81594E+01
    0.23044E-01    0.79557E+01
    0.23510E-01    0.77508E+01
    0.23985E-01    0.75450E+01
    0.24469E-01    0.73386E+01
    0.24964E-01    0.71321E+01
    0.25468E-01    0.69257E+01
    0.25982E-01    0.67198E+01
    0.26507E-01    0.65148E+01
    0.27043E-01    0.63109E+01
    0.27589E-01    0.61085E+01
    0.28146E-01    0.59080E+01
    0.28715E-01    0.57096E+01
    0.29295E-01    0.55137E+01
    0.29887E-01    0.53205E+01
    0.30490E-01    0.51303E+01
    0.31106E-01    0.49434E+01
    0.31735E-01    0.47600E+01
    0.32376E-01    0.45803E+01
    0.33030E-01    0.44044E+01
    0.33697E-01    0.42327E+01
    0.34378E-01    0.40651E+01
    0.35072E-01    0.39020E+01
    0.35781E-01    0.37434E+01
    0.36504E-01    0.35894E+01
    0.37241E-01    0.34403E+01
    0.37993E-01    0.32962E+01
    0.38761E-01    0.31571E+01
    0.39544E-01    0.30232E+01
    0.40343E-01    0.28946E+01
    0.41158E-01    0.27712E+01
    0.41989E-01    0.26533E+01
    0.42838E-01    0.25406E+01
    0.43703E-01    0.24332E+01
    0.44586E-01    0.23309E+01
    0.45486E-01    0.22336E+01
    0.46405E-01    0.21409E+01
    0.47343E-01    0.20525E+01
    0.48299E-01    0.19683E+01
    0.49275E-01    0.18878E+01
    0.50270E-01    0.18108E+01
    0.51286E-01    0.17370E+01
    0.52322E-01    0.16660E+01
    0.53379E-01    0.15977E+01
    0.54457E-01    0.15318E+01
    0.55557E-01    0.14682E+01
    0.56680E-01    0.14068E+01
    0.57825E-01    0.13473E+01
    0.58993E-01    0.12896E+01
    0.60184E-01    0.12335E+01
    0.61400E-01    0.11790E+01
    0.62641E-01    0.11258E+01
    0.63906E-01    0.10737E+01
    0.65197E-01    0.10227E+01
    0.66514E-01    0.97272E+00
    0.67858E-01    0.92360E+00
    0.69229E-01    0.87539E+00
    0.70627E-01    0.82813E+00
    0.72054E-01    0.78187E+00
    0.73510E-01    0.73667E+00
    0.74994E-01    0.69255E+00
    0.76509E-01    0.64972E+00
    0.78055E-01    0.60822E+00
    0.79632E-01    0.56818E+00
    0.81241E-01    0.52976E+00
    0.82882E-01    0.49312E+00
    0.84556E-01    0.45844E+00
    0.86264E-01    0.42584E+00
    0.88007E-01    0.39537E+00
    0.89785E-01    0.36703E+00
    0.91598E-01    0.34080E+00
    0.93449E-01    0.31662E+00
    0.95337E-01    0.29446E+00
    0.97263E-01    0.27430E+00
    0.99227E-01    0.25610E+00
    0.10123E+00    0.23972E+00
    0.10328E+00    0.22499E+00
    0.10536E+00    0.21164E+00
    0.10749E+00    0.19939E+00
    0.10966E+00    0.18800E+00
    0.11188E+00    0.17730E+00
    0.11414E+00    0.16717E+00
    0.11644E+00    0.15754E+00
    0.11880E+00    0.14831E+00
    0.12120E+00    0.13936E+00
    0.12365E+00    0.13059E+00
    0.12614E+00    0.12194E+00
    0.12869E+00    0.11339E+00
    0.13129E+00    0.10498E+00
    0.13394E+00    0.96754E-01
    0.13665E+00    0.88809E-01
    0.13941E+00    0.81260E-01
    0.14223E+00    0.74222E-01
    0.14510E+00    0.67761E-01
    0.14803E+00    0.61881E-01
    0.15102E+00    0.56564E-01
    0.15407E+00    0.51807E-01
    0.15718E+00    0.47624E-01
    0.16036E+00    0.43996E-01
    0.16360E+00    0.40837E-01
    0.16690E+00    0.38025E-01
    0.17028E+00    0.35458E-01
    0.17371E+00    0.33067E-01
    0.17722E+00    0.30804E-01
    0.18080E+00    0.28631E-01
    0.18446E+00    0.26521E-01
    0.18818E+00    0.24451E-01
    0.19198E+00    0.22407E-01
    0.19586E+00    0.20408E-01
    0.19982E+00    0.18514E-01
    0.20386E+00    0.16772E-01
    0.20797E+00    0.15192E-01
    0.21218E+00    0.13778E-01
    0.21646E+00    0.12545E-01
    0.22083E+00    0.11486E-01
    0.22530E+00    0.10569E-01
    0.22985E+00    0.97511E-02
    0.23449E+00    0.89984E-02
    0.23923E+00    0.82935E-02
    0.24406E+00    0.76277E-02
    0.24899E+00    0.69834E-02
    0.25402E+00    0.63535E-02
    0.25915E+00    0.57542E-02
    0.26439E+00    0.51985E-02
    0.26973E+00    0.46926E-02
    0.27518E+00    0.42448E-02
    0.28074E+00    0.38574E-02
    0.28641E+00    0.35210E-02
    0.29219E+00    0.32186E-02
    0.29810E+00    0.29427E-02
    0.30412E+00    0.26887E-02
    0.31026E+00    0.24471E-02
    0.31653E+00    0.22175E-02
    0.32292E+00    0.20025E-02
    0.32945E+00    0.18048E-02
    0.33610E+00    0.16282E-02
    0.34289E+00    0.14747E-02
    0.34982E+00    0.13377E-02
    0.35689E+00    0.12147E-02
    0.36409E+00    0.11033E-02
    0.37145E+00    0.99984E-03
    0.37895E+00    0.90357E-03
    0.38661E+00    0.81417E-03
    0.39442E+00    0.73283E-03
    0.40239E+00    0.66124E-03
    0.41052E+00    0.59683E-03
    0.41881E+00    0.53939E-03
    0.42727E+00    0.48746E-03
    0.43590E+00    0.43996E-03
    0.44471E+00    0.39616E-03
    0.45369E+00    0.35618E-03
    0.46286E+00    0.32058E-03
    0.47221E+00    0.28845E-03
    0.48174E+00    0.25978E-03
    0.49148E+00    0.23389E-03
    0.50141E+00    0.21043E-03
    0.51153E+00    0.18897E-03
    0.52187E+00    0.16978E-03
    0.53241E+00    0.15239E-03
    0.54317E+00    0.13686E-03
    0.55414E+00    0.12296E-03
    0.56533E+00    0.11029E-03
    0.57675E+00    0.98950E-04
    0.58840E+00    0.88682E-04
    0.60029E+00    0.79466E-04
    0.61242E+00    0.71195E-04
    0.62479E+00    0.63773E-04
    0.63741E+00    0.57113E-04
    0.65029E+00    0.51136E-04
    0.66342E+00    0.45773E-04
    0.67683E+00    0.40961E-04
    0.69050E+00    0.36644E-04
    0.70445E+00    0.32771E-04
    0.71868E+00    0.29297E-04
    0.73320E+00    0.26182E-04
    0.74801E+00    0.23391E-04
    0.76312E+00    0.20890E-04
    0.77854E+00    0.18651E-04
    0.79426E+00    0.16647E-04
    0.81031E+00    0.14854E-04
    0.82668E+00    0.13250E-04
    0.84338E+00    0.11816E-04
    0.86041E+00    0.10534E-04
    0.87780E+00    0.93889E-05
    0.89553E+00    0.83662E-05
    0.91362E+00    0.74531E-05
    0.93208E+00    0.66379E-05
    0.95091E+00    0.59104E-05
    0.97011E+00    0.52613E-05
    0.98971E+00    0.46823E-05
    0.10097E+01    0.41660E-05
    0.10301E+01    0.37057E-05
    0.10509E+01    0.32955E-05
    0.10721E+01    0.29299E-05
    0.10938E+01    0.26043E-05
    0.11159E+01    0.23143E-05
    0.11384E+01    0.20561E-05
    0.11614E+01    0.18263E-05
    0.11849E+01    0.16218E-05
    0.12088E+01    0.14399E-05
    0.12333E+01    0.12780E-05
    0.12582E+01    0.11342E-05
    0.12836E+01    0.10063E-05
    0.13095E+01    0.89260E-06
    0.13360E+01    0.79160E-06
    0.13630E+01    0.70188E-06
    0.13905E+01    0.62221E-06
    0.14186E+01    0.55146E-06
    0.14472E+01    0.48866E-06
    0.14765E+01    0.43293E-06
    0.15063E+01    0.38348E-06
    0.15367E+01    0.33961E-06
    0.15678E+01    0.30070E-06
    0.15994E+01    0.26621E-06
    0.16318E+01    0.23562E-06
    0.16647E+01    0.20851E-06
    0.16984E+01    0.18449E-06
    0.17327E+01    0.16321E-06
    0.17677E+01    0.14435E-06
    0.18034E+01    0.12765E-06
    0.18398E+01    0.11286E-06
    0.18770E+01    0.99769E-07
    0.19149E+01    0.88179E-07
    0.19536E+01    0.77921E-07
    0.19930E+01    0.68845E-07
    0.20333E+01    0.60815E-07
    0.20744E+01    0.53712E-07
    0.21163E+01    0.47432E-07
    0.21590E+01    0.41879E-07
    0.22026E+01    0.36971E-07
    0.22471E+01    0.32633E-07
    0.22925E+01    0.28799E-07
    0.23388E+01    0.25413E-07
    0.23861E+01    0.22421E-07
    0.24343E+01    0.19779E-07
    0.24835E+01    0.17446E-07
    0.25336E+01    0.15386E-07
    0.25848E+01    0.13568E-07
    0.26370E+01    0.11962E-07
    0.26903E+01    0.10546E-07
    0.27447E+01    0.92956E-08
    0.28001E+01    0.81926E-08
    0.28567E+01    0.72195E-08
    0.29144E+01    0.63612E-08
    0.29733E+01    0.56042E-08
    0.30333E+01    0.49366E-08
    0.30946E+01    0.43481E-08
    0.31571E+01    0.38292E-08
    0.32209E+01    0.33719E-08
    0.32860E+01    0.29688E-08
    0.33523E+01    0.26137E-08
    0.34201E+01    0.23008E-08
    0.34892E+01    0.20251E-08
    0.35596E+01    0.17823E-08
    0.36316E+01    0.15684E-08
    0.37049E+01    0.13800E-08
    0.37798E+01    0.12142E-08
    0.38561E+01    0.10682E-08
    0.39340E+01    0.93959E-09
    0.40135E+01    0.82641E-09
    0.40946E+01    0.72679E-09
    0.41773E+01    0.63912E-09
    0.42617E+01    0.56196E-09
    0.43478E+01    0.49406E-09
    0.44356E+01    0.43432E-09
    0.45252E+01    0.38177E-09
    0.46166E+01    0.33555E-09
    0.47099E+01    0.29489E-09
    0.48050E+01    0.25914E-09
    0.49021E+01    0.22770E-09
    0.50011E+01    0.20005E-09
    0.51021E+01    0.17575E-09
    0.52052E+01    0.15439E-09
    0.53104E+01    0.13562E-09
    0.54176E+01    0.11912E-09
    0.55271E+01    0.10462E-09
    0.56387E+01    0.91876E-10
    0.57526E+01    0.80680E-10
    0.58689E+01    0.70844E-10
    0.59874E+01    0.62203E-10
    0.61084E+01    0.54612E-10
    0.62318E+01    0.47945E-10
    0.63577E+01    0.42089E-10
    0.64861E+01    0.36946E-10
    0.66171E+01    0.32430E-10
    0.67508E+01    0.28463E-10
    0.68872E+01    0.24981E-10
    0.70263E+01    0.21922E-10
    0.71682E+01    0.19237E-10
    0.73130E+01    0.16880E-10
    0.74608E+01    0.14810E-10
    0.76115E+01    0.12993E-10
    0.77653E+01    0.11398E-10
    0.79221E+01    0.99981E-11
    0.80822E+01    0.87694E-11
    0.82454E+01    0.76911E-11
    0.84120E+01    0.67450E-11
    0.85819E+01    0.59149E-11
    0.87553E+01    0.51868E-11
    0.89322E+01    0.45481E-11
    0.91126E+01    0.39879E-11
    0.92967E+01    0.34967E-11
    0.94845E+01    0.30659E-11
    0.96761E+01    0.26882E-11
    0.98716E+01    0.23570E-11
    0.10071E+02    0.20666E-11
    0.10274E+02    0.18119E-11
    0.10482E+02    0.15885E-11
    0.10694E+02    0.13926E-11
    0.10910E+02    0.12208E-11
    0.11130E+02    0.10701E-11
    0.11355E+02    0.93799E-12
    0.11584E+02    0.82211E-12
    0.11818E+02    0.72047E-12
    0.12057E+02    0.63136E-12
    0.12301E+02    0.55322E-12
    0.12549E+02    0.48472E-12
    0.12803E+02    0.42468E-12
    0.13061E+02    0.37205E-12
    0.13325E+02    0.32593E-12
    0.13594E+02    0.28552E-12
    0.13869E+02    0.25011E-12
    0.14149E+02    0.21909E-12
    0.14435E+02    0.19191E-12
    0.14727E+02    0.16810E-12
    0.15024E+02    0.14724E-12
    0.15328E+02    0.12896E-12
    0.15637E+02    0.11296E-12
    0.15953E+02    0.98931E-13
    0.16275E+02    0.86645E-13
    0.16604E+02    0.75881E-13
    0.16940E+02    0.66452E-13
    0.17282E+02    0.58192E-13
    0.17631E+02    0.50956E-13
    0.17987E+02    0.44618E-13
    0.18351E+02    0.39067E-13
    0.18721E+02    0.34205E-13
    0.19099E+02    0.29947E-13
    0.19485E+02    0.26218E-13
    0.19879E+02    0.22954E-13
    0.20280E+02    0.20095E-13
    0.20690E+02    0.17592E-13
    0.21108E+02    0.15401E-13
    0.21535E+02    0.13483E-13
    0.21970E+02    0.11803E-13
    0.22413E+02    0.10333E-13
    0.22866E+02    0.90458E-14
    0.23328E+02    0.79187E-14
    0.23799E+02    0.69320E-14
    0.24280E+02    0.60680E-14
    0.24771E+02    0.53116E-14
    0.25271E+02    0.46493E-14
    0.25782E+02    0.40694E-14
    0.26302E+02    0.35618E-14
    0.26834E+02    0.31173E-14
    0.27376E+02    0.27282E-14
    0.27929E+02    0.23875E-14
    0.28493E+02    0.20893E-14
    0.29069E+02    0.18282E-14
    0.29656E+02    0.15997E-14
    0.30255E+02    0.13997E-14
    0.30866E+02    0.12247E-14
    0.31490E+02    0.10715E-14
    0.32126E+02    0.93736E-15
    0.32775E+02    0.82002E-15
    0.33437E+02    0.71734E-15
    0.34112E+02    0.62751E-15
    0.34801E+02    0.54892E-15
    0.35504E+02    0.48017E-15
    0.36222E+02    0.42004E-15
    0.36953E+02    0.36744E-15
    0.37700E+02    0.32144E-15
    0.38462E+02    0.28121E-15
    0.39239E+02    0.24602E-15
    0.40031E+02    0.21525E-15
    0.40840E+02    0.18833E-15
    0.41665E+02    0.16477E-15
    0.42507E+02    0.14415E-15
    0.43365E+02    0.12611E-15
    0.44241E+02    0.11032E-15
    0.45135E+02    0.96491E-16
    0.46047E+02    0.84387E-16
    0.46977E+02    0.73790E-16
    0.47926E+02    0.64513E-16
    0.48894E+02    0.56394E-16
    0.49882E+02    0.49290E-16
    0.50890E+02    0.43078E-16
    0.51918E+02    0.37647E-16
    0.52966E+02    0.32900E-16
    0.54036E+02    0.28752E-16
    0.55128E+02    0.25128E-16
    0.56242E+02    0.21963E-16
    0.57378E+02    0.19199E-16
    0.58537E+02    0.16785E-16
    0.59720E+02    0.14677E-16
    0.60926E+02    0.12835E-16
    0.62157E+02    0.11225E-16
    0.63412E+02    0.98174E-17
    0.64693E+02    0.85866E-17
    0.66000E+02    0.75101E-17
    0.67334E+02    0.65684E-17
    0.68694E+02    0.57443E-17
    0.70082E+02    0.50233E-17
    0.71497E+02    0.43922E-17
    0.72942E+02    0.38399E-17
    0.74415E+02    0.33568E-17
    0.75918E+02    0.29340E-17
    0.77452E+02    0.25643E-17
    0.79017E+02    0.22409E-17
    0.80613E+02    0.19581E-17
    0.82241E+02    0.17108E-17
    0.83903E+02    0.14946E-17
    0.85598E+02    0.13056E-17
    0.87327E+02    0.11405E-17
    0.89091E+02    0.99613E-18
    0.90891E+02    0.87002E-18
    0.92727E+02    0.75985E-18
    0.94600E+02    0.66362E-18
    0.96511E+02    0.57958E-18
    0.98461E+02    0.50620E-18
    0.10045E+03    0.44213E-18
    0.10248E+03    0.38620E-18
    0.10455E+03    0.33737E-18
    0.10666E+03    0.29474E-18
    0.10882E+03    0.25752E-18
    0.11101E+03    0.22501E-18
    0.11326E+03    0.19662E-18
    0.11554E+03    0.17181E-18
    0.11788E+03    0.15013E-18
    0.12026E+03    0.13118E-18
    0.12269E+03    0.11462E-18
    0.12517E+03    0.10014E-18
    0.12770E+03    0.87487E-19
    0.13028E+03    0.76420E-19
    0.13291E+03    0.66745E-19
    0.13559E+03    0.58289E-19
    0.13833E+03    0.50900E-19
    0.14113E+03    0.44443E-19
    0.14398E+03    0.38803E-19
    0.14689E+03    0.33877E-19
    0.14985E+03    0.29575E-19
    0.15288E+03    0.25818E-19
    0.15597E+03    0.22538E-19
    0.15912E+03    0.19675E-19
    0.16233E+03    0.17175E-19
    0.16561E+03    0.14992E-19
    0.16896E+03    0.13086E-19
    0.17237E+03    0.11422E-19
    0.17585E+03    0.99688E-20
    0.17941E+03    0.86999E-20
    0.18303E+03    0.75919E-20
    0.18673E+03    0.66243E-20
    0.19050E+03    0.57794E-20
    0.19435E+03    0.50417E-20
    0.19828E+03    0.43977E-20
    0.20228E+03    0.38355E-20
    0.20637E+03    0.33449E-20
    0.21054E+03    0.29169E-20
    0.21479E+03    0.25434E-20
    0.21913E+03    0.22177E-20
    0.22356E+03    0.19336E-20
    0.22807E+03    0.16858E-20
    0.23268E+03    0.14698E-20
