    0.10000E-03    0.25171E+00
    0.10202E-03    0.25668E+00
    0.10408E-03    0.26176E+00
    0.10618E-03    0.26693E+00
    0.10833E-03    0.27221E+00
    0.11052E-03    0.27759E+00
    0.11275E-03    0.28308E+00
    0.11503E-03    0.28868E+00
    0.11735E-03    0.29438E+00
    0.11972E-03    0.30020E+00
    0.12214E-03    0.30614E+00
    0.12461E-03    0.31219E+00
    0.12712E-03    0.31836E+00
    0.12969E-03    0.32466E+00
    0.13231E-03    0.33107E+00
    0.13499E-03    0.33762E+00
    0.13771E-03    0.34429E+00
    0.14049E-03    0.35110E+00
    0.14333E-03    0.35804E+00
    0.14623E-03    0.36512E+00
    0.14918E-03    0.37234E+00
    0.15220E-03    0.37970E+00
    0.15527E-03    0.38720E+00
    0.15841E-03    0.39485E+00
    0.16161E-03    0.40266E+00
    0.16487E-03    0.41062E+00
    0.16820E-03    0.41873E+00
    0.17160E-03    0.42701E+00
    0.17507E-03    0.43545E+00
    0.17860E-03    0.44406E+00
    0.18221E-03    0.45283E+00
    0.18589E-03    0.46178E+00
    0.18965E-03    0.47091E+00
    0.19348E-03    0.48022E+00
    0.19739E-03    0.48971E+00
    0.20138E-03    0.49939E+00
    0.20544E-03    0.50926E+00
    0.20959E-03    0.51932E+00
    0.21383E-03    0.52958E+00
    0.21815E-03    0.54005E+00
    0.22255E-03    0.55072E+00
    0.22705E-03    0.56160E+00
    0.23164E-03    0.57270E+00
    0.23632E-03    0.58401E+00
    0.24109E-03    0.59555E+00
    0.24596E-03    0.60732E+00
    0.25093E-03    0.61932E+00
    0.25600E-03    0.63155E+00
    0.26117E-03    0.64403E+00
    0.26645E-03    0.65675E+00
    0.27183E-03    0.66973E+00
    0.27732E-03    0.68296E+00
    0.28292E-03    0.69645E+00
    0.28864E-03    0.71020E+00
    0.29447E-03    0.72423E+00
    0.30042E-03    0.73853E+00
    0.30649E-03    0.75312E+00
    0.31268E-03    0.76799E+00
    0.31899E-03    0.78316E+00
    0.32544E-03    0.79862E+00
    0.33201E-03    0.81439E+00
    0.33872E-03    0.83047E+00
    0.34556E-03    0.84687E+00
    0.35254E-03    0.86359E+00
    0.35966E-03    0.88063E+00
    0.36693E-03    0.89802E+00
    0.37434E-03    0.91574E+00
    0.38190E-03    0.93382E+00
    0.38962E-03    0.95224E+00
    0.39749E-03    0.97104E+00
    0.40552E-03    0.99020E+00
    0.41371E-03    0.10097E+01
    0.42207E-03    0.10297E+01
    0.43060E-03    0.10500E+01
    0.43929E-03    0.10707E+01
    0.44817E-03    0.10918E+01
    0.45722E-03    0.11133E+01
    0.46646E-03    0.11353E+01
    0.47588E-03    0.11577E+01
    0.48550E-03    0.11805E+01
    0.49530E-03    0.12037E+01
    0.50531E-03    0.12275E+01
    0.51552E-03    0.12517E+01
    0.52593E-03    0.12763E+01
    0.53656E-03    0.13015E+01
    0.54739E-03    0.13271E+01
    0.55845E-03    0.13532E+01
    0.56973E-03    0.13799E+01
    0.58124E-03    0.14071E+01
    0.59299E-03    0.14348E+01
    0.60496E-03    0.14630E+01
    0.61719E-03    0.14918E+01
    0.62965E-03    0.15211E+01
    0.64237E-03    0.15511E+01
    0.65535E-03    0.15816E+01
    0.66859E-03    0.16127E+01
    0.68210E-03    0.16444E+01
    0.69588E-03    0.16767E+01
    0.70993E-03    0.17096E+01
    0.72427E-03    0.17432E+01
    0.73891E-03    0.17774E+01
    0.75383E-03    0.18123E+01
    0.76906E-03    0.18479E+01
    0.78460E-03    0.18841E+01
    0.80045E-03    0.19211E+01
    0.81662E-03    0.19588E+01
    0.83311E-03    0.19972E+01
    0.84994E-03    0.20363E+01
    0.86711E-03    0.20762E+01
    0.88463E-03    0.21168E+01
    0.90250E-03    0.21582E+01
    0.92073E-03    0.22005E+01
    0.93933E-03    0.22435E+01
    0.95831E-03    0.22873E+01
    0.97767E-03    0.23320E+01
    0.99742E-03    0.23776E+01
    0.10176E-02    0.24240E+01
    0.10381E-02    0.24712E+01
    0.10591E-02    0.25194E+01
    0.10805E-02    0.25685E+01
    0.11023E-02    0.26185E+01
    0.11246E-02    0.26695E+01
    0.11473E-02    0.27214E+01
    0.11705E-02    0.27743E+01
    0.11941E-02    0.28282E+01
    0.12182E-02    0.28831E+01
    0.12429E-02    0.29390E+01
    0.12680E-02    0.29960E+01
    0.12936E-02    0.30540E+01
    0.13197E-02    0.31131E+01
    0.13464E-02    0.31732E+01
    0.13736E-02    0.32345E+01
    0.14013E-02    0.32969E+01
    0.14296E-02    0.33605E+01
    0.14585E-02    0.34252E+01
    0.14880E-02    0.34911E+01
    0.15180E-02    0.35581E+01
    0.15487E-02    0.36264E+01
    0.15800E-02    0.36959E+01
    0.16119E-02    0.37667E+01
    0.16445E-02    0.38387E+01
    0.16777E-02    0.39120E+01
    0.17116E-02    0.39866E+01
    0.17462E-02    0.40625E+01
    0.17814E-02    0.41398E+01
    0.18174E-02    0.42184E+01
    0.18541E-02    0.42983E+01
    0.18916E-02    0.43797E+01
    0.19298E-02    0.44624E+01
    0.19688E-02    0.45465E+01
    0.20086E-02    0.46321E+01
    0.20491E-02    0.47191E+01
    0.20905E-02    0.48076E+01
    0.21328E-02    0.48975E+01
    0.21758E-02    0.49889E+01
    0.22198E-02    0.50818E+01
    0.22646E-02    0.51763E+01
    0.23104E-02    0.52722E+01
    0.23571E-02    0.53697E+01
    0.24047E-02    0.54687E+01
    0.24533E-02    0.55693E+01
    0.25028E-02    0.56715E+01
    0.25534E-02    0.57752E+01
    0.26050E-02    0.58805E+01
    0.26576E-02    0.59874E+01
    0.27113E-02    0.60959E+01
    0.27660E-02    0.62060E+01
    0.28219E-02    0.63177E+01
    0.28789E-02    0.64309E+01
    0.29371E-02    0.65459E+01
    0.29964E-02    0.66624E+01
    0.30569E-02    0.67805E+01
    0.31187E-02    0.69002E+01
    0.31817E-02    0.70215E+01
    0.32460E-02    0.71444E+01
    0.33115E-02    0.72689E+01
    0.33784E-02    0.73950E+01
    0.34467E-02    0.75227E+01
    0.35163E-02    0.76519E+01
    0.35874E-02    0.77827E+01
    0.36598E-02    0.79150E+01
    0.37338E-02    0.80488E+01
    0.38092E-02    0.81841E+01
    0.38861E-02    0.83209E+01
    0.39646E-02    0.84592E+01
    0.40447E-02    0.85988E+01
    0.41264E-02    0.87399E+01
    0.42098E-02    0.88824E+01
    0.42948E-02    0.90262E+01
    0.43816E-02    0.91713E+01
    0.44701E-02    0.93177E+01
    0.45604E-02    0.94653E+01
    0.46525E-02    0.96141E+01
    0.47465E-02    0.97641E+01
    0.48424E-02    0.99152E+01
    0.49402E-02    0.10067E+02
    0.50400E-02    0.10221E+02
    0.51419E-02    0.10375E+02
    0.52457E-02    0.10530E+02
    0.53517E-02    0.10686E+02
    0.54598E-02    0.10843E+02
    0.55701E-02    0.11000E+02
    0.56826E-02    0.11158E+02
    0.57974E-02    0.11317E+02
    0.59145E-02    0.11476E+02
    0.60340E-02    0.11636E+02
    0.61559E-02    0.11796E+02
    0.62803E-02    0.11957E+02
    0.64072E-02    0.12117E+02
    0.65366E-02    0.12278E+02
    0.66686E-02    0.12439E+02
    0.68033E-02    0.12600E+02
    0.69408E-02    0.12760E+02
    0.70810E-02    0.12921E+02
    0.72240E-02    0.13081E+02
    0.73700E-02    0.13240E+02
    0.75189E-02    0.13399E+02
    0.76708E-02    0.13558E+02
    0.78257E-02    0.13715E+02
    0.79838E-02    0.13871E+02
    0.81451E-02    0.14027E+02
    0.83096E-02    0.14181E+02
    0.84775E-02    0.14333E+02
    0.86488E-02    0.14484E+02
    0.88235E-02    0.14633E+02
    0.90017E-02    0.14781E+02
    0.91836E-02    0.14926E+02
    0.93691E-02    0.15069E+02
    0.95583E-02    0.15210E+02
    0.97514E-02    0.15348E+02
    0.99484E-02    0.15483E+02
    0.10149E-01    0.15615E+02
    0.10354E-01    0.15744E+02
    0.10564E-01    0.15870E+02
    0.10777E-01    0.15992E+02
    0.10995E-01    0.16110E+02
    0.11217E-01    0.16224E+02
    0.11443E-01    0.16334E+02
    0.11675E-01    0.16439E+02
    0.11910E-01    0.16540E+02
    0.12151E-01    0.16636E+02
    0.12397E-01    0.16727E+02
    0.12647E-01    0.16812E+02
    0.12902E-01    0.16892E+02
    0.13163E-01    0.16966E+02
    0.13429E-01    0.17035E+02
    0.13700E-01    0.17097E+02
    0.13977E-01    0.17152E+02
    0.14259E-01    0.17201E+02
    0.14547E-01    0.17243E+02
    0.14841E-01    0.17278E+02
    0.15141E-01    0.17306E+02
    0.15447E-01    0.17326E+02
    0.15759E-01    0.17339E+02
    0.16077E-01    0.17344E+02
    0.16402E-01    0.17340E+02
    0.16734E-01    0.17329E+02
    0.17072E-01    0.17310E+02
    0.17416E-01    0.17282E+02
    0.17768E-01    0.17245E+02
    0.18127E-01    0.17200E+02
    0.18493E-01    0.17146E+02
    0.18867E-01    0.17083E+02
    0.19248E-01    0.17012E+02
    0.19637E-01    0.16932E+02
    0.20034E-01    0.16842E+02
    0.20438E-01    0.16744E+02
    0.20851E-01    0.16637E+02
    0.21272E-01    0.16522E+02
    0.21702E-01    0.16397E+02
    0.22141E-01    0.16264E+02
    0.22588E-01    0.16123E+02
    0.23044E-01    0.15974E+02
    0.23510E-01    0.15816E+02
    0.23985E-01    0.15651E+02
    0.24469E-01    0.15478E+02
    0.24964E-01    0.15298E+02
    0.25468E-01    0.15111E+02
    0.25982E-01    0.14917E+02
    0.26507E-01    0.14717E+02
    0.27043E-01    0.14512E+02
    0.27589E-01    0.14301E+02
    0.28146E-01    0.14085E+02
    0.28715E-01    0.13865E+02
    0.29295E-01    0.13641E+02
    0.29887E-01    0.13414E+02
    0.30490E-01    0.13185E+02
    0.31106E-01    0.12953E+02
    0.31735E-01    0.12720E+02
    0.32376E-01    0.12486E+02
    0.33030E-01    0.12252E+02
    0.33697E-01    0.12019E+02
    0.34378E-01    0.11786E+02
    0.35072E-01    0.11555E+02
    0.35781E-01    0.11327E+02
    0.36504E-01    0.11101E+02
    0.37241E-01    0.10880E+02
    0.37993E-01    0.10662E+02
    0.38761E-01    0.10449E+02
    0.39544E-01    0.10241E+02
    0.40343E-01    0.10038E+02
    0.41158E-01    0.98417E+01
    0.41989E-01    0.96516E+01
    0.42838E-01    0.94681E+01
    0.43703E-01    0.92915E+01
    0.44586E-01    0.91219E+01
    0.45486E-01    0.89594E+01
    0.46405E-01    0.88040E+01
    0.47343E-01    0.86557E+01
    0.48299E-01    0.85141E+01
    0.49275E-01    0.83790E+01
    0.50270E-01    0.82501E+01
    0.51286E-01    0.81268E+01
    0.52322E-01    0.80087E+01
    0.53379E-01    0.78949E+01
    0.54457E-01    0.77847E+01
    0.55557E-01    0.76773E+01
    0.56680E-01    0.75718E+01
    0.57825E-01    0.74671E+01
    0.58993E-01    0.73622E+01
    0.60184E-01    0.72561E+01
    0.61400E-01    0.71477E+01
    0.62641E-01    0.70359E+01
    0.63906E-01    0.69198E+01
    0.65197E-01    0.67985E+01
    0.66514E-01    0.66713E+01
    0.67858E-01    0.65375E+01
    0.69229E-01    0.63968E+01
    0.70627E-01    0.62489E+01
    0.72054E-01    0.60939E+01
    0.73510E-01    0.59321E+01
    0.74994E-01    0.57635E+01
    0.76509E-01    0.55901E+01
    0.78055E-01    0.54124E+01
    0.79632E-01    0.52319E+01
    0.81241E-01    0.50501E+01
    0.82882E-01    0.48688E+01
    0.84556E-01    0.46897E+01
    0.86264E-01    0.45147E+01
    0.88007E-01    0.43455E+01
    0.89785E-01    0.41838E+01
    0.91598E-01    0.40311E+01
    0.93449E-01    0.38886E+01
    0.95337E-01    0.37573E+01
    0.97263E-01    0.36377E+01
    0.99227E-01    0.35301E+01
    0.10123E+00    0.34342E+01
    0.10328E+00    0.33494E+01
    0.10536E+00    0.32746E+01
    0.10749E+00    0.32084E+01
    0.10966E+00    0.31491E+01
    0.11188E+00    0.30944E+01
    0.11414E+00    0.30421E+01
    0.11644E+00    0.29897E+01
    0.11880E+00    0.29349E+01
    0.12120E+00    0.28755E+01
    0.12365E+00    0.28098E+01
    0.12614E+00    0.27368E+01
    0.12869E+00    0.26560E+01
    0.13129E+00    0.25677E+01
    0.13394E+00    0.24728E+01
    0.13665E+00    0.23732E+01
    0.13941E+00    0.22713E+01
    0.14223E+00    0.21696E+01
    0.14510E+00    0.20711E+01
    0.14803E+00    0.19781E+01
    0.15102E+00    0.18929E+01
    0.15407E+00    0.18169E+01
    0.15718E+00    0.17510E+01
    0.16036E+00    0.16950E+01
    0.16360E+00    0.16481E+01
    0.16690E+00    0.16084E+01
    0.17028E+00    0.15739E+01
    0.17371E+00    0.15417E+01
    0.17722E+00    0.15091E+01
    0.18080E+00    0.14735E+01
    0.18446E+00    0.14332E+01
    0.18818E+00    0.13872E+01
    0.19198E+00    0.13358E+01
    0.19586E+00    0.12801E+01
    0.19982E+00    0.12222E+01
    0.20386E+00    0.11648E+01
    0.20797E+00    0.11104E+01
    0.21218E+00    0.10611E+01
    0.21646E+00    0.10181E+01
    0.22083E+00    0.98181E+00
    0.22530E+00    0.95142E+00
    0.22985E+00    0.92533E+00
    0.23449E+00    0.90139E+00
    0.23923E+00    0.87732E+00
    0.24406E+00    0.85124E+00
    0.24899E+00    0.82213E+00
    0.25402E+00    0.79001E+00
    0.25915E+00    0.75589E+00
    0.26439E+00    0.72150E+00
    0.26973E+00    0.68872E+00
    0.27518E+00    0.65903E+00
    0.28074E+00    0.63317E+00
    0.28641E+00    0.61094E+00
    0.29219E+00    0.59131E+00
    0.29810E+00    0.57282E+00
    0.30412E+00    0.55403E+00
    0.31026E+00    0.53403E+00
    0.31653E+00    0.51270E+00
    0.32292E+00    0.49070E+00
    0.32945E+00    0.46911E+00
    0.33610E+00    0.44899E+00
    0.34289E+00    0.43093E+00
    0.34982E+00    0.41483E+00
    0.35689E+00    0.40006E+00
    0.36409E+00    0.38573E+00
    0.37145E+00    0.37118E+00
    0.37895E+00    0.35620E+00
    0.38661E+00    0.34113E+00
    0.39442E+00    0.32655E+00
    0.40239E+00    0.31297E+00
    0.41052E+00    0.30051E+00
    0.41881E+00    0.28894E+00
    0.42727E+00    0.27780E+00
    0.43590E+00    0.26675E+00
    0.44471E+00    0.25572E+00
    0.45369E+00    0.24492E+00
    0.46286E+00    0.23463E+00
    0.47221E+00    0.22500E+00
    0.48174E+00    0.21592E+00
    0.49148E+00    0.20720E+00
    0.50141E+00    0.19868E+00
    0.51153E+00    0.19034E+00
    0.52187E+00    0.18229E+00
    0.53241E+00    0.17465E+00
    0.54317E+00    0.16739E+00
    0.55414E+00    0.16044E+00
    0.56533E+00    0.15371E+00
    0.57675E+00    0.14719E+00
    0.58840E+00    0.14094E+00
    0.60029E+00    0.13494E+00
    0.61242E+00    0.12920E+00
    0.62479E+00    0.12370E+00
    0.63741E+00    0.11842E+00
    0.65029E+00    0.11336E+00
    0.66342E+00    0.10851E+00
    0.67683E+00    0.10386E+00
    0.69050E+00    0.99394E-01
    0.70445E+00    0.95112E-01
    0.71868E+00    0.91003E-01
    0.73320E+00    0.87061E-01
    0.74801E+00    0.83280E-01
    0.76312E+00    0.79654E-01
    0.77854E+00    0.76178E-01
    0.79426E+00    0.72845E-01
    0.81031E+00    0.69652E-01
    0.82668E+00    0.66591E-01
    0.84338E+00    0.63660E-01
    0.86041E+00    0.60852E-01
    0.87780E+00    0.58162E-01
    0.89553E+00    0.55587E-01
    0.91362E+00    0.53122E-01
    0.93208E+00    0.50761E-01
    0.95091E+00    0.48501E-01
    0.97011E+00    0.46338E-01
    0.98971E+00    0.44268E-01
    0.10097E+01    0.42287E-01
    0.10301E+01    0.40391E-01
    0.10509E+01    0.38577E-01
    0.10721E+01    0.36841E-01
    0.10938E+01    0.35180E-01
    0.11159E+01    0.33592E-01
    0.11384E+01    0.32073E-01
    0.11614E+01    0.30620E-01
    0.11849E+01    0.29230E-01
    0.12088E+01    0.27901E-01
    0.12333E+01    0.26631E-01
    0.12582E+01    0.25416E-01
    0.12836E+01    0.24255E-01
    0.13095E+01    0.23145E-01
    0.13360E+01    0.22084E-01
    0.13630E+01    0.21070E-01
    0.13905E+01    0.20102E-01
    0.14186E+01    0.19176E-01
    0.14472E+01    0.18292E-01
    0.14765E+01    0.17447E-01
    0.15063E+01    0.16640E-01
    0.15367E+01    0.15869E-01
    0.15678E+01    0.15133E-01
    0.15994E+01    0.14430E-01
    0.16318E+01    0.13759E-01
    0.16647E+01    0.13118E-01
    0.16984E+01    0.12507E-01
    0.17327E+01    0.11923E-01
    0.17677E+01    0.11365E-01
    0.18034E+01    0.10833E-01
    0.18398E+01    0.10325E-01
    0.18770E+01    0.98401E-02
    0.19149E+01    0.93774E-02
    0.19536E+01    0.89359E-02
    0.19930E+01    0.85145E-02
    0.20333E+01    0.81125E-02
    0.20744E+01    0.77290E-02
    0.21163E+01    0.73632E-02
    0.21590E+01    0.70142E-02
    0.22026E+01    0.66814E-02
    0.22471E+01    0.63640E-02
    0.22925E+01    0.60613E-02
    0.23388E+01    0.57727E-02
    0.23861E+01    0.54975E-02
    0.24343E+01    0.52351E-02
    0.24835E+01    0.49850E-02
    0.25336E+01    0.47466E-02
    0.25848E+01    0.45193E-02
    0.26370E+01    0.43027E-02
    0.26903E+01    0.40962E-02
    0.27447E+01    0.38995E-02
    0.28001E+01    0.37119E-02
    0.28567E+01    0.35332E-02
    0.29144E+01    0.33630E-02
    0.29733E+01    0.32007E-02
    0.30333E+01    0.30461E-02
    0.30946E+01    0.28989E-02
    0.31571E+01    0.27586E-02
    0.32209E+01    0.26249E-02
    0.32860E+01    0.24976E-02
    0.33523E+01    0.23764E-02
    0.34201E+01    0.22609E-02
    0.34892E+01    0.21510E-02
    0.35596E+01    0.20463E-02
    0.36316E+01    0.19465E-02
    0.37049E+01    0.18516E-02
    0.37798E+01    0.17612E-02
    0.38561E+01    0.16751E-02
    0.39340E+01    0.15932E-02
    0.40135E+01    0.15152E-02
    0.40946E+01    0.14409E-02
    0.41773E+01    0.13703E-02
    0.42617E+01    0.13030E-02
    0.43478E+01    0.12390E-02
    0.44356E+01    0.11780E-02
    0.45252E+01    0.11201E-02
    0.46166E+01    0.10649E-02
    0.47099E+01    0.10124E-02
    0.48050E+01    0.96241E-03
    0.49021E+01    0.91488E-03
    0.50011E+01    0.86965E-03
    0.51021E+01    0.82663E-03
    0.52052E+01    0.78570E-03
    0.53104E+01    0.74676E-03
    0.54176E+01    0.70973E-03
    0.55271E+01    0.67450E-03
    0.56387E+01    0.64099E-03
    0.57526E+01    0.60913E-03
    0.58689E+01    0.57882E-03
    0.59874E+01    0.55000E-03
    0.61084E+01    0.52259E-03
    0.62318E+01    0.49653E-03
    0.63577E+01    0.47175E-03
    0.64861E+01    0.44819E-03
    0.66171E+01    0.42579E-03
    0.67508E+01    0.40450E-03
    0.68872E+01    0.38425E-03
    0.70263E+01    0.36501E-03
    0.71682E+01    0.34671E-03
    0.73130E+01    0.32932E-03
    0.74608E+01    0.31279E-03
    0.76115E+01    0.29708E-03
    0.77653E+01    0.28215E-03
    0.79221E+01    0.26796E-03
    0.80822E+01    0.25447E-03
    0.82454E+01    0.24165E-03
    0.84120E+01    0.22947E-03
    0.85819E+01    0.21790E-03
    0.87553E+01    0.20691E-03
    0.89322E+01    0.19646E-03
    0.91126E+01    0.18653E-03
    0.92967E+01    0.17710E-03
    0.94845E+01    0.16814E-03
    0.96761E+01    0.15962E-03
    0.98716E+01    0.15154E-03
    0.10071E+02    0.14385E-03
    0.10274E+02    0.13656E-03
    0.10482E+02    0.12963E-03
    0.10694E+02    0.12304E-03
    0.10910E+02    0.11679E-03
    0.11130E+02    0.11085E-03
    0.11355E+02    0.10521E-03
    0.11584E+02    0.99854E-04
    0.11818E+02    0.94767E-04
    0.12057E+02    0.89937E-04
    0.12301E+02    0.85350E-04
    0.12549E+02    0.80994E-04
    0.12803E+02    0.76859E-04
    0.13061E+02    0.72932E-04
    0.13325E+02    0.69204E-04
    0.13594E+02    0.65664E-04
    0.13869E+02    0.62304E-04
    0.14149E+02    0.59114E-04
    0.14435E+02    0.56085E-04
    0.14727E+02    0.53211E-04
    0.15024E+02    0.50482E-04
    0.15328E+02    0.47891E-04
    0.15637E+02    0.45433E-04
    0.15953E+02    0.43099E-04
    0.16275E+02    0.40884E-04
    0.16604E+02    0.38781E-04
    0.16940E+02    0.36786E-04
    0.17282E+02    0.34893E-04
    0.17631E+02    0.33095E-04
    0.17987E+02    0.31390E-04
    0.18351E+02    0.29772E-04
    0.18721E+02    0.28236E-04
    0.19099E+02    0.26779E-04
    0.19485E+02    0.25396E-04
    0.19879E+02    0.24084E-04
    0.20280E+02    0.22840E-04
    0.20690E+02    0.21659E-04
    0.21108E+02    0.20538E-04
    0.21535E+02    0.19475E-04
    0.21970E+02    0.18467E-04
    0.22413E+02    0.17510E-04
    0.22866E+02    0.16602E-04
    0.23328E+02    0.15741E-04
    0.23799E+02    0.14925E-04
    0.24280E+02    0.14150E-04
    0.24771E+02    0.13415E-04
    0.25271E+02    0.12718E-04
    0.25782E+02    0.12057E-04
    0.26302E+02    0.11430E-04
    0.26834E+02    0.10836E-04
    0.27376E+02    0.10272E-04
    0.27929E+02    0.97369E-05
    0.28493E+02    0.92297E-05
    0.29069E+02    0.87487E-05
    0.29656E+02    0.82925E-05
    0.30255E+02    0.78600E-05
    0.30866E+02    0.74498E-05
    0.31490E+02    0.70608E-05
    0.32126E+02    0.66920E-05
    0.32775E+02    0.63424E-05
    0.33437E+02    0.60108E-05
    0.34112E+02    0.56965E-05
    0.34801E+02    0.53984E-05
    0.35504E+02    0.51159E-05
    0.36222E+02    0.48480E-05
    0.36953E+02    0.45940E-05
    0.37700E+02    0.43532E-05
    0.38462E+02    0.41250E-05
    0.39239E+02    0.39086E-05
    0.40031E+02    0.37035E-05
    0.40840E+02    0.35091E-05
    0.41665E+02    0.33248E-05
    0.42507E+02    0.31501E-05
    0.43365E+02    0.29845E-05
    0.44241E+02    0.28276E-05
    0.45135E+02    0.26788E-05
    0.46047E+02    0.25378E-05
    0.46977E+02    0.24042E-05
    0.47926E+02    0.22776E-05
    0.48894E+02    0.21576E-05
    0.49882E+02    0.20438E-05
    0.50890E+02    0.19361E-05
    0.51918E+02    0.18339E-05
    0.52966E+02    0.17371E-05
    0.54036E+02    0.16454E-05
    0.55128E+02    0.15585E-05
    0.56242E+02    0.14761E-05
    0.57378E+02    0.13981E-05
    0.58537E+02    0.13241E-05
    0.59720E+02    0.12541E-05
    0.60926E+02    0.11877E-05
    0.62157E+02    0.11248E-05
    0.63412E+02    0.10652E-05
    0.64693E+02    0.10087E-05
    0.66000E+02    0.95525E-06
    0.67334E+02    0.90458E-06
    0.68694E+02    0.85658E-06
    0.70082E+02    0.81110E-06
    0.71497E+02    0.76802E-06
    0.72942E+02    0.72721E-06
    0.74415E+02    0.68855E-06
    0.75918E+02    0.65193E-06
    0.77452E+02    0.61724E-06
    0.79017E+02    0.58438E-06
    0.80613E+02    0.55326E-06
    0.82241E+02    0.52378E-06
    0.83903E+02    0.49586E-06
    0.85598E+02    0.46941E-06
    0.87327E+02    0.44437E-06
    0.89091E+02    0.42065E-06
    0.90891E+02    0.39818E-06
    0.92727E+02    0.37691E-06
    0.94600E+02    0.35676E-06
    0.96511E+02    0.33768E-06
    0.98461E+02    0.31961E-06
    0.10045E+03    0.30249E-06
    0.10248E+03    0.28629E-06
    0.10455E+03    0.27095E-06
    0.10666E+03    0.25642E-06
    0.10882E+03    0.24266E-06
    0.11101E+03    0.22964E-06
    0.11326E+03    0.21730E-06
    0.11554E+03    0.20562E-06
    0.11788E+03    0.19457E-06
    0.12026E+03    0.18410E-06
    0.12269E+03    0.17419E-06
    0.12517E+03    0.16480E-06
    0.12770E+03    0.15592E-06
    0.13028E+03    0.14751E-06
    0.13291E+03    0.13955E-06
    0.13559E+03    0.13201E-06
    0.13833E+03    0.12488E-06
    0.14113E+03    0.11812E-06
    0.14398E+03    0.11173E-06
    0.14689E+03    0.10568E-06
    0.14985E+03    0.99954E-07
    0.15288E+03    0.94534E-07
    0.15597E+03    0.89405E-07
    0.15912E+03    0.84550E-07
    0.16233E+03    0.79956E-07
    0.16561E+03    0.75608E-07
    0.16896E+03    0.71493E-07
    0.17237E+03    0.67599E-07
    0.17585E+03    0.63913E-07
    0.17941E+03    0.60424E-07
    0.18303E+03    0.57122E-07
    0.18673E+03    0.53997E-07
    0.19050E+03    0.51040E-07
    0.19435E+03    0.48241E-07
    0.19828E+03    0.45592E-07
    0.20228E+03    0.43086E-07
    0.20637E+03    0.40716E-07
    0.21054E+03    0.38474E-07
    0.21479E+03    0.36354E-07
    0.21913E+03    0.34350E-07
    0.22356E+03    0.32456E-07
    0.22807E+03    0.30666E-07
    0.23268E+03    0.28974E-07
