1.000000000000000048e-04 1.000555754039140766e+00
1.020200000000000024e-04 1.000544980341780521e+00
1.040800000000000064e-04 1.000610780271797173e+00
1.061800000000000032e-04 1.000598936887025614e+00
1.083300000000000013e-04 1.000550600154167968e+00
1.105200000000000057e-04 1.000575933191749645e+00
1.127500000000000030e-04 1.000600070596540769e+00
1.150300000000000015e-04 1.000588438906195865e+00
1.173500000000000064e-04 1.000543072432285685e+00
1.197199999999999989e-04 1.000565836772733253e+00
1.221399999999999927e-04 1.000554866505646512e+00
1.246099999999999877e-04 1.000544104468057860e+00
1.271199999999999891e-04 1.000564954019020236e+00
1.296899999999999865e-04 1.000553999569111507e+00
1.323100000000000122e-04 1.000573446412941658e+00
1.349900000000000069e-04 1.000562329821238272e+00
1.377100000000000080e-04 1.000580450429533474e+00
1.404900000000000051e-04 1.000540725140873111e+00
1.433299999999999982e-04 1.000558160303639088e+00
1.462299999999999874e-04 1.000574712643678144e+00
1.491800000000000049e-04 1.000536725438102126e+00
1.522000000000000132e-04 1.000552646122266243e+00
1.552699999999999957e-04 1.000567741935483923e+00
1.584099999999999961e-04 1.000556736511792666e+00
1.616099999999999926e-04 1.000545946348363469e+00
1.648700000000000122e-04 1.000535357959799532e+00
1.681999999999999956e-04 1.000548847420417164e+00
1.715999999999999969e-04 1.000514800514800573e+00
1.750699999999999891e-04 1.000527777140365782e+00
1.786000000000000044e-04 1.000517540109358450e+00
1.822100000000000054e-04 1.000529579205189812e+00
1.858899999999999973e-04 1.000519311911717057e+00
1.896500000000000020e-04 1.000530470208793155e+00
1.934799999999999975e-04 1.000520193928296386e+00
1.973900000000000058e-04 1.000510110387887952e+00
2.013799999999999998e-04 1.000500220096842474e+00
2.054400000000000117e-04 1.000510154027273391e+00
2.095900000000000042e-04 1.000500259750254806e+00
2.138300000000000042e-04 1.000490566037735674e+00
2.181499999999999900e-04 1.000499565193257778e+00
2.225499999999999885e-04 1.000489884786355699e+00
2.270499999999999895e-04 1.000480392854601108e+00
2.316399999999999980e-04 1.000471080868882368e+00
2.363199999999999871e-04 1.000479066504696535e+00
2.410900000000000109e-04 1.000469782893191661e+00
2.459599999999999829e-04 1.000460677854557279e+00
2.509300000000000115e-04 1.000467892868667441e+00
2.559999999999999884e-04 1.000458824460090268e+00
2.611700000000000219e-04 1.000434418344866128e+00
2.664499999999999985e-04 1.000441218981544811e+00
2.718299999999999775e-04 1.000432674375233200e+00
2.773200000000000079e-04 1.000424292966978213e+00
2.829199999999999814e-04 1.000430422244221518e+00
2.886400000000000012e-04 1.000408013956891162e+00
2.944700000000000182e-04 1.000400110375275986e+00
3.004199999999999731e-04 1.000405893574704663e+00
3.064899999999999743e-04 1.000384763370527175e+00
3.126800000000000217e-04 1.000377309393702951e+00
3.189900000000000070e-04 1.000370006507010912e+00
3.254399999999999741e-04 1.000362840162652533e+00
3.320099999999999874e-04 1.000355815123369796e+00
3.387199999999999825e-04 1.000348926749446532e+00
3.455600000000000186e-04 1.000330371786249284e+00
3.525399999999999823e-04 1.000323976581121377e+00
3.596599999999999819e-04 1.000317705260291401e+00
3.669300000000000122e-04 1.000300427274345649e+00
3.743400000000000243e-04 1.000283700325164116e+00
3.819000000000000129e-04 1.000267508426515350e+00
3.896200000000000271e-04 1.000262332238533336e+00
3.974900000000000178e-04 1.000236674212801047e+00
4.055199999999999799e-04 1.000232095825302370e+00
4.137100000000000217e-04 1.000197921820880742e+00
4.220699999999999756e-04 1.000194080543425512e+00
4.306000000000000040e-04 1.000190331176246561e+00
4.392900000000000038e-04 1.000186654223051974e+00
4.481700000000000137e-04 1.000183049606443220e+00
4.572199999999999897e-04 1.000089750493627694e+00
4.664599999999999758e-04 1.000088012673824966e+00
4.758799999999999771e-04 1.000086311065078615e+00
4.854999999999999832e-04 1.000084645336041911e+00
4.952999999999999504e-04 1.000000000000000000e+00
5.053100000000000256e-04 1.000081406707912679e+00
5.155199999999999973e-04 1.000000000000000000e+00
5.259299999999999739e-04 1.000000000000000000e+00
5.365600000000000534e-04 9.999232245681382025e-01
5.473900000000000293e-04 9.999247044650252381e-01
5.584500000000000488e-04 9.999261611164439456e-01
5.697299999999999543e-04 9.998551774076755994e-01
5.812400000000000119e-04 9.997869620792501077e-01
5.929900000000000535e-04 9.997910718016574938e-01
6.049599999999999813e-04 9.997950959633905565e-01
6.171899999999999912e-04 9.997320830542530956e-01
6.296500000000000447e-04 9.997372397030809266e-01
6.423699999999999636e-04 9.996778973136636326e-01
6.553499999999999647e-04 9.996209249431388111e-01
6.685900000000000480e-04 9.996282297540121098e-01
6.821000000000000457e-04 9.995746232377248353e-01
6.958799999999999578e-04 9.995232419547079861e-01
7.099300000000000012e-04 9.994739610731193658e-01
7.242699999999999486e-04 9.993694829760404463e-01
7.389099999999999575e-04 9.993816055767934525e-01
7.538300000000000382e-04 9.993383690797815744e-01
7.690600000000000127e-04 9.992970313091440460e-01
7.845999999999999893e-04 9.992044972422572391e-01
8.004499999999999680e-04 9.991677936128159354e-01
8.166199999999999978e-04 9.990817731979798610e-01
8.331099999999999704e-04 9.990493820983639139e-01
8.499399999999999837e-04 9.989695274547327752e-01
8.671100000000000379e-04 9.988930599672730670e-01
8.846299999999999650e-04 9.988199197545433172e-01
9.024999999999999819e-04 9.987962405666930277e-01
9.207300000000000293e-04 9.986831350467714197e-01
9.393300000000000477e-04 9.986192766791377462e-01
9.583099999999999778e-04 9.985583853916386587e-01
9.776699999999999280e-04 9.984146707228245265e-01
9.974199999999999473e-04 9.983609313272254759e-01
1.017600000000000015e-03 9.982274619728761511e-01
1.038099999999999917e-03 9.981400614588388231e-01
1.059100000000000102e-03 9.980566352026652988e-01
1.080500000000000080e-03 9.979770472670687065e-01
1.102300000000000068e-03 9.978630847897428380e-01
1.124599999999999905e-03 9.977541548135947513e-01
1.147299999999999969e-03 9.976500826142830070e-01
1.170500000000000099e-03 9.975148568341437594e-01
1.194100000000000023e-03 9.973855285472017496e-01
1.218200000000000012e-03 9.972619831559976777e-01
1.242899999999999908e-03 9.971101213749021808e-01
1.268000000000000030e-03 9.969649468031884787e-01
1.293600000000000002e-03 9.968262277917745440e-01
1.319700000000000040e-03 9.966618520301717687e-01
1.346399999999999984e-03 9.965047076235160617e-01
1.373599999999999995e-03 9.963546493666975978e-01
1.401300000000000072e-03 9.961509319593877532e-01
1.429600000000000055e-03 9.959858463917219407e-01
1.458499999999999944e-03 9.957990547873272202e-01
1.487999999999999956e-03 9.955921918827638217e-01
1.518000000000000035e-03 9.953944227582914861e-01
1.548700000000000077e-03 9.951781335243711224e-01
1.580000000000000024e-03 9.949713420568834232e-01
1.611900000000000095e-03 9.947474533106961392e-01
1.644499999999999912e-03 9.945076398469427925e-01
1.677700000000000068e-03 9.942530203570789649e-01
1.711599999999999970e-03 9.940095746547359390e-01
1.746200000000000052e-03 9.937280173155913499e-01
1.781400000000000041e-03 9.934588462466811265e-01
1.817400000000000048e-03 9.931544164672998498e-01
1.854100000000000019e-03 9.928400399841922352e-01
1.891600000000000009e-03 9.925395268189181053e-01
1.929799999999999962e-03 9.922076177254303131e-01
1.968800000000000151e-03 9.918683105865805372e-01
2.008600000000000142e-03 9.915223159393403707e-01
2.049099999999999880e-03 9.911493182010671088e-01
2.090499999999999910e-03 9.907717248976367630e-01
2.132799999999999800e-03 9.903699018627710737e-01
2.175799999999999870e-03 9.899455215510334360e-01
2.219800000000000072e-03 9.895198395532659452e-01
2.264599999999999860e-03 9.890546879524351187e-01
2.310400000000000214e-03 9.886094422227696965e-01
2.357099999999999994e-03 9.881091944397922822e-01
2.404700000000000067e-03 9.875936415128814261e-01
2.453299999999999838e-03 9.870819578010621154e-01
2.502799999999999903e-03 9.865219612748639122e-01
2.553399999999999941e-03 9.859508278976417683e-01
2.605000000000000111e-03 9.853865760407817254e-01
2.657599999999999980e-03 9.847630173564752010e-01
2.711299999999999821e-03 9.841163164278923237e-01
2.765999999999999796e-03 9.834640217688827013e-01
2.821900000000000016e-03 9.827599841834717687e-01
2.878900000000000209e-03 9.820382541680261479e-01
2.937100000000000214e-03 9.812850142728479774e-01
2.996400000000000192e-03 9.805174353205848847e-01
3.056899999999999982e-03 9.797073256996329249e-01
3.118699999999999858e-03 9.788574324813554828e-01
3.181699999999999980e-03 9.779846020293443409e-01
3.246000000000000187e-03 9.770766024699646390e-01
3.311500000000000207e-03 9.761358168946320246e-01
3.378400000000000153e-03 9.751509992298026397e-01
3.446700000000000024e-03 9.741249916982134271e-01
3.516299999999999981e-03 9.730732064039280260e-01
3.587400000000000137e-03 9.719718563028014735e-01
3.659799999999999946e-03 9.708243908597398164e-01
3.733799999999999793e-03 9.696213531967722288e-01
3.809199999999999999e-03 9.683898222309044179e-01
3.886099999999999971e-03 9.671081863269007650e-01
3.964600000000000415e-03 9.657791532791533129e-01
4.044700000000000031e-03 9.643944499965138029e-01
4.126399999999999686e-03 9.629570347334962532e-01
4.209799999999999653e-03 9.614696650954540624e-01
4.294799999999999660e-03 9.599136499501826902e-01
4.381600000000000251e-03 9.583142664138938338e-01
4.470100000000000288e-03 9.566420367411284653e-01
4.560400000000000044e-03 9.549010292953284962e-01
4.652500000000000385e-03 9.531149312989792843e-01
4.746499999999999851e-03 9.512459704241927883e-01
4.842400000000000176e-03 9.493182299172603367e-01
4.940199999999999626e-03 9.473151364764268445e-01
5.040000000000000209e-03 9.452581149784905490e-01
5.141899999999999596e-03 9.430415101608400352e-01
5.245699999999999842e-03 9.408331751755550920e-01
5.351700000000000033e-03 9.385636805685431128e-01
5.459799999999999896e-03 9.361349184406966284e-01
5.570099999999999704e-03 9.336845930232559043e-01
5.682600000000000325e-03 9.310468344228530757e-01
5.797400000000000296e-03 9.283948437224086581e-01
5.914499999999999619e-03 9.256421419242490956e-01
6.034000000000000301e-03 9.227994847574066961e-01
6.155899999999999740e-03 9.198644642100805013e-01
6.280299999999999945e-03 9.168477352498747290e-01
6.407200000000000048e-03 9.137390730661388849e-01
6.536600000000000049e-03 9.104744852282899981e-01
6.668600000000000222e-03 9.071336760925449161e-01
6.803299999999999972e-03 9.036402569593148248e-01
6.940799999999999574e-03 9.000783085356304225e-01
7.080999999999999621e-03 8.963730569948186178e-01
7.224000000000000386e-03 8.925979680696662921e-01
7.369999999999999815e-03 8.886792452830188926e-01
7.518900000000000236e-03 8.845637583892617117e-01
7.670800000000000188e-03 8.804540094339622369e-01
7.825699999999999670e-03 8.762112932604736448e-01
7.983799999999999231e-03 8.717764010949431430e-01
8.145100000000000603e-03 8.672793331908527081e-01
8.309600000000000319e-03 8.626594320343879962e-01
8.477500000000000660e-03 8.578499721137757827e-01
8.648799999999999891e-03 8.529147982062780242e-01
8.823499999999999746e-03 8.478661659269375317e-01
9.001699999999999632e-03 8.426852352623039888e-01
9.183600000000000096e-03 8.373945641986878519e-01
9.369099999999999998e-03 8.319740070287117151e-01
9.558300000000000476e-03 8.263697280252266797e-01
9.751400000000000345e-03 8.207031249999999778e-01
9.948399999999999604e-03 8.149080348499516679e-01
1.014900000000000004e-02 8.089844499904011998e-01
1.035400000000000036e-02 8.029322162985529365e-01
1.056400000000000047e-02 7.967510389119758507e-01
1.077700000000000012e-02 7.904273931517120655e-01
1.099499999999999957e-02 7.839732059790361918e-01
1.121699999999999954e-02 7.774219375500400764e-01
1.144300000000000005e-02 7.707836300238575244e-01
1.167499999999999961e-02 7.639336291253875366e-01
1.191000000000000045e-02 7.571437201715700560e-01
1.215100000000000034e-02 7.500900900900902002e-01
1.239700000000000003e-02 7.430107526881721824e-01
1.264700000000000026e-02 7.358255081421609667e-01
1.290200000000000027e-02 7.285579084348752232e-01
1.316299999999999935e-02 7.212014134275618327e-01
1.342899999999999996e-02 7.137075488298433301e-01
1.370000000000000037e-02 7.061539360645199270e-01
1.397699999999999984e-02 6.985495427273257230e-01
1.425900000000000084e-02 6.908689591078066572e-01
1.454699999999999917e-02 6.831614323791864729e-01
1.484100000000000003e-02 6.753599722431041785e-01
1.514099999999999994e-02 6.675134230125280288e-01
1.544700000000000066e-02 6.596505391845913779e-01
1.575899999999999870e-02 6.516653221159386389e-01
1.607700000000000101e-02 6.437006740019585171e-01
1.640199999999999991e-02 6.356879465314587696e-01
1.673399999999999888e-02 6.276736811761315371e-01
1.707200000000000037e-02 6.196248196248196338e-01
1.741600000000000092e-02 6.115511360351505443e-01
1.776799999999999907e-02 6.034412838190139627e-01
1.812700000000000075e-02 5.953183085501858596e-01
1.849299999999999902e-02 5.872275958512993554e-01
1.886699999999999836e-02 5.790877192982455401e-01
1.924800000000000122e-02 5.709948320413437139e-01
1.963700000000000168e-02 5.628746754779324624e-01
2.003399999999999972e-02 5.547600688059789453e-01
2.043800000000000130e-02 5.466559274506294086e-01
2.085100000000000148e-02 5.385673111564789339e-01
2.127199999999999924e-02 5.304994557987664505e-01
2.170199999999999907e-02 5.224259778238089513e-01
2.214100000000000096e-02 5.143787236656225392e-01
2.258800000000000044e-02 5.063320941759603677e-01
2.304399999999999851e-02 4.983302063789868952e-01
2.350999999999999965e-02 4.903549772612430524e-01
2.398499999999999938e-02 4.823705878598327779e-01
2.446900000000000117e-02 4.744288111527042440e-01
2.496400000000000008e-02 4.665077706673632085e-01
2.546800000000000105e-02 4.586170423745620228e-01
2.598200000000000162e-02 4.507734547646152778e-01
2.650699999999999931e-02 4.429647729586642102e-01
2.704300000000000107e-02 4.351665748898678188e-01
2.758899999999999894e-02 4.274289306418943002e-01
2.814600000000000088e-02 4.197361889227714249e-01
2.871500000000000094e-02 4.120812621569051593e-01
2.929500000000000159e-02 4.044812184227868368e-01
2.988700000000000037e-02 3.969173492181682361e-01
3.048999999999999974e-02 3.894090909090909269e-01
3.110600000000000170e-02 3.819107101549850114e-01
3.173499999999999932e-02 3.744817839195979658e-01
3.237600000000000200e-02 3.670932650775876049e-01
3.302999999999999686e-02 3.597782668949213725e-01
3.369699999999999779e-02 3.524513877347514867e-01
3.437799999999999884e-02 3.451910855012286783e-01
3.507199999999999901e-02 3.379602420051858180e-01
3.578100000000000031e-02 3.307529536236994971e-01
3.650400000000000172e-02 3.236146095717884474e-01
3.724100000000000327e-02 3.164953185239581801e-01
3.799299999999999899e-02 3.094417384788309966e-01
3.876099999999999685e-02 3.024276020261875142e-01
3.954400000000000276e-02 2.954851292052657064e-01
4.034299999999999692e-02 2.886390768006367180e-01
4.115800000000000014e-02 2.818543395766959225e-01
4.198899999999999855e-02 2.751717430888925842e-01
4.283800000000000108e-02 2.686008373672498228e-01
4.370299999999999879e-02 2.621381133535365948e-01
4.458600000000000063e-02 2.557958799448324383e-01
4.548599999999999866e-02 2.495542281460348677e-01
4.640500000000000180e-02 2.434280659574950822e-01
4.734300000000000314e-02 2.373894086027706907e-01
4.829900000000000165e-02 2.314340326230988620e-01
4.927499999999999936e-02 2.255558468174344022e-01
5.027000000000000218e-02 2.197347403068880545e-01
5.128599999999999826e-02 2.139724580175177970e-01
5.232200000000000045e-02 2.082621757395195783e-01
5.337900000000000283e-02 2.026124781871981029e-01
5.445699999999999846e-02 1.970120543729161344e-01
5.555700000000000222e-02 1.914699954489304801e-01
5.668000000000000121e-02 1.860143179211327658e-01
5.782500000000000140e-02 1.806526650713225768e-01
5.899299999999999683e-02 1.753874523735271529e-01
6.018400000000000138e-02 1.702206691613471490e-01
6.140000000000000319e-02 1.651629842741823007e-01
6.264100000000000223e-02 1.602253057518231716e-01
6.390600000000000447e-02 1.553830840029429006e-01
6.519700000000000495e-02 1.506519440855162706e-01
6.651400000000000368e-02 1.460092772706868269e-01
6.785800000000000165e-02 1.414771946433752425e-01
6.922899999999999887e-02 1.370448977043961514e-01
7.062699999999999534e-02 1.327193430890152848e-01
7.205400000000000693e-02 1.284946676932653964e-01
7.351000000000000589e-02 1.243735379747900605e-01
7.499400000000000510e-02 1.203457354673317936e-01
7.650899999999999368e-02 1.164068220376819340e-01
7.805499999999999938e-02 1.125521083115062493e-01
7.963199999999999446e-02 1.087718963477464496e-01
8.124099999999999377e-02 1.050686962538301822e-01
8.288199999999999734e-02 1.014476409194365325e-01
8.455600000000000616e-02 9.791804151144226087e-02
8.626399999999999346e-02 9.448068460739003638e-02
8.800700000000000189e-02 9.113694318730042321e-02
8.978500000000000369e-02 8.787878787878788955e-02
9.159799999999999887e-02 8.469081994007082725e-02
9.344900000000000428e-02 8.156590938262096857e-02
9.533700000000000507e-02 7.851279190244681017e-02
9.726300000000000223e-02 7.554397036630539075e-02
9.922699999999999576e-02 7.268152001809545515e-02
1.012300000000000005e-01 6.993519137434972555e-02
1.032799999999999968e-01 6.730035756853397499e-02
1.053599999999999953e-01 6.475374862855053093e-02
1.074900000000000022e-01 6.226555939162078945e-02
1.096599999999999936e-01 5.981746735961465666e-02
1.118799999999999933e-01 5.740913928214389644e-02
1.141400000000000053e-01 5.506314580941446685e-02
1.164400000000000018e-01 5.280373831775701104e-02
1.188000000000000028e-01 5.063923835430126502e-02
1.212000000000000022e-01 4.856666898035676833e-02
1.236499999999999960e-01 4.657432072456046263e-02
1.261400000000000021e-01 4.464865259089085409e-02
1.286899999999999988e-01 4.278145197655193466e-02
1.312899999999999900e-01 4.097022467542563856e-02
1.339400000000000035e-01 3.921328812464680569e-02
1.366499999999999937e-01 3.750420592193808716e-02
1.394100000000000061e-01 3.585831062670299940e-02
1.422299999999999953e-01 3.428735737946263934e-02
1.451000000000000068e-01 3.279400424137265957e-02
1.480299999999999949e-01 3.135583812695529743e-02
1.510199999999999876e-01 2.995412360261548099e-02
1.540700000000000125e-01 2.858272907053394790e-02
1.571799999999999864e-01 2.726474779139355722e-02
1.603600000000000025e-01 2.601907453196750097e-02
1.635999999999999954e-01 2.484015500121094719e-02
1.668999999999999928e-01 2.369975186104218354e-02
1.702799999999999869e-01 2.258526689489032471e-02
1.737100000000000033e-01 2.150346255905766571e-02
1.772199999999999886e-01 2.046482412060301667e-02
1.807999999999999885e-01 1.948059863208505618e-02
1.844600000000000128e-01 1.855382258738337564e-02
1.881799999999999862e-01 1.767210992014963192e-02
1.919800000000000118e-01 1.681933652121936698e-02
1.958600000000000063e-01 1.598549820676750319e-02
1.998199999999999976e-01 1.518863302302792678e-02
2.038600000000000134e-01 1.443749464484619938e-02
2.079699999999999882e-01 1.371831745461082191e-02
2.121800000000000075e-01 1.302106847253574166e-02
2.164600000000000135e-01 1.235640070574397023e-02
2.208299999999999985e-01 1.173278043723511438e-02
2.253000000000000003e-01 1.114082557261515324e-02
2.298499999999999988e-01 1.056857269168976106e-02
2.344900000000000040e-01 1.001195444029974804e-02
2.392299999999999982e-01 9.481166408879993304e-03
2.440599999999999992e-01 8.987457507912320620e-03
2.489899999999999891e-01 8.519912122058092077e-03
2.540200000000000236e-01 8.066773618988668654e-03
2.591499999999999915e-01 7.635890732892356390e-03
2.643900000000000139e-01 7.227432428693942972e-03
2.697300000000000253e-01 6.834707510396892914e-03
2.751799999999999802e-01 6.461235614778922283e-03
2.807399999999999896e-01 6.111610168155957867e-03
2.864099999999999979e-01 5.781737412010648156e-03
2.921900000000000053e-01 5.460574051263013956e-03
2.980999999999999761e-01 5.153716186793472209e-03
3.041200000000000014e-01 4.868890249612794693e-03
3.102599999999999802e-01 4.597432687456790533e-03
3.165299999999999780e-01 4.339516144728391457e-03
3.229199999999999848e-01 4.094606686732286255e-03
3.294500000000000206e-01 3.860324618690038050e-03
3.361000000000000099e-01 3.638848760973441461e-03
3.428899999999999726e-01 3.433903721027161023e-03
3.498200000000000198e-01 3.235838845460011892e-03
3.568899999999999850e-01 3.046763935652824825e-03
3.640900000000000247e-01 2.870224268604982219e-03
3.714500000000000024e-01 2.703298475765477608e-03
3.789500000000000091e-01 2.545760147911589003e-03
3.866100000000000092e-01 2.395249517346282036e-03
3.944199999999999928e-01 2.252314744079450017e-03
4.023900000000000254e-01 2.120516499282639779e-03
4.105199999999999960e-01 1.993326250083006946e-03
4.188100000000000156e-01 1.873713654257890861e-03
4.272699999999999831e-01 1.761224049996408308e-03
4.359000000000000097e-01 1.655494875439514910e-03
4.447099999999999942e-01 1.555017949118152028e-03
4.536899999999999822e-01 1.459849256467712561e-03
4.628599999999999937e-01 1.371550074420582787e-03
4.722100000000000186e-01 1.286975032152202006e-03
4.817400000000000015e-01 1.207809611829944573e-03
4.914799999999999724e-01 1.133246653183087775e-03
5.014100000000000223e-01 1.063331826628496814e-03
5.115300000000000402e-01 9.968020969855831675e-04
5.218699999999999450e-01 9.350812852372871733e-04
5.324100000000000499e-01 8.760783865623036210e-04
5.431700000000000417e-01 8.209346685741535565e-04
5.541399999999999659e-01 7.695752223396978581e-04
5.653299999999999992e-01 7.204154495293736520e-04
5.767499999999999849e-01 6.750203362255965435e-04
5.884000000000000341e-01 6.318371681415929902e-04
6.002899999999999903e-01 5.913561076604555503e-04
6.124199999999999644e-01 5.533554714649780099e-04
6.247899999999999565e-01 5.177542953940469407e-04
6.374100000000000321e-01 4.843697337377822943e-04
6.502900000000000347e-01 4.530411055364844466e-04
6.634200000000000097e-01 4.236597701149425236e-04
6.768300000000000427e-01 3.961091363243346994e-04
6.905000000000000027e-01 3.702818824285255151e-04
7.044500000000000206e-01 3.460618522093072383e-04
7.186799999999999855e-01 3.233559195666951933e-04
7.331999999999999629e-01 3.020686493610681266e-04
7.480099999999999527e-01 2.821268540483549882e-04
7.631200000000000205e-01 2.634407255235995710e-04
7.785400000000000098e-01 2.459396447844082434e-04
7.942599999999999660e-01 2.295638834100372178e-04
8.103099999999999747e-01 2.142335295887232236e-04
8.266799999999999704e-01 1.998801318549595584e-04
8.433800000000000185e-01 1.864675088555217675e-04
8.604100000000000081e-01 1.739030628976192064e-04
8.778000000000000247e-01 1.621755613881598339e-04
8.955300000000000482e-01 1.512097932222860545e-04
9.136199999999999877e-01 1.409609135816382156e-04
9.320800000000000196e-01 1.313847665847665998e-04
9.509100000000000330e-01 1.224377700061715700e-04
9.701100000000000279e-01 1.140820808750699972e-04
9.897099999999999786e-01 1.062770465200144429e-04
1.009700000000000042e+00 9.899013732244819810e-05
1.030100000000000016e+00 9.218912109085520569e-05
1.050899999999999945e+00 8.584176085663295362e-05
1.072100000000000053e+00 7.991550211244719784e-05
1.093800000000000106e+00 7.438740782756664391e-05
1.115899999999999892e+00 6.923191160746109654e-05
1.138400000000000079e+00 6.442370508632757004e-05
1.161399999999999988e+00 5.994004366385349673e-05
1.184900000000000064e+00 5.575846531949754371e-05
1.208800000000000097e+00 5.186310971248748222e-05
1.233300000000000063e+00 4.823348694316436302e-05
1.258199999999999985e+00 4.485141129823735202e-05
1.283600000000000074e+00 4.169477581242287366e-05
1.309500000000000108e+00 3.876190886752597519e-05
1.336000000000000076e+00 3.602737869341284270e-05
1.362999999999999989e+00 3.348186381286106405e-05
1.390500000000000069e+00 3.111182806373157119e-05
1.418600000000000083e+00 2.890681096831260505e-05
1.447200000000000042e+00 2.685321551300932973e-05
1.476499999999999924e+00 2.494338327805101216e-05
1.506299999999999972e+00 2.316524763161050855e-05
1.536699999999999955e+00 2.151273184533165754e-05
1.567800000000000082e+00 1.997560493175974198e-05
1.599399999999999933e+00 1.854456198575675610e-05
1.631799999999999917e+00 1.721537345902827981e-05
1.664700000000000069e+00 1.597885609978704069e-05
1.698399999999999910e+00 1.482967690466693315e-05
1.732699999999999907e+00 1.376150627615062679e-05
1.767700000000000049e+00 1.276885260293213907e-05
1.803399999999999892e+00 1.184765589020908157e-05
1.839800000000000102e+00 1.099052957093158077e-05
1.877000000000000002e+00 1.019325924724205022e-05
1.914900000000000047e+00 9.454179833381213161e-06
1.953600000000000003e+00 8.767320597134913682e-06
1.993000000000000105e+00 8.129460153036711709e-06
2.033300000000000107e+00 7.537203296027548594e-06
2.074399999999999800e+00 6.987452559832701126e-06
2.116299999999999848e+00 6.477052534587188836e-06
2.158999999999999808e+00 6.003385394441124747e-06
2.202599999999999891e+00 5.563868231639937475e-06
2.247100000000000097e+00 5.155914399937289687e-06
2.292499999999999982e+00 4.777699132524567333e-06
2.338799999999999990e+00 4.426699851360226909e-06
2.386099999999999888e+00 4.101088929219600463e-06
2.434299999999999908e+00 3.799313893653516080e-06
2.483499999999999819e+00 3.519133776318949859e-06
2.533599999999999852e+00 3.259553537646613948e-06
2.584799999999999986e+00 3.019030377958318459e-06
2.637000000000000011e+00 2.795826086956521649e-06
2.690300000000000136e+00 2.588902961808262074e-06
2.744699999999999918e+00 2.397282706035872751e-06
2.800100000000000033e+00 2.219546285345661615e-06
2.856700000000000017e+00 2.054838618586394886e-06
2.914400000000000102e+00 1.902242924108467265e-06
2.973300000000000054e+00 1.760847880299251851e-06
3.033300000000000107e+00 1.629818872621270188e-06
3.094599999999999795e+00 1.508449492342109826e-06
3.157099999999999795e+00 1.395999855329306779e-06
3.220899999999999874e+00 1.291915314151051107e-06
3.286000000000000032e+00 1.195501937442575737e-06
3.352300000000000058e+00 1.106180199848853807e-06
3.420100000000000140e+00 1.023476457349631552e-06
3.489199999999999857e+00 9.468899299596455387e-07
3.559600000000000097e+00 8.760056560534398766e-07
3.631600000000000161e+00 8.104049205535622467e-07
3.704899999999999860e+00 7.496497467399504310e-07
3.779799999999999827e+00 6.934058463630183424e-07
3.856100000000000083e+00 6.413341274568196136e-07
3.934000000000000163e+00 5.931926352705411151e-07
4.013499999999999623e+00 5.485810232435635941e-07
4.094599999999999795e+00 5.073397036421547588e-07
4.177299999999999791e+00 4.691349934469200200e-07
4.261700000000000266e+00 4.337901990811638112e-07
4.347800000000000331e+00 4.010951844097278477e-07
4.435599999999999987e+00 3.708478021512661443e-07
4.525199999999999889e+00 3.428469624086941057e-07
4.616600000000000037e+00 3.169493113463880668e-07
4.709900000000000198e+00 2.929831477283925902e-07
4.804999999999999716e+00 2.708320374862640140e-07
4.902099999999999902e+00 2.503326135793583546e-07
5.001100000000000101e+00 2.313887454827052398e-07
5.102100000000000080e+00 2.138632742721962101e-07
5.205199999999999605e+00 1.976507936507936421e-07
5.310399999999999565e+00 1.826793325049768274e-07
5.417600000000000193e+00 1.688198495817811193e-07
5.527099999999999902e+00 1.560114786107330889e-07
5.638700000000000045e+00 1.441755128723967235e-07
5.752600000000000158e+00 1.332306885933302644e-07
5.868900000000000006e+00 1.231129880203395720e-07
5.987400000000000055e+00 1.137612016108551310e-07
6.108399999999999608e+00 1.051184635063670565e-07
6.231799999999999784e+00 9.712861936624671331e-08
6.357700000000000351e+00 8.974494543608832152e-08
6.486100000000000421e+00 8.292150839232446712e-08
6.617099999999999760e+00 7.661269536284181410e-08
6.750799999999999912e+00 7.078410576425030384e-08
6.887199999999999989e+00 6.539440203562341210e-08
7.026299999999999990e+00 6.041547082137488953e-08
7.168199999999999683e+00 5.581422117349141280e-08
7.312999999999999723e+00 5.156022782355792810e-08
7.460799999999999876e+00 4.762846480176070752e-08
7.611500000000000377e+00 4.399852229983879313e-08
7.765299999999999869e+00 4.063649222065063888e-08
7.922100000000000364e+00 3.753583795658487702e-08
8.082200000000000273e+00 3.466635301497687019e-08
8.245400000000000063e+00 3.201725775153792401e-08
8.412000000000000810e+00 2.956913043478260742e-08
8.581899999999999196e+00 2.730769230769230814e-08
8.755300000000000082e+00 2.521843957951586382e-08
8.932199999999999918e+00 2.328931999390584318e-08
9.112600000000000477e+00 2.150780915703893740e-08
9.296699999999999520e+00 1.986309859154929349e-08
9.484500000000000597e+00 1.834441015903156778e-08
9.676099999999999923e+00 1.694168385524095324e-08
9.871600000000000819e+00 1.564619132266771642e-08
1.007099999999999973e+01 1.445107150287814959e-08
1.027399999999999913e+01 1.334697157887045828e-08
1.048199999999999932e+01 1.232758620689655058e-08
1.069400000000000084e+01 1.138490229465661275e-08
1.091000000000000014e+01 1.051512045105074242e-08
1.113000000000000078e+01 9.711097110971109467e-09
1.135500000000000043e+01 8.968515884305358263e-09
1.158399999999999963e+01 8.282274180655475483e-09
1.181799999999999962e+01 7.647839132494604241e-09
1.205700000000000038e+01 7.061923145189919222e-09
1.230100000000000016e+01 6.520585416033479526e-09
1.254899999999999949e+01 6.020620588561363943e-09
1.280300000000000082e+01 5.558699828651540208e-09
1.306099999999999994e+01 5.132147742818057283e-09
1.332499999999999929e+01 4.738192722449686152e-09
1.359399999999999942e+01 4.374468214415947726e-09
1.386899999999999977e+01 4.038720215219062773e-09
1.414899999999999913e+01 3.728607594936708843e-09
1.443500000000000050e+01 3.442319665569687783e-09
1.472700000000000031e+01 3.178144863405396378e-09
1.502399999999999913e+01 2.934108067512550230e-09
1.532799999999999940e+01 2.708845464772301341e-09
1.563700000000000045e+01 2.501043107802446511e-09
1.595299999999999940e+01 2.308926339182369228e-09
1.627499999999999858e+01 2.131656010542241985e-09
1.660399999999999920e+01 1.967996707056674507e-09
1.694000000000000128e+01 1.816902172439044142e-09
1.728200000000000003e+01 1.677408286392359844e-09
1.763100000000000023e+01 1.548595200771735242e-09
1.798699999999999832e+01 1.429647522486730365e-09
1.835099999999999909e+01 1.319906166219839137e-09
1.872100000000000009e+01 1.218508179922970793e-09
1.909900000000000020e+01 1.124920830073395172e-09
1.948499999999999943e+01 1.038538597525044156e-09
1.987900000000000134e+01 9.587821043910522160e-10
2.028000000000000114e+01 8.851563865105713824e-10
2.069000000000000128e+01 8.171726012252982815e-10
2.110800000000000054e+01 7.543961915865152363e-10
2.153500000000000014e+01 6.965163934426229703e-10
2.196999999999999886e+01 6.430385218002053764e-10
2.241300000000000026e+01 5.936752136752136347e-10
2.286599999999999966e+01 5.481100895378883855e-10
2.332799999999999940e+01 5.060527316516668772e-10
2.379899999999999949e+01 4.672304298415669965e-10
2.428000000000000114e+01 4.313685398011704309e-10
2.477100000000000080e+01 3.982894541127472864e-10
2.527100000000000080e+01 3.677125823658612808e-10
2.578200000000000003e+01 3.395200661977658113e-10
2.630199999999999960e+01 3.134677489744260737e-10
2.683399999999999963e+01 2.894208636405487700e-10
2.737600000000000122e+01 2.672105672105672243e-10
2.792899999999999849e+01 2.467159866385228921e-10
2.849299999999999855e+01 2.277807804561668938e-10
2.906899999999999906e+01 2.103000376329984408e-10
2.965599999999999881e+01 1.941480082293634159e-10
3.025499999999999901e+01 1.792310328632538418e-10
3.086599999999999966e+01 1.654479710727199611e-10
3.148999999999999844e+01 1.527298931780930539e-10
3.212599999999999767e+01 1.409735370853522424e-10
3.277499999999999858e+01 1.301179801793298706e-10
3.343699999999999761e+01 1.200939465865520265e-10
3.411200000000000188e+01 1.108413899397505840e-10
3.480100000000000193e+01 1.023009111238426128e-10
3.550399999999999778e+01 9.441855022719738058e-11
3.622200000000000131e+01 8.714809022061244281e-11
3.695300000000000296e+01 8.043912609130000365e-11
3.770000000000000284e+01 7.425343203538605568e-11
3.846200000000000330e+01 6.854758737453138849e-11
3.923899999999999721e+01 6.328202772034612698e-11
4.003099999999999881e+01 5.843053797042105447e-11
4.084000000000000341e+01 5.395200727851700524e-11
4.166499999999999915e+01 4.981845461365341922e-11
4.250699999999999790e+01 4.600304047634129367e-11
4.336500000000000199e+01 4.247843818947650633e-11
4.424099999999999966e+01 3.922585653293814361e-11
4.513499999999999801e+01 3.621787709497206454e-11
4.604699999999999704e+01 3.343947792585603946e-11
4.697699999999999676e+01 3.087144161341189765e-11
4.792600000000000193e+01 2.849796311708790885e-11
4.889399999999999835e+01 2.630491075557199692e-11
4.988199999999999790e+01 2.427853168017182289e-11
5.089000000000000057e+01 2.240762690028343229e-11
5.191799999999999926e+01 2.067838102491567763e-11
5.296600000000000108e+01 1.908333811957957660e-11
5.403600000000000136e+01 1.761035653650254672e-11
5.512800000000000011e+01 1.625056014339670831e-11
5.624199999999999733e+01 1.499695843190266817e-11
5.737800000000000011e+01 1.383929208592021719e-11
5.853699999999999903e+01 1.277200120554550929e-11
5.971999999999999886e+01 1.178679395385839160e-11
6.092600000000000193e+01 1.087953629032257914e-11
6.215699999999999648e+01 1.004168884158240242e-11
6.341199999999999903e+01 9.268989416502762661e-12
6.469299999999999784e+01 8.556522599149441703e-12
6.600000000000000000e+01 7.899464212977952425e-12
6.733400000000000318e+01 7.293311863060838164e-12
6.869400000000000261e+01 6.734299291837495707e-12
7.008199999999999363e+01 6.218603163669463735e-12
7.149699999999999989e+01 5.742920239023122705e-12
7.294199999999999307e+01 5.303955329336388618e-12
7.441500000000000625e+01 4.898716202509635463e-12
7.591800000000000637e+01 4.524516405484818691e-12
7.745199999999999818e+01 4.178802915932564869e-12
7.901699999999999591e+01 3.859220814695939811e-12
8.061299999999999955e+01 3.563854726439932329e-12
8.224099999999999966e+01 3.290729347225661351e-12
8.390300000000000580e+01 3.037967042916641321e-12
8.559799999999999898e+01 2.804250797024442261e-12
8.732699999999999818e+01 2.587786259541984445e-12
8.909099999999999397e+01 2.387695080878516137e-12
9.089100000000000534e+01 2.202776176993811676e-12
9.272700000000000387e+01 2.032002752924982739e-12
9.459999999999999432e+01 1.874349795849879640e-12
9.651099999999999568e+01 1.728860131182414579e-12
9.846099999999999852e+01 1.594755735913844144e-12
1.004500000000000028e+02 1.471141160949868171e-12
1.024800000000000040e+02 1.357309635825056591e-12
1.045499999999999972e+02 1.252448633920023500e-12
1.066599999999999966e+02 1.155947239407027095e-12
1.088199999999999932e+02 1.067058630046871167e-12
1.110100000000000051e+02 9.851414172133641778e-13
1.132600000000000051e+02 9.096001101877783036e-13
1.155400000000000063e+02 8.399320718098010840e-13
1.178799999999999955e+02 7.756127576658804094e-13
1.202600000000000051e+02 7.161979081992088262e-13
1.226899999999999977e+02 6.613780858010194507e-13
1.251700000000000017e+02 6.105696470730673380e-13
1.277000000000000028e+02 5.636997696442282652e-13
1.302800000000000011e+02 5.203043625295907995e-13
1.329099999999999966e+02 4.801815971973975743e-13
1.355900000000000034e+02 4.430925030229745761e-13
1.383300000000000125e+02 4.088519613325876843e-13
1.411299999999999955e+02 3.772635135135135045e-13
1.439799999999999898e+02 3.481292972586837689e-13
1.468899999999999864e+02 3.212404418011894936e-13
1.498499999999999943e+02 2.964866753168979019e-13
1.528799999999999955e+02 2.736905427796481548e-13
1.559699999999999989e+02 2.526782127393653068e-13
1.591200000000000045e+02 2.333443466358294182e-13
1.623300000000000125e+02 2.155326237506395014e-13
1.656100000000000136e+02 1.991211749336922504e-13
1.689600000000000080e+02 1.839824725435744127e-13
1.723700000000000045e+02 1.700095933879418416e-13
1.758499999999999943e+02 1.571183265688416937e-13
1.794099999999999966e+02 1.451902120071329409e-13
1.830300000000000011e+02 1.341740315087155570e-13
1.867299999999999898e+02 1.239828535530837626e-13
1.905000000000000000e+02 1.145529535947456815e-13
1.943499999999999943e+02 1.058280939774983465e-13
1.982800000000000011e+02 9.775477602468433966e-14
2.022800000000000011e+02 9.028157273190385007e-14
2.063700000000000045e+02 8.337417299681450582e-14
2.105399999999999920e+02 7.698571169255504087e-14
2.147899999999999920e+02 7.108238651956748135e-14
2.191299999999999955e+02 6.562590763868720164e-14
2.235600000000000023e+02 6.058836187021608828e-14
2.280699999999999932e+02 5.593440916189485279e-14
2.326800000000000068e+02 5.163389690437657396e-14
