1.000000000000000048e-04 1.000555908513341752e+00
1.020200000000000024e-04 1.000584089404618293e+00
1.040800000000000064e-04 1.000572759555538482e+00
1.061800000000000032e-04 1.000561650503613453e+00
1.083300000000000013e-04 1.000587479346429109e+00
1.105200000000000057e-04 1.000576099089043547e+00
1.127500000000000030e-04 1.000600240096038318e+00
1.150300000000000015e-04 1.000588601897375529e+00
1.173500000000000064e-04 1.000577190778528580e+00
1.197199999999999989e-04 1.000565987481688568e+00
1.221399999999999927e-04 1.000587678344053044e+00
1.246099999999999877e-04 1.000576276612773929e+00
1.271199999999999891e-04 1.000565113650633942e+00
1.296899999999999865e-04 1.000554153069392216e+00
1.323100000000000122e-04 1.000573602221954017e+00
1.349900000000000069e-04 1.000562479647118197e+00
1.377100000000000080e-04 1.000551571980143439e+00
1.404900000000000051e-04 1.000540879070826783e+00
1.433299999999999982e-04 1.000558316118586477e+00
1.462299999999999874e-04 1.000547495209416882e+00
1.491800000000000049e-04 1.000563728121979912e+00
1.522000000000000132e-04 1.000552791597567603e+00
1.552699999999999957e-04 1.000542075374290185e+00
1.584099999999999961e-04 1.000556891532717430e+00
1.616099999999999926e-04 1.000546095417762960e+00
1.648700000000000122e-04 1.000559855897960260e+00
1.681999999999999956e-04 1.000525122329633643e+00
1.715999999999999969e-04 1.000538351707511264e+00
1.750699999999999891e-04 1.000527922510156875e+00
1.786000000000000044e-04 1.000540199873953373e+00
1.822100000000000054e-04 1.000529731161435398e+00
1.858899999999999973e-04 1.000519458032119946e+00
1.896500000000000020e-04 1.000509391913403379e+00
1.934799999999999975e-04 1.000520334679265710e+00
1.973900000000000058e-04 1.000530666394529922e+00
2.013799999999999998e-04 1.000500360259386712e+00
2.054400000000000117e-04 1.000510294204235207e+00
2.095900000000000042e-04 1.000500404172600888e+00
2.138300000000000042e-04 1.000490704916485729e+00
2.181499999999999900e-04 1.000499703879182745e+00
2.225499999999999885e-04 1.000490018148820326e+00
2.270499999999999895e-04 1.000498327044920588e+00
2.316399999999999980e-04 1.000471212412084032e+00
2.363199999999999871e-04 1.000479197686159782e+00
2.410900000000000109e-04 1.000469916925400771e+00
2.459599999999999829e-04 1.000477271979197447e+00
2.509300000000000115e-04 1.000468021238481109e+00
2.559999999999999884e-04 1.000458955164828190e+00
2.611700000000000219e-04 1.000450065957942059e+00
2.664499999999999985e-04 1.000441346563584410e+00
2.718299999999999775e-04 1.000447721099603005e+00
2.773200000000000079e-04 1.000424410946875398e+00
2.829199999999999814e-04 1.000416188289322550e+00
2.886400000000000012e-04 1.000422202206710409e+00
2.944700000000000182e-04 1.000400220811482166e+00
3.004199999999999731e-04 1.000392469989579203e+00
3.064899999999999743e-04 1.000384870603848730e+00
3.126800000000000217e-04 1.000377417423670590e+00
3.189900000000000070e-04 1.000382872822410896e+00
3.254399999999999741e-04 1.000362940064828621e+00
3.320099999999999874e-04 1.000355915562101128e+00
3.387199999999999825e-04 1.000349023336422505e+00
3.455600000000000186e-04 1.000342267700551124e+00
3.525399999999999823e-04 1.000324066572533033e+00
3.596599999999999819e-04 1.000306442093793935e+00
3.669300000000000122e-04 1.000300510868476378e+00
3.743400000000000243e-04 1.000294695481335872e+00
3.819000000000000129e-04 1.000267582870415062e+00
3.896200000000000271e-04 1.000262406583256380e+00
3.974900000000000178e-04 1.000247035573122334e+00
4.055199999999999799e-04 1.000232161422846877e+00
4.137100000000000217e-04 1.000296970896852100e+00
4.220699999999999756e-04 1.000194137060764987e+00
4.306000000000000040e-04 1.000190385530699722e+00
4.392900000000000038e-04 1.000186706497386169e+00
4.481700000000000137e-04 1.000183099880985083e+00
4.572199999999999897e-04 1.000089774665589459e+00
4.664599999999999758e-04 1.000176087339320175e+00
4.758799999999999771e-04 1.000086340873769908e+00
4.854999999999999832e-04 1.000084666836000391e+00
4.952999999999999504e-04 1.000000000000000000e+00
5.053100000000000256e-04 1.000000000000000000e+00
5.155199999999999973e-04 1.000000000000000000e+00
5.259299999999999739e-04 9.999216914643695997e-01
5.365600000000000534e-04 1.000000000000000000e+00
5.473900000000000293e-04 9.999246874529296170e-01
5.584500000000000488e-04 9.999261393012776056e-01
5.697299999999999543e-04 9.998551354483558029e-01
5.812400000000000119e-04 9.997869015485154609e-01
5.929900000000000535e-04 9.997910135841170387e-01
6.049599999999999813e-04 9.997950399672064226e-01
6.171899999999999912e-04 9.997319932998325331e-01
6.296500000000000447e-04 9.997371706419607706e-01
6.423699999999999636e-04 9.996777935300940054e-01
6.553499999999999647e-04 9.996208291203235730e-01
6.685900000000000480e-04 9.995661605206074274e-01
6.821000000000000457e-04 9.995137369316801079e-01
6.958799999999999578e-04 9.995230998509687659e-01
7.099300000000000012e-04 9.994738380590471039e-01
7.242699999999999486e-04 9.993693022189095165e-01
7.389099999999999575e-04 9.993814317044367179e-01
7.538300000000000382e-04 9.993381866313699735e-01
7.690600000000000127e-04 9.992968411942881879e-01
7.845999999999999893e-04 9.992042862447615414e-01
8.004499999999999680e-04 9.991155506997555502e-01
8.166199999999999978e-04 9.991325202837169073e-01
8.331099999999999704e-04 9.989990991892703232e-01
8.499399999999999837e-04 9.989692239729053291e-01
8.671100000000000379e-04 9.988927402272289591e-01
8.846299999999999650e-04 9.988195854384059880e-01
9.024999999999999819e-04 9.987959060806742562e-01
9.207300000000000293e-04 9.986827761627907751e-01
9.393300000000000477e-04 9.986189076004632348e-01
9.583099999999999778e-04 9.985143106838539895e-01
9.776699999999999280e-04 9.984570546888393849e-01
9.974199999999999473e-04 9.983184799058348879e-01
1.017600000000000015e-03 9.982681840672934515e-01
1.038099999999999917e-03 9.981799797775530170e-01
1.059100000000000102e-03 9.980560955290196379e-01
1.080500000000000080e-03 9.979764962253871996e-01
1.102300000000000068e-03 9.978243444406275087e-01
1.124599999999999905e-03 9.977534821027408407e-01
1.147299999999999969e-03 9.976127515792566625e-01
1.170500000000000099e-03 9.975141405771517089e-01
1.194100000000000023e-03 9.973847893695221289e-01
1.218200000000000012e-03 9.972612237822845449e-01
1.242899999999999908e-03 9.971093351470837751e-01
1.268000000000000030e-03 9.969641367806505450e-01
1.293600000000000002e-03 9.968253968253968367e-01
1.319700000000000040e-03 9.966608874333783286e-01
1.346399999999999984e-03 9.965037167695602882e-01
1.373599999999999995e-03 9.963536355489632790e-01
1.401300000000000072e-03 9.961498817680227713e-01
1.429600000000000055e-03 9.960143957645519741e-01
1.458499999999999944e-03 9.957979515013569705e-01
1.487999999999999956e-03 9.955909299129638290e-01
1.518000000000000035e-03 9.953931290204781623e-01
1.548700000000000077e-03 9.952042335042168286e-01
1.580000000000000024e-03 9.949699821515495257e-01
1.611900000000000095e-03 9.947460595446584453e-01
1.644499999999999912e-03 9.945060667604020965e-01
1.677700000000000068e-03 9.942514052120592360e-01
1.711599999999999970e-03 9.940079225793512219e-01
1.746200000000000052e-03 9.937263199330806929e-01
1.781400000000000041e-03 9.934329655472127207e-01
1.817400000000000048e-03 9.931524700864826638e-01
1.854100000000000019e-03 9.928380420881292023e-01
1.891600000000000009e-03 9.925146625892877772e-01
1.929799999999999962e-03 9.922053487434485675e-01
1.968800000000000151e-03 9.918659866338375153e-01
2.008600000000000142e-03 9.915199378560332066e-01
2.049099999999999880e-03 9.911468812877264334e-01
2.090499999999999910e-03 9.907484407484409283e-01
2.132799999999999800e-03 9.903671503500071083e-01
2.175799999999999870e-03 9.899427014464881047e-01
2.219800000000000072e-03 9.895169538195265346e-01
2.264599999999999860e-03 9.890708272186607974e-01
2.310400000000000214e-03 9.886062030787896582e-01
2.357099999999999994e-03 9.881058744695109253e-01
2.404700000000000067e-03 9.875902403362880611e-01
2.453299999999999838e-03 9.870784802857091034e-01
2.502799999999999903e-03 9.865357841495867586e-01
2.553399999999999941e-03 9.859642443017601066e-01
2.605000000000000111e-03 9.853826018968623313e-01
2.657599999999999980e-03 9.847422542735042583e-01
2.711299999999999821e-03 9.841118890291691290e-01
2.765999999999999796e-03 9.834594942824932406e-01
2.821900000000000016e-03 9.827553474243766463e-01
2.878900000000000209e-03 9.820487713899379578e-01
2.937100000000000214e-03 9.812951397902001105e-01
2.996400000000000192e-03 9.805118819011041653e-01
3.056899999999999982e-03 9.797016421474689096e-01
3.118699999999999858e-03 9.788660988469783941e-01
3.181699999999999980e-03 9.779786476868327361e-01
3.246000000000000187e-03 9.770705092333520358e-01
3.311500000000000207e-03 9.761292540391888206e-01
3.378400000000000153e-03 9.751442821036128139e-01
3.446700000000000024e-03 9.741310586734693855e-01
3.516299999999999981e-03 9.730658202385149558e-01
3.587400000000000137e-03 9.719642971810183996e-01
3.659799999999999946e-03 9.708166538281832736e-01
3.733799999999999793e-03 9.696254718855554788e-01
3.809199999999999999e-03 9.683931559213980744e-01
3.886099999999999971e-03 9.671111111111111436e-01
3.964600000000000415e-03 9.657698533668900298e-01
4.044700000000000031e-03 9.643961408810879377e-01
4.126399999999999686e-03 9.629468676379772107e-01
4.209799999999999653e-03 9.614592593426132261e-01
4.294799999999999660e-03 9.599029964786393032e-01
4.381600000000000251e-03 9.582924649621831215e-01
4.470100000000000288e-03 9.566304091308917013e-01
4.560400000000000044e-03 9.548992069610026112e-01
4.652500000000000385e-03 9.531022580779306974e-01
4.746499999999999851e-03 9.512329945029635025e-01
4.842400000000000176e-03 9.492948659791735633e-01
4.940199999999999626e-03 9.473292295472597324e-01
5.040000000000000209e-03 9.451789556033638462e-01
5.141899999999999596e-03 9.430443159922927698e-01
5.245699999999999842e-03 9.408258186995728245e-01
5.351700000000000033e-03 9.385464409316247592e-01
5.459799999999999896e-03 9.361172566371680492e-01
5.570099999999999704e-03 9.336665152203543760e-01
5.682600000000000325e-03 9.310283052669294790e-01
5.797400000000000296e-03 9.284578696343402937e-01
5.914499999999999619e-03 9.256227138129246024e-01
6.034000000000000301e-03 9.227795911355437530e-01
6.155899999999999740e-03 9.198440942213184091e-01
6.280299999999999945e-03 9.169035278381542087e-01
6.407200000000000048e-03 9.137177266353213589e-01
6.536600000000000049e-03 9.104526212959946907e-01
6.668600000000000222e-03 9.071112896745679999e-01
6.803299999999999972e-03 9.036173250832937320e-01
6.940799999999999574e-03 9.000548288556434740e-01
7.080999999999999621e-03 8.963409917227508350e-01
7.224000000000000386e-03 8.925651409795980484e-01
7.369999999999999815e-03 8.886540348758209529e-01
7.518900000000000236e-03 8.846039086975980847e-01
7.670800000000000188e-03 8.804187555293423451e-01
7.825699999999999670e-03 8.761113540300248248e-01
7.983799999999999231e-03 8.717394437238795701e-01
8.145100000000000603e-03 8.672415021734483087e-01
8.309600000000000319e-03 8.625599097829150796e-01
8.477500000000000660e-03 8.578103207810321429e-01
8.648799999999999891e-03 8.528741977779311645e-01
8.823499999999999746e-03 8.478246021446622649e-01
9.001699999999999632e-03 8.426426832566946690e-01
9.183600000000000096e-03 8.374070849795755000e-01
9.369099999999999998e-03 8.319294289314850266e-01
9.558300000000000476e-03 8.263783925872378866e-01
9.751400000000000345e-03 8.207098664929990406e-01
9.948399999999999604e-03 8.148602414305080588e-01
1.014900000000000004e-02 8.089355437495999723e-01
1.035400000000000036e-02 8.028821736922295838e-01
1.056400000000000047e-02 7.966368560272073518e-01
1.077700000000000012e-02 7.903750000000000497e-01
1.099499999999999957e-02 7.839061918352153713e-01
1.121699999999999954e-02 7.774149827501232179e-01
1.144300000000000005e-02 7.707134989597357322e-01
1.167499999999999961e-02 7.639226653696498115e-01
1.191000000000000045e-02 7.570245936310351365e-01
1.215100000000000034e-02 7.500150195253829644e-01
1.239700000000000003e-02 7.429493307839387661e-01
1.264700000000000026e-02 7.357469829379941206e-01
1.290200000000000027e-02 7.284776048754511013e-01
1.316299999999999935e-02 7.211192930780558896e-01
1.342899999999999996e-02 7.136235625440037200e-01
1.370000000000000037e-02 7.061265053197708363e-01
1.397699999999999984e-02 6.985024182739932863e-01
1.425900000000000084e-02 6.908773968622893280e-01
1.454699999999999917e-02 6.831092047298864545e-01
1.484100000000000003e-02 6.752660805182785220e-01
1.514099999999999994e-02 6.674559630378283925e-01
1.544700000000000066e-02 6.595523765574526909e-01
1.575899999999999870e-02 6.516601337329951393e-01
1.607700000000000101e-02 6.436351063216734225e-01
1.640199999999999991e-02 6.356195965417866800e-01
1.673399999999999888e-02 6.276025145625468982e-01
1.707200000000000037e-02 6.195150115473441188e-01
1.741600000000000092e-02 6.114388156372888572e-01
1.776799999999999907e-02 6.033613445378150919e-01
1.812700000000000075e-02 5.952353282975013649e-01
1.849299999999999902e-02 5.871415248309630464e-01
1.886699999999999836e-02 5.790043290043289659e-01
1.924800000000000122e-02 5.709082363999530285e-01
1.963700000000000168e-02 5.627847951835674989e-01
2.003399999999999972e-02 5.546727585593068666e-01
2.043800000000000130e-02 5.465652044165920653e-01
2.085100000000000148e-02 5.384790965881788294e-01
2.127199999999999924e-02 5.304076941688846691e-01
2.170199999999999907e-02 5.223305704534372262e-01
2.214100000000000096e-02 5.142795698924731429e-01
2.258800000000000044e-02 5.062352795339035705e-01
2.304399999999999851e-02 4.982357357357357630e-01
2.350999999999999965e-02 4.902255639097744533e-01
2.398499999999999938e-02 4.822744396909520725e-01
2.446900000000000117e-02 4.743285123966942129e-01
2.496400000000000008e-02 4.664097204076300129e-01
2.546800000000000105e-02 4.585212618213080904e-01
2.598200000000000162e-02 4.506799758826287583e-01
2.650699999999999931e-02 4.428367734926670352e-01
2.704300000000000107e-02 4.350640407657347386e-01
2.758899999999999894e-02 4.273286283278596720e-01
2.814600000000000088e-02 4.196452642781128284e-01
2.871500000000000094e-02 4.119927927927928279e-01
2.929500000000000159e-02 4.043583357749780394e-01
2.988700000000000037e-02 3.967970204841713144e-01
3.048999999999999974e-02 3.892913982569154996e-01
3.110600000000000170e-02 3.818251947851578065e-01
3.173499999999999932e-02 3.743912018853102763e-01
3.237600000000000200e-02 3.670054417413572412e-01
3.302999999999999686e-02 3.596640026096884490e-01
3.369699999999999779e-02 3.523611572996341867e-01
3.437799999999999884e-02 3.450830790098338152e-01
3.507199999999999901e-02 3.378555987894509838e-01
3.578100000000000031e-02 3.306721947776993242e-01
3.650400000000000172e-02 3.235082350823508257e-01
3.724100000000000327e-02 3.163926898705115009e-01
3.799299999999999899e-02 3.093337081810514366e-01
3.876099999999999685e-02 3.023235800344234447e-01
3.954400000000000276e-02 2.953853658536585436e-01
4.034299999999999692e-02 2.885338907136458242e-01
4.115800000000000014e-02 2.817566264326393233e-01
4.198899999999999855e-02 2.750760822309173403e-01
4.283800000000000108e-02 2.685104093024237581e-01
4.370299999999999879e-02 2.620532450217195053e-01
4.458600000000000063e-02 2.557059622377009234e-01
4.548599999999999866e-02 2.494675691045125654e-01
4.640500000000000180e-02 2.433364726707439862e-01
4.734300000000000314e-02 2.372928304325746529e-01
4.829900000000000165e-02 2.313441591965081923e-01
4.927499999999999936e-02 2.254730140562967167e-01
5.027000000000000218e-02 2.196445004116820698e-01
5.128599999999999826e-02 2.138897424866326447e-01
5.232200000000000045e-02 2.081748219475384465e-01
5.337900000000000283e-02 2.025178718289365465e-01
5.445699999999999846e-02 1.969255642667419315e-01
5.555700000000000222e-02 1.913919175622576796e-01
5.668000000000000121e-02 1.859317696103005291e-01
5.782500000000000140e-02 1.805789656740776628e-01
5.899299999999999683e-02 1.753069669628926075e-01
6.018400000000000138e-02 1.701495002890889563e-01
6.140000000000000319e-02 1.650851768520200658e-01
6.264100000000000223e-02 1.601408330730571261e-01
6.390600000000000447e-02 1.553063109879323500e-01
6.519700000000000495e-02 1.505685992183597166e-01
6.651400000000000368e-02 1.459363957597173134e-01
6.785800000000000165e-02 1.414053905390539045e-01
6.922899999999999887e-02 1.369759053077031219e-01
7.062699999999999534e-02 1.326481025608235720e-01
7.205400000000000693e-02 1.284250729436448857e-01
7.351000000000000589e-02 1.243058011282310305e-01
7.499400000000000510e-02 1.202779992374085755e-01
7.650899999999999368e-02 1.163435249548793043e-01
7.805499999999999938e-02 1.124875419881141425e-01
7.963199999999999446e-02 1.087102625298329434e-01
8.124099999999999377e-02 1.050084066857877446e-01
8.288199999999999734e-02 1.013890028723840875e-01
8.455600000000000616e-02 9.785928813342704979e-02
8.626399999999999346e-02 9.442637459896005558e-02
8.800700000000000189e-02 9.108316858994988663e-02
8.978500000000000369e-02 8.782351255849489557e-02
9.159799999999999887e-02 8.463673307562692705e-02
9.344900000000000428e-02 8.151344686753486668e-02
9.533700000000000507e-02 7.845920727330728262e-02
9.726300000000000223e-02 7.549216111583977040e-02
9.922699999999999576e-02 7.263184698958803642e-02
1.012300000000000005e-01 6.988803257234259270e-02
1.032799999999999968e-01 6.725608301526717070e-02
1.053599999999999953e-01 6.470767635487510716e-02
1.074900000000000022e-01 6.222180720266442394e-02
1.096599999999999936e-01 5.977547331367138311e-02
1.118799999999999933e-01 5.736784354224488958e-02
1.141400000000000053e-01 5.502593395049570207e-02
1.164400000000000018e-01 5.276413802318201396e-02
1.188000000000000028e-01 5.059888389818973514e-02
1.212000000000000022e-01 4.852915639217864757e-02
1.236499999999999960e-01 4.653989692553758828e-02
1.261400000000000021e-01 4.461555304163777186e-02
1.286899999999999988e-01 4.275024441603368641e-02
1.312899999999999900e-01 4.094056324879414427e-02
1.339400000000000035e-01 3.918167864932546596e-02
1.366499999999999937e-01 3.747516835016834885e-02
1.394100000000000061e-01 3.582963190993447566e-02
1.422299999999999953e-01 3.426039316790203265e-02
1.451000000000000068e-01 3.276633711116469505e-02
1.480299999999999949e-01 3.132946225700580789e-02
1.510199999999999876e-01 2.992718446601941654e-02
1.540700000000000125e-01 2.855705804749340479e-02
1.571799999999999864e-01 2.724161533196440416e-02
1.603600000000000025e-01 2.599658280798915547e-02
1.635999999999999954e-01 2.481851784524025800e-02
1.668999999999999928e-01 2.367914571304401833e-02
1.702799999999999869e-01 2.256582704143137927e-02
1.737100000000000033e-01 2.148325668760930202e-02
1.772199999999999886e-01 2.044600317628374533e-02
1.807999999999999885e-01 1.946191379777717501e-02
1.844600000000000128e-01 1.853668733886140382e-02
1.881799999999999862e-01 1.765531639190843008e-02
1.919800000000000118e-01 1.680299065420561011e-02
1.958600000000000063e-01 1.597019583365842307e-02
1.998199999999999976e-01 1.517447086704257382e-02
2.038600000000000134e-01 1.442339020835119688e-02
2.079699999999999882e-01 1.370570246447202871e-02
2.121800000000000075e-01 1.300922439759036146e-02
2.164600000000000135e-01 1.234330554193231906e-02
2.208299999999999985e-01 1.172037104845599816e-02
2.253000000000000003e-01 1.112965353653032861e-02
2.298499999999999988e-01 1.055759393952474499e-02
2.344900000000000040e-01 1.000144012407222852e-02
2.392299999999999982e-01 9.471078330943112286e-03
2.440599999999999992e-01 8.977863284961815418e-03
2.489899999999999891e-01 8.510658973580321335e-03
2.540200000000000236e-01 8.057897730864040792e-03
2.591499999999999915e-01 7.627566524852681835e-03
2.643900000000000139e-01 7.219384577052447190e-03
2.697300000000000253e-01 6.827192181087861876e-03
2.751799999999999802e-01 6.453910381718718468e-03
2.807399999999999896e-01 6.104565885971137765e-03
2.864099999999999979e-01 5.775253350768224520e-03
2.921900000000000053e-01 5.454269116455012605e-03
2.980999999999999761e-01 5.147738167872396332e-03
3.041200000000000014e-01 4.863198875310911426e-03
3.102599999999999802e-01 4.591880621575630816e-03
3.165299999999999780e-01 4.334437086092715434e-03
3.229199999999999848e-01 4.089752722092194516e-03
3.294500000000000206e-01 3.855537105632903059e-03
3.361000000000000099e-01 3.634341637010676113e-03
3.428899999999999726e-01 3.429657266006998131e-03
3.498200000000000198e-01 3.231909874344037099e-03
3.568899999999999850e-01 3.042957342186057481e-03
3.640900000000000247e-01 2.866573470021746214e-03
3.714500000000000024e-01 2.699757869249394798e-03
3.789500000000000091e-01 2.542515910174100984e-03
3.866100000000000092e-01 2.392154566744730641e-03
3.944199999999999928e-01 2.249357798165137722e-03
4.023900000000000254e-01 2.117804722399489661e-03
4.105199999999999960e-01 1.990695819764737220e-03
4.188100000000000156e-01 1.871228615863141688e-03
4.272699999999999831e-01 1.758878504672897183e-03
4.359000000000000097e-01 1.653277430464567942e-03
4.447099999999999942e-01 1.552913152139956399e-03
4.536899999999999822e-01 1.457840658892603633e-03
4.628599999999999937e-01 1.369679945522642118e-03
4.722100000000000186e-01 1.285207048067107602e-03
4.817400000000000015e-01 1.206123109651759595e-03
4.914799999999999724e-01 1.131614457831325339e-03
5.014100000000000223e-01 1.061771210293526498e-03
5.115300000000000402e-01 9.953830010493180426e-04
5.218699999999999450e-01 9.337167899205697265e-04
5.324100000000000499e-01 8.748356109554577967e-04
5.431700000000000417e-01 8.197220068006920045e-04
5.541399999999999659e-01 7.684072944544717955e-04
5.653299999999999992e-01 7.193529526408107798e-04
5.767499999999999849e-01 6.740366350067841707e-04
5.884000000000000341e-01 6.308913135893439057e-04
6.002899999999999903e-01 5.904469439100191617e-04
6.124199999999999644e-01 5.525156503593786064e-04
6.247899999999999565e-01 5.169855493662710863e-04
6.374100000000000321e-01 4.836158192090395905e-04
6.502900000000000347e-01 4.523520084566596297e-04
6.634200000000000097e-01 4.229870249378853554e-04
6.768300000000000427e-01 3.954812037304105700e-04
6.905000000000000027e-01 3.697017189587791246e-04
7.044500000000000206e-01 3.455190660171342200e-04
7.186799999999999855e-01 3.228468282619906824e-04
7.331999999999999629e-01 3.015885760165165890e-04
7.480099999999999527e-01 2.816700440053237771e-04
7.631200000000000205e-01 2.630127369371176339e-04
7.785400000000000098e-01 2.455464233748869303e-04
7.942599999999999660e-01 2.291843728581220154e-04
8.103099999999999747e-01 2.138750698914711180e-04
8.266799999999999704e-01 1.995591344639885054e-04
8.433800000000000185e-01 1.861460996690247861e-04
8.604100000000000081e-01 1.736162391900096763e-04
8.778000000000000247e-01 1.619081138618961170e-04
8.955300000000000482e-01 1.509583774947455324e-04
9.136199999999999877e-01 1.407252152336553803e-04
9.320800000000000196e-01 1.311622142660424245e-04
9.509100000000000330e-01 1.222313726297584999e-04
9.701100000000000279e-01 1.138864346514384174e-04
9.897099999999999786e-01 1.060949201479743665e-04
1.009700000000000042e+00 9.882166808349864646e-05
1.030100000000000016e+00 9.202946920813864708e-05
1.050899999999999945e+00 8.569320770345826795e-05
1.072100000000000053e+00 7.977719954464139538e-05
1.093800000000000106e+00 7.425846555590248340e-05
1.115899999999999892e+00 6.910912279658750596e-05
1.138400000000000079e+00 6.431084404869391970e-05
1.161399999999999988e+00 5.983237672841116780e-05
1.184900000000000064e+00 5.566069964471167169e-05
1.208800000000000097e+00 5.177152673394889380e-05
1.233300000000000063e+00 4.814578724361617612e-05
1.258199999999999985e+00 4.476878953365025948e-05
1.283600000000000074e+00 4.162206669411279989e-05
1.309500000000000108e+00 3.869019370982354906e-05
1.336000000000000076e+00 3.596219931271477576e-05
1.362999999999999989e+00 3.342021705132458125e-05
1.390500000000000069e+00 3.105459241965128329e-05
1.418600000000000083e+00 2.885232243282649572e-05
1.447200000000000042e+00 2.680369035920951697e-05
1.476499999999999924e+00 2.489697802197802026e-05
1.506299999999999972e+00 2.312289966394622928e-05
1.536699999999999955e+00 2.147243896300025370e-05
1.567800000000000082e+00 1.993731441768393145e-05
1.599399999999999933e+00 1.851013770673309877e-05
1.631799999999999917e+00 1.718266927933812611e-05
1.664700000000000069e+00 1.594960797746822136e-05
1.698399999999999910e+00 1.480159680638722571e-05
1.732699999999999907e+00 1.373534338358459075e-05
1.767700000000000049e+00 1.274468458970303992e-05
1.803399999999999892e+00 1.182413125633699194e-05
1.839800000000000102e+00 1.096905222437137403e-05
1.877000000000000002e+00 1.017413541159279129e-05
1.914900000000000047e+00 9.435848835599664334e-06
1.953600000000000003e+00 8.750349204930215049e-06
1.993000000000000105e+00 8.113734182410957131e-06
2.033300000000000107e+00 7.522524740288513755e-06
2.074399999999999800e+00 6.973760706949343111e-06
2.116299999999999848e+00 6.464421812066884501e-06
2.158999999999999808e+00 5.991600825681542481e-06
2.202599999999999891e+00 5.552898626533753271e-06
2.247100000000000097e+00 5.145842812985423529e-06
2.292499999999999982e+00 4.768290472974086091e-06
2.338799999999999990e+00 4.417844354880558548e-06
2.386099999999999888e+00 4.092997911179728714e-06
2.434299999999999908e+00 3.791676203555352301e-06
2.483499999999999819e+00 3.512208801554393725e-06
2.533599999999999852e+00 3.253181865993478386e-06
2.584799999999999986e+00 3.012881415850990723e-06
2.637000000000000011e+00 2.790206544441865330e-06
2.690300000000000136e+00 2.583735556530641736e-06
2.744699999999999918e+00 2.392399877086961100e-06
2.800100000000000033e+00 2.215042771829773599e-06
2.856700000000000017e+00 2.050700881754465196e-06
2.914400000000000102e+00 1.898393657768936164e-06
2.973300000000000054e+00 1.757253384912959410e-06
3.033300000000000107e+00 1.626499704976070156e-06
3.094599999999999795e+00 1.505390789156418993e-06
3.157099999999999795e+00 1.393180337363353408e-06
3.220899999999999874e+00 1.289257455873402166e-06
3.286000000000000032e+00 1.193019629792507957e-06
3.352300000000000058e+00 1.103869910500441295e-06
3.420100000000000140e+00 1.021376203515590486e-06
3.489199999999999857e+00 9.449422032403322982e-07
3.559600000000000097e+00 8.742009466647147931e-07
3.631600000000000161e+00 8.087103724222838484e-07
3.704899999999999860e+00 7.480990131046755922e-07
3.779799999999999827e+00 6.919718788978342294e-07
3.856100000000000083e+00 6.400214592274677680e-07
3.934000000000000163e+00 5.919586336571607505e-07
4.013499999999999623e+00 5.474561750362462355e-07
4.094599999999999795e+00 5.062573626221329359e-07
4.177299999999999791e+00 4.681556510966990064e-07
4.261700000000000266e+00 4.328990727258794298e-07
4.347800000000000331e+00 4.002578981302385257e-07
4.435599999999999987e+00 3.700542464824546723e-07
4.525199999999999889e+00 3.421235624498528980e-07
4.616600000000000037e+00 3.162978244561140481e-07
4.709900000000000198e+00 2.923661110563171473e-07
4.804999999999999716e+00 2.702655032526482659e-07
4.902099999999999902e+00 2.498089978389469584e-07
5.001100000000000101e+00 2.309025983718553889e-07
5.102100000000000080e+00 2.134108040201004969e-07
5.205199999999999605e+00 1.972421681387812274e-07
5.310399999999999565e+00 1.822934773888160878e-07
5.417600000000000193e+00 1.684651856437384782e-07
5.527099999999999902e+00 1.556795807487897649e-07
5.638700000000000045e+00 1.438717014051157484e-07
5.752600000000000158e+00 1.329513786433231697e-07
5.868900000000000006e+00 1.228543826659996184e-07
5.987400000000000055e+00 1.135219041048637359e-07
6.108399999999999608e+00 1.048972026903087781e-07
6.231799999999999784e+00 9.692320067568927086e-08
6.357700000000000351e+00 8.955445020637104135e-08
6.486100000000000421e+00 8.274517666978568546e-08
6.617099999999999760e+00 7.645044791520098744e-08
6.750799999999999912e+00 7.063194273019008070e-08
6.887199999999999989e+00 6.525648355075099060e-08
7.026299999999999990e+00 6.028723840787854363e-08
7.168199999999999683e+00 5.569667645872932896e-08
7.312999999999999723e+00 5.145083532943209607e-08
7.460799999999999876e+00 4.752753391859536673e-08
7.611500000000000377e+00 4.390293089540199308e-08
7.765299999999999869e+00 4.055421857304643281e-08
7.922100000000000364e+00 3.745481647102664540e-08
8.082200000000000273e+00 3.459250539533058724e-08
8.245400000000000063e+00 3.194867980661956009e-08
8.412000000000000810e+00 2.950611374613811740e-08
8.581899999999999196e+00 2.724956465951791419e-08
8.755300000000000082e+00 2.516480864823126623e-08
8.932199999999999918e+00 2.323913595933925955e-08
9.112600000000000477e+00 2.146252676659529338e-08
9.296699999999999520e+00 1.982013982859720511e-08
9.484500000000000597e+00 1.830502434968523572e-08
9.676099999999999923e+00 1.690541724008507205e-08
9.871600000000000819e+00 1.561346863468634601e-08
1.007099999999999973e+01 1.442007357534531908e-08
1.027399999999999913e+01 1.331895291020766012e-08
1.048199999999999932e+01 1.230087813896163915e-08
1.069400000000000084e+01 1.136179191689660754e-08
1.091000000000000014e+01 1.049333105335157260e-08
1.113000000000000078e+01 9.691018827132690344e-09
1.135500000000000043e+01 8.948941824048589761e-09
1.158399999999999963e+01 8.264499999999999326e-09
1.181799999999999962e+01 7.631576174570895350e-09
1.205700000000000038e+01 7.046852448095925641e-09
1.230100000000000016e+01 6.506621741775469061e-09
1.254899999999999949e+01 6.007717533348127236e-09
1.280300000000000082e+01 5.546822221067401354e-09
1.306099999999999994e+01 5.121166484118291190e-09
1.332499999999999929e+01 4.728017776238709264e-09
1.359399999999999942e+01 4.364982816824306086e-09
1.386899999999999977e+01 4.029905763189947510e-09
1.414899999999999913e+01 3.720545261059779166e-09
1.443500000000000050e+01 3.435051986896453514e-09
1.472700000000000031e+01 3.171386214791045428e-09
1.502399999999999913e+01 2.927842392594350859e-09
1.532799999999999940e+01 2.703181685501021772e-09
1.563700000000000045e+01 2.495604395604395831e-09
1.595299999999999940e+01 2.304056715242221179e-09
1.627499999999999858e+01 2.127222547870261807e-09
1.660399999999999920e+01 1.963902263189062862e-09
1.694000000000000128e+01 1.813115822046089801e-09
1.728200000000000003e+01 1.673935439560439392e-09
1.763100000000000023e+01 1.545407916968380346e-09
1.798699999999999832e+01 1.426694659159589294e-09
1.835099999999999909e+01 1.317111617923262770e-09
1.872100000000000009e+01 1.215927576207652686e-09
1.909900000000000020e+01 1.122525075506171185e-09
1.948499999999999943e+01 1.036329322953526699e-09
1.987900000000000134e+01 9.567164179104476365e-10
2.028000000000000114e+01 8.832684824902724627e-10
2.069000000000000128e+01 8.154073117882992305e-10
2.110800000000000054e+01 7.527833146968739176e-10
2.153500000000000014e+01 6.949856439704675728e-10
2.196999999999999886e+01 6.416675678598464050e-10
2.241300000000000026e+01 5.923813868613138968e-10
2.286599999999999966e+01 5.469417212966861420e-10
2.332799999999999940e+01 5.049666983824928219e-10
2.379899999999999949e+01 4.662273365892821393e-10
2.428000000000000114e+01 4.304636228918213291e-10
2.477100000000000080e+01 3.974395236323037254e-10
2.527100000000000080e+01 3.669545418858443789e-10
2.578200000000000003e+01 3.387991718426500552e-10
2.630199999999999960e+01 3.128068489560583180e-10
2.683399999999999963e+01 2.887946922226317711e-10
2.737600000000000122e+01 2.666375036453776708e-10
2.792899999999999849e+01 2.461800356871833675e-10
2.849299999999999855e+01 2.272756777809031352e-10
2.906899999999999906e+01 2.098222947601493063e-10
2.965599999999999881e+01 1.937072536364512003e-10
3.025499999999999901e+01 1.788200619950200945e-10
3.086599999999999966e+01 1.650761312459789923e-10
3.148999999999999844e+01 1.523765078556983892e-10
3.212599999999999767e+01 1.406520441659206088e-10
3.277499999999999858e+01 1.298230422872256808e-10
3.343699999999999761e+01 1.198249082180175083e-10
3.411200000000000188e+01 1.105961541832459683e-10
3.480100000000000193e+01 1.020771678011246018e-10
3.550399999999999778e+01 9.421489216356006090e-11
3.622200000000000131e+01 8.696243203163619239e-11
3.695300000000000296e+01 8.027299600069552507e-11
3.770000000000000284e+01 7.410142899740808030e-11
3.846200000000000330e+01 6.841035075403646371e-11
3.923899999999999721e+01 6.316165951359084545e-11
4.003099999999999881e+01 5.831760582367215737e-11
4.084000000000000341e+01 5.385140710810118214e-11
4.166499999999999915e+01 4.972520046851067285e-11
4.250699999999999790e+01 4.591733231900596365e-11
4.336500000000000199e+01 4.239879558380728653e-11
4.424099999999999966e+01 3.915177625538526695e-11
4.513499999999999801e+01 3.614917250633666532e-11
4.604699999999999704e+01 3.337425243940824396e-11
4.697699999999999676e+01 3.080945261234321701e-11
4.792600000000000193e+01 2.843796580447172813e-11
4.889399999999999835e+01 2.624629766753054536e-11
4.988199999999999790e+01 2.422150569153353965e-11
5.089000000000000057e+01 2.235184898653875690e-11
5.191799999999999926e+01 2.062506806054666143e-11
5.296600000000000108e+01 1.903144220267862084e-11
5.403600000000000136e+01 1.756099041145770044e-11
5.512800000000000011e+01 1.620386981035366542e-11
5.624199999999999733e+01 1.495298653859162608e-11
5.737800000000000011e+01 1.379874303670904284e-11
5.853699999999999903e+01 1.273584194253826855e-11
5.971999999999999886e+01 1.175571303447726791e-11
6.092600000000000193e+01 1.085077763766288368e-11
6.215699999999999648e+01 1.001686640035508207e-11
6.341199999999999903e+01 9.248218972628420436e-12
6.469299999999999784e+01 8.539299148683428650e-12
6.600000000000000000e+01 7.884432458423489522e-12
6.733400000000000318e+01 7.280363825019594322e-12
6.869400000000000261e+01 6.723086786734277883e-12
7.008199999999999363e+01 6.208666748738150295e-12
7.149699999999999989e+01 5.733917520411878399e-12
7.294199999999999307e+01 5.295418034024907361e-12
7.441500000000000625e+01 4.890583987122409244e-12
7.591800000000000637e+01 4.516465002297442434e-12
7.745199999999999818e+01 4.170926620939562174e-12
7.901699999999999591e+01 3.851345578812473437e-12
8.061299999999999955e+01 3.555984695350851408e-12
8.224099999999999966e+01 3.282941894158914218e-12
8.390300000000000580e+01 3.030205396697543241e-12
8.559799999999999898e+01 2.796579523941205093e-12
8.732699999999999818e+01 2.580500190998359530e-12
8.909099999999999397e+01 2.380658485057089285e-12
9.089100000000000534e+01 2.196027785440228811e-12
9.272700000000000387e+01 2.025538453387024086e-12
9.459999999999999432e+01 1.868258277589633272e-12
9.651099999999999568e+01 1.723224318410313991e-12
9.846099999999999852e+01 1.589571357160709937e-12
1.004500000000000028e+02 1.466428995840760661e-12
1.024800000000000040e+02 1.353027343749999821e-12
1.045499999999999972e+02 1.248645660585959049e-12
1.066599999999999966e+02 1.152609034267912848e-12
1.088199999999999932e+02 1.064192247551641735e-12
1.110100000000000051e+02 9.826941473171579226e-13
1.132600000000000051e+02 9.075495106373201499e-13
1.155400000000000063e+02 8.382460059243432786e-13
1.178799999999999955e+02 7.741968592835882397e-13
1.202600000000000051e+02 7.150295601236643721e-13
1.226899999999999977e+02 6.603038119805100808e-13
1.251700000000000017e+02 6.096940321114813498e-13
1.277000000000000028e+02 5.628242074927953744e-13
1.302800000000000011e+02 5.194341027550261891e-13
1.329099999999999966e+02 4.792787635947338033e-13
1.355900000000000034e+02 4.421753271310793540e-13
1.383300000000000125e+02 4.079082040620501791e-13
1.411299999999999955e+02 3.762721893491124506e-13
1.439799999999999898e+02 3.470866845397676156e-13
1.468899999999999864e+02 3.202097505668934328e-13
1.498499999999999943e+02 2.954645354645354815e-13
1.528799999999999955e+02 2.726696593609717495e-13
1.559699999999999989e+02 2.517143559159239298e-13
1.591200000000000045e+02 2.324389437384855219e-13
1.623300000000000125e+02 2.146987199500468407e-13
1.656100000000000136e+02 1.983623877443211678e-13
1.689600000000000080e+02 1.832986494224779501e-13
1.723700000000000045e+02 1.693968891711842186e-13
1.758499999999999943e+02 1.565610011405002738e-13
1.794099999999999966e+02 1.446937898668076889e-13
1.830300000000000011e+02 1.337179016553918275e-13
1.867299999999999898e+02 1.235571499898293249e-13
1.905000000000000000e+02 1.141465323290619207e-13
1.943499999999999943e+02 1.054251531710548004e-13
1.982800000000000011e+02 9.734559789750328399e-14
2.022800000000000011e+02 8.986790266512167182e-14
2.063700000000000045e+02 8.294585050029429102e-14
2.105399999999999920e+02 7.654615763930342024e-14
2.147899999999999920e+02 7.063008130081301174e-14
2.191299999999999955e+02 6.516089648556728770e-14
2.235600000000000023e+02 6.011260152596604217e-14
2.280699999999999932e+02 5.545244374979647700e-14
2.326800000000000068e+02 5.114932625702174707e-14
