1.000000000000000048e-04 1.000596540067607787e+00
1.020200000000000024e-04 1.000584977770844874e+00
1.040800000000000064e-04 1.000573635703086106e+00
1.061800000000000032e-04 1.000562514062851571e+00
1.083300000000000013e-04 1.000588386717169875e+00
1.105200000000000057e-04 1.000576971620208422e+00
1.127500000000000030e-04 1.000565790869549776e+00
1.150300000000000015e-04 1.000589499965323315e+00
1.173500000000000064e-04 1.000578073993471095e+00
1.197199999999999989e-04 1.000600220080696268e+00
1.221399999999999927e-04 1.000588581518540465e+00
1.246099999999999877e-04 1.000577163561740424e+00
1.271199999999999891e-04 1.000597427915605575e+00
1.296899999999999865e-04 1.000585841144548738e+00
1.323100000000000122e-04 1.000574486741450553e+00
1.349900000000000069e-04 1.000563346873424742e+00
1.377100000000000080e-04 1.000552421934058245e+00
1.404900000000000051e-04 1.000570222957176236e+00
1.433299999999999982e-04 1.000559174658204542e+00
1.462299999999999874e-04 1.000575752590886713e+00
1.491800000000000049e-04 1.000564592015055654e+00
1.522000000000000132e-04 1.000553651463221616e+00
1.552699999999999957e-04 1.000568769389865498e+00
1.584099999999999961e-04 1.000532386867790668e+00
1.616099999999999926e-04 1.000546937151949090e+00
1.648700000000000122e-04 1.000560715765864694e+00
1.681999999999999956e-04 1.000549844609132322e+00
1.715999999999999969e-04 1.000539184659024361e+00
1.750699999999999891e-04 1.000551724137931142e+00
1.786000000000000044e-04 1.000541027953111062e+00
1.822100000000000054e-04 1.000530539160421784e+00
1.858899999999999973e-04 1.000520257527476087e+00
1.896500000000000020e-04 1.000531439989796212e+00
1.934799999999999975e-04 1.000521137330109278e+00
1.973900000000000058e-04 1.000531479967293524e+00
2.013799999999999998e-04 1.000521177861968036e+00
2.054400000000000117e-04 1.000511076602520033e+00
2.095900000000000042e-04 1.000520451829291835e+00
2.138300000000000042e-04 1.000510368032058617e+00
2.181499999999999900e-04 1.000500472668631513e+00
2.225499999999999885e-04 1.000490775243115582e+00
2.270499999999999895e-04 1.000499090941499469e+00
2.316399999999999980e-04 1.000471937214871154e+00
2.363199999999999871e-04 1.000479936922576085e+00
2.410900000000000109e-04 1.000470635694355570e+00
2.459599999999999829e-04 1.000478003593268328e+00
2.509300000000000115e-04 1.000468739897847126e+00
2.559999999999999884e-04 1.000459660802028861e+00
2.611700000000000219e-04 1.000466301914946454e+00
2.664499999999999985e-04 1.000457268279299372e+00
2.718299999999999775e-04 1.000448410385184506e+00
2.773200000000000079e-04 1.000439721509710500e+00
2.829199999999999814e-04 1.000431201759303335e+00
2.886400000000000012e-04 1.000422850860501534e+00
2.944700000000000182e-04 1.000414662464753635e+00
3.004199999999999731e-04 1.000406630792794349e+00
3.064899999999999743e-04 1.000398755881649171e+00
3.126800000000000217e-04 1.000391032325338880e+00
3.189900000000000070e-04 1.000383460088195786e+00
3.254399999999999741e-04 1.000363499623965868e+00
3.320099999999999874e-04 1.000356462417798520e+00
3.387199999999999825e-04 1.000349561842311497e+00
3.455600000000000186e-04 1.000342793650043083e+00
3.525399999999999823e-04 1.000336157831897888e+00
3.596599999999999819e-04 1.000318283090074090e+00
3.669300000000000122e-04 1.000300973146507122e+00
3.743400000000000243e-04 1.000284215128989906e+00
3.819000000000000129e-04 1.000278715763520454e+00
3.896200000000000271e-04 1.000262809326577296e+00
3.974900000000000178e-04 1.000257723987918013e+00
4.055199999999999799e-04 1.000242627657531136e+00
4.137100000000000217e-04 1.000198275007435189e+00
4.220699999999999756e-04 1.000194439043359917e+00
4.306000000000000040e-04 1.000190675946229346e+00
4.392900000000000038e-04 1.000186985789079941e+00
4.481700000000000137e-04 1.000091684239479140e+00
4.572199999999999897e-04 1.000089911886351324e+00
4.664599999999999758e-04 1.000088175645886590e+00
4.758799999999999771e-04 1.000086467790747946e+00
4.854999999999999832e-04 1.000000000000000000e+00
4.952999999999999504e-04 1.000083160083160116e+00
5.053100000000000256e-04 1.000000000000000000e+00
5.155199999999999973e-04 1.000000000000000000e+00
5.259299999999999739e-04 1.000000000000000000e+00
5.365600000000000534e-04 1.000000000000000000e+00
5.473900000000000293e-04 9.999245681526739427e-01
5.584500000000000488e-04 9.999260245598461383e-01
5.697299999999999543e-04 9.998549147624229416e-01
5.812400000000000119e-04 9.998577120091064474e-01
5.929900000000000535e-04 9.997906928068094334e-01
6.049599999999999813e-04 9.997947314403010655e-01
6.171899999999999912e-04 9.997986847403033117e-01
6.296500000000000447e-04 9.996709660436956524e-01
6.423699999999999636e-04 9.996127783155855928e-01
6.553499999999999647e-04 9.996835242736881177e-01
6.685900000000000480e-04 9.995654872749845099e-01
6.821000000000000457e-04 9.995129968953551103e-01
6.958799999999999578e-04 9.995223595438532671e-01
7.099300000000000012e-04 9.994730062068158949e-01
7.242699999999999486e-04 9.994257493970367667e-01
7.389099999999999575e-04 9.993804911015994330e-01
7.538300000000000382e-04 9.993371630578876674e-01
7.690600000000000127e-04 9.992416034669555636e-01
7.845999999999999893e-04 9.992030602486451363e-01
8.004499999999999680e-04 9.991662758584752835e-01
8.166199999999999978e-04 9.991311902693309488e-01
8.331099999999999704e-04 9.990476667836198921e-01
8.499399999999999837e-04 9.989676531314521934e-01
8.671100000000000379e-04 9.989392478302797640e-01
8.846299999999999650e-04 9.988650335760901333e-01
9.024999999999999819e-04 9.987940630797772501e-01
9.207300000000000293e-04 9.986807387862797203e-01
9.393300000000000477e-04 9.986168124219169107e-01
9.583099999999999778e-04 9.985120350109408793e-01
9.776699999999999280e-04 9.984546703296702796e-01
9.974199999999999473e-04 9.983579638752051455e-01
1.017600000000000015e-03 9.982655378897378196e-01
1.038099999999999917e-03 9.981771782719649488e-01
1.059100000000000102e-03 9.980928162746345311e-01
1.080500000000000080e-03 9.979734206321368983e-01
1.102300000000000068e-03 9.978591635446133479e-01
1.124599999999999905e-03 9.977500281246483027e-01
1.147299999999999969e-03 9.976458471271979489e-01
1.170500000000000099e-03 9.975103734439834113e-01
1.194100000000000023e-03 9.973808091176158408e-01
1.218200000000000012e-03 9.972570396861218933e-01
1.242899999999999908e-03 9.971049046321527332e-01
1.268000000000000030e-03 9.969594707474355166e-01
1.293600000000000002e-03 9.968205060967615383e-01
1.319700000000000040e-03 9.966878898964564026e-01
1.346399999999999984e-03 9.964984227129337624e-01
1.373599999999999995e-03 9.963481059668234385e-01
1.401300000000000072e-03 9.961742826780021209e-01
1.429600000000000055e-03 9.959785522788203727e-01
1.458499999999999944e-03 9.957915655960488666e-01
1.487999999999999956e-03 9.955842293906811413e-01
1.518000000000000035e-03 9.953861302574201764e-01
1.548700000000000077e-03 9.951969525492037061e-01
1.580000000000000024e-03 9.949893014815416326e-01
1.611900000000000095e-03 9.947379610928032134e-01
1.644499999999999912e-03 9.944977573797850745e-01
1.677700000000000068e-03 9.942681678607984130e-01
1.711599999999999970e-03 9.939987445072191452e-01
1.746200000000000052e-03 9.937167356593731293e-01
1.781400000000000041e-03 9.934469834361018270e-01
1.817400000000000048e-03 9.931420706675209154e-01
1.854100000000000019e-03 9.928503225505951324e-01
1.891600000000000009e-03 9.925260559517279368e-01
1.929799999999999962e-03 9.922158912468033165e-01
1.968800000000000151e-03 9.918536295382989199e-01
2.008600000000000142e-03 9.915071098240912928e-01
2.049099999999999880e-03 9.911333602019388733e-01
2.090499999999999910e-03 9.907552001998876090e-01
2.132799999999999800e-03 9.903525804803270383e-01
2.175799999999999870e-03 9.899474296721377797e-01
2.219800000000000072e-03 9.895010538341836304e-01
2.264599999999999860e-03 9.890543415200153676e-01
2.310400000000000214e-03 9.886078833447254910e-01
2.357099999999999994e-03 9.881063345885685578e-01
2.404700000000000067e-03 9.875896910235760773e-01
2.453299999999999838e-03 9.870767129196922340e-01
2.502799999999999903e-03 9.865329968053374587e-01
2.553399999999999941e-03 9.859601684779781827e-01
2.605000000000000111e-03 9.853604562090390040e-01
2.657599999999999980e-03 9.847524785581730500e-01
2.711299999999999821e-03 9.841043072729362962e-01
2.765999999999999796e-03 9.834346823233383050e-01
2.821900000000000016e-03 9.827608061858282840e-01
2.878900000000000209e-03 9.820372330490007018e-01
2.937100000000000214e-03 9.812821140200636005e-01
2.996400000000000192e-03 9.804976260592584980e-01
3.056899999999999982e-03 9.796858391401913613e-01
3.118699999999999858e-03 9.788487204781523010e-01
3.181699999999999980e-03 9.779738822992699587e-01
3.246000000000000187e-03 9.770638345569691019e-01
3.311500000000000207e-03 9.761071940068304365e-01
3.378400000000000153e-03 9.751204721425090760e-01
3.446700000000000024e-03 9.741054676584476324e-01
3.516299999999999981e-03 9.730383820412863427e-01
3.587400000000000137e-03 9.719478314554715892e-01
3.659799999999999946e-03 9.707980270646262566e-01
3.733799999999999793e-03 9.696046364122526962e-01
3.809199999999999999e-03 9.683582235594857535e-01
3.886099999999999971e-03 9.670857142857143263e-01
3.964600000000000415e-03 9.657424828712414255e-01
4.044700000000000031e-03 9.643547298083864350e-01
4.126399999999999686e-03 9.629256336544079753e-01
4.209799999999999653e-03 9.614131965966079552e-01
4.294799999999999660e-03 9.598762351532090786e-01
4.381600000000000251e-03 9.582628436712107289e-01
4.470100000000000288e-03 9.565871319145279328e-01
4.560400000000000044e-03 9.548531060301613804e-01
4.652500000000000385e-03 9.530532562861160351e-01
4.746499999999999851e-03 9.511810054949561000e-01
4.842400000000000176e-03 9.492493917397756276e-01
4.940199999999999626e-03 9.472805011434820566e-01
5.040000000000000209e-03 9.452007835455433771e-01
5.141899999999999596e-03 9.430432265534541836e-01
5.245699999999999842e-03 9.408023576385587949e-01
5.351700000000000033e-03 9.384543325526931712e-01
5.459799999999999896e-03 9.360228951255538110e-01
5.570099999999999704e-03 9.335699335699335633e-01
5.682600000000000325e-03 9.310128285637391254e-01
5.797400000000000296e-03 9.282681761896338646e-01
5.914499999999999619e-03 9.255996511120803127e-01
6.034000000000000301e-03 9.227460426703372187e-01
6.155899999999999740e-03 9.198065173116088955e-01
6.280299999999999945e-03 9.167015487651736239e-01
6.407200000000000048e-03 9.135894258570838034e-01
6.536600000000000049e-03 9.103212131094081672e-01
6.668600000000000222e-03 9.069767441860465684e-01
6.803299999999999972e-03 9.035512830698338993e-01
6.940799999999999574e-03 8.999058675870724722e-01
7.080999999999999621e-03 8.962658816237992765e-01
7.224000000000000386e-03 8.924089378634834091e-01
7.369999999999999815e-03 8.884856732441218652e-01
7.518900000000000236e-03 8.844314955924100774e-01
7.670800000000000188e-03 8.803160070880093890e-01
7.825699999999999670e-03 8.759944529596379592e-01
7.983799999999999231e-03 8.716172331673522899e-01
8.145100000000000603e-03 8.671139023693976711e-01
8.309600000000000319e-03 8.624170549202315739e-01
8.477500000000000660e-03 8.576017878343459300e-01
8.648799999999999891e-03 8.526606772633033016e-01
8.823499999999999746e-03 8.476639989055338997e-01
9.001699999999999632e-03 8.424759582825409598e-01
9.183600000000000096e-03 8.371671920059017280e-01
9.369099999999999998e-03 8.317390726717152072e-01
9.558300000000000476e-03 8.261813873897591032e-01
9.751400000000000345e-03 8.205061309679102521e-01
9.948399999999999604e-03 8.146376155686299025e-01
1.014900000000000004e-02 8.087056862619398379e-01
1.035400000000000036e-02 8.026449643947101142e-01
1.056400000000000047e-02 7.964423137576484013e-01
1.077700000000000012e-02 7.901095461658842467e-01
1.099499999999999957e-02 7.836326353072764483e-01
1.121699999999999954e-02 7.770716357129634488e-01
1.144300000000000005e-02 7.704234847091989691e-01
1.167499999999999961e-02 7.636097917427839832e-01
1.191000000000000045e-02 7.567027779458935788e-01
1.215100000000000034e-02 7.497292092911301831e-01
1.239700000000000003e-02 7.426536597043510435e-01
1.264700000000000026e-02 7.354412290103609084e-01
1.290200000000000027e-02 7.281616688396350678e-01
1.316299999999999935e-02 7.207340099126740007e-01
1.342899999999999996e-02 7.132698636577340379e-01
1.370000000000000037e-02 7.057617988054808444e-01
1.397699999999999984e-02 6.981264226930485872e-01
1.425900000000000084e-02 6.904318472820393238e-01
1.454699999999999917e-02 6.827101718532280206e-01
1.484100000000000003e-02 6.749333642368756658e-01
1.514099999999999994e-02 6.670716186509313417e-01
1.544700000000000066e-02 6.591355599214144823e-01
1.575899999999999870e-02 6.511923321207923054e-01
1.607700000000000101e-02 6.431911331755468808e-01
1.640199999999999991e-02 6.352193995381062441e-01
1.673399999999999888e-02 6.271303945924086021e-01
1.707200000000000037e-02 6.190641448319740281e-01
1.741600000000000092e-02 6.109727130525461902e-01
1.776799999999999907e-02 6.028797027403622888e-01
1.812700000000000075e-02 5.947377612200943631e-01
1.849299999999999902e-02 5.866277372262773682e-01
1.886699999999999836e-02 5.785253780330558149e-01
1.924800000000000122e-02 5.703843211111765399e-01
1.963700000000000168e-02 5.622826729745712404e-01
2.003399999999999972e-02 5.541584923607395519e-01
2.043800000000000130e-02 5.460503498176165760e-01
2.085100000000000148e-02 5.379513721714009877e-01
2.127199999999999924e-02 5.298727272727272730e-01
2.170199999999999907e-02 5.217879824132877209e-01
2.214100000000000096e-02 5.137351474481315350e-01
2.258800000000000044e-02 5.057201416061114507e-01
2.304399999999999851e-02 4.976868104312938690e-01
2.350999999999999965e-02 4.896986197290110199e-01
2.398499999999999938e-02 4.817134813487747302e-01
2.446900000000000117e-02 4.737707039337474280e-01
2.496400000000000008e-02 4.658483896307933914e-01
2.546800000000000105e-02 4.579627543243421917e-01
2.598200000000000162e-02 4.501242027526015654e-01
2.650699999999999931e-02 4.422836145890037818e-01
2.704300000000000107e-02 4.345203588681849083e-01
2.758899999999999894e-02 4.267577030812325090e-01
2.814600000000000088e-02 4.190699658703071484e-01
2.871500000000000094e-02 4.114201097948570474e-01
2.929500000000000159e-02 4.037956097202848316e-01
2.988700000000000037e-02 3.962371210989995562e-01
3.048999999999999974e-02 3.887420237010027479e-01
3.110600000000000170e-02 3.812572488981674779e-01
3.173499999999999932e-02 3.738267716535433327e-01
3.237600000000000200e-02 3.664527514840366096e-01
3.302999999999999686e-02 3.591154349247874245e-01
3.369699999999999779e-02 3.517959829985831677e-01
3.437799999999999884e-02 3.445520992690804252e-01
3.507199999999999901e-02 3.373006241331483746e-01
3.578100000000000031e-02 3.301317767754488597e-01
3.650400000000000172e-02 3.229741923840461770e-01
3.724100000000000327e-02 3.158747697974217394e-01
3.799299999999999899e-02 3.087945128253312133e-01
3.876099999999999685e-02 3.017833173537871616e-01
3.954400000000000276e-02 2.948542359616513342e-01
4.034299999999999692e-02 2.880127757261203847e-01
4.115800000000000014e-02 2.812248679133878548e-01
4.198899999999999855e-02 2.745533628842221074e-01
4.283800000000000108e-02 2.679873435135506909e-01
4.370299999999999879e-02 2.615278436785575811e-01
4.458600000000000063e-02 2.551819589837099334e-01
4.548599999999999866e-02 2.489570867770905804e-01
4.640500000000000180e-02 2.428322653342287196e-01
4.734300000000000314e-02 2.367903121237380781e-01
4.829900000000000165e-02 2.308470945492637760e-01
4.927499999999999936e-02 2.249703986317589666e-01
5.027000000000000218e-02 2.191637715313038970e-01
5.128599999999999826e-02 2.134022271275480553e-01
5.232200000000000045e-02 2.077086722562883347e-01
5.337900000000000283e-02 2.020489253932184759e-01
5.445699999999999846e-02 1.964671953857246023e-01
5.555700000000000222e-02 1.909424405018342041e-01
5.668000000000000121e-02 1.854920908068038998e-01
5.782500000000000140e-02 1.801342281879194651e-01
5.899299999999999683e-02 1.748737287789470796e-01
6.018400000000000138e-02 1.697125412678021084e-01
6.140000000000000319e-02 1.646590287613411419e-01
6.264100000000000223e-02 1.597242008091629140e-01
6.390600000000000447e-02 1.548857151134157839e-01
6.519700000000000495e-02 1.501570124872841916e-01
6.651400000000000368e-02 1.455363581730769462e-01
6.785800000000000165e-02 1.410112531812467429e-01
6.922899999999999887e-02 1.365892638901946010e-01
7.062699999999999534e-02 1.322672740103932598e-01
7.205400000000000693e-02 1.280517088253675939e-01
7.351000000000000589e-02 1.239389741163749448e-01
7.499400000000000510e-02 1.199193141704488069e-01
7.650899999999999368e-02 1.159922548720798974e-01
7.805499999999999938e-02 1.121433200629571303e-01
7.963199999999999446e-02 1.083729216152019004e-01
8.124099999999999377e-02 1.046774225556150739e-01
8.288199999999999734e-02 1.010662604722010610e-01
8.455600000000000616e-02 9.754241996837201278e-02
8.626399999999999346e-02 9.411503540746332663e-02
8.800700000000000189e-02 9.077909497670556827e-02
8.978500000000000369e-02 8.752844788347746707e-02
9.159799999999999887e-02 8.434780446566213230e-02
9.344900000000000428e-02 8.123211754092021786e-02
9.533700000000000507e-02 7.818744497505536462e-02
9.726300000000000223e-02 7.522597001763668689e-02
9.922699999999999576e-02 7.237021469953425212e-02
1.012300000000000005e-01 6.963477651592561712e-02
1.032799999999999968e-01 6.700592707896785294e-02
1.053599999999999953e-01 6.446812419621532342e-02
1.074900000000000022e-01 6.198706128699565249e-02
1.096599999999999936e-01 5.954655457903451632e-02
1.118799999999999933e-01 5.714887549419923884e-02
1.141400000000000053e-01 5.480946729957806435e-02
1.164400000000000018e-01 5.255584624672972327e-02
1.188000000000000028e-01 5.039633729670629780e-02
1.212000000000000022e-01 4.833141542002301200e-02
1.236499999999999960e-01 4.634764300752953342e-02
1.261400000000000021e-01 4.442979081950397535e-02
1.286899999999999988e-01 4.257134229201268300e-02
1.312899999999999900e-01 4.076445554991605519e-02
1.339400000000000035e-01 3.901329657856331817e-02
1.366499999999999937e-01 3.731235480464625137e-02
1.394100000000000061e-01 3.567261011563244849e-02
1.422299999999999953e-01 3.410672210672210936e-02
1.451000000000000068e-01 3.261845990029523662e-02
1.480299999999999949e-01 3.118735113768813724e-02
1.510199999999999876e-01 2.979132461204385407e-02
1.540700000000000125e-01 2.842567045579958221e-02
1.571799999999999864e-01 2.711332531638321192e-02
1.603600000000000025e-01 2.587410518842809398e-02
1.635999999999999954e-01 2.469818668613849369e-02
1.668999999999999928e-01 2.356403541588726960e-02
1.702799999999999869e-01 2.245602854957940223e-02
1.737100000000000033e-01 2.137857003448051865e-02
1.772199999999999886e-01 2.034359008440220565e-02
1.807999999999999885e-01 1.936432314707683955e-02
1.844600000000000128e-01 1.844108592219423359e-02
1.881799999999999862e-01 1.756414889772316482e-02
1.919800000000000118e-01 1.671545447721984462e-02
1.958600000000000063e-01 1.588659147869674396e-02
1.998199999999999976e-01 1.509350393700787524e-02
2.038600000000000134e-01 1.434718994749978674e-02
2.079699999999999882e-01 1.363127482845792778e-02
2.121800000000000075e-01 1.293773032221487256e-02
2.164600000000000135e-01 1.227715946025805145e-02
2.208299999999999985e-01 1.165529498284033176e-02
2.253000000000000003e-01 1.106625204237600933e-02
2.298499999999999988e-01 1.049805978885300084e-02
2.344900000000000040e-01 9.944698512312092134e-03
2.392299999999999982e-01 9.416626654777420641e-03
2.440599999999999992e-01 8.925529282861483990e-03
2.489899999999999891e-01 8.460797228727556796e-03
2.540200000000000236e-01 8.010331653699215293e-03
2.591499999999999915e-01 7.582108558391255707e-03
2.643900000000000139e-01 7.176070038910505565e-03
2.697300000000000253e-01 6.785755881667830842e-03
2.751799999999999802e-01 6.414594808435530350e-03
2.807399999999999896e-01 6.066869397193449046e-03
2.864099999999999979e-01 5.739214656247947771e-03
2.921900000000000053e-01 5.420313454101363670e-03
2.980999999999999761e-01 5.115297743070754653e-03
3.041200000000000014e-01 4.832192896709025520e-03
3.102599999999999802e-01 4.562457748065800942e-03
3.165299999999999780e-01 4.306250977937724905e-03
3.229199999999999848e-01 4.063144988249719342e-03
3.294500000000000206e-01 3.830319353597537099e-03
3.361000000000000099e-01 3.610130879528297438e-03
3.428899999999999726e-01 3.406795438678147415e-03
3.498200000000000198e-01 3.210115320455479791e-03
3.568899999999999850e-01 3.022387124269848829e-03
3.640900000000000247e-01 2.847039858558019811e-03
3.714500000000000024e-01 2.681175866634244020e-03
3.789500000000000091e-01 2.524845857146879036e-03
3.866100000000000092e-01 2.375518123291295650e-03
3.944199999999999928e-01 2.233485858182599967e-03
4.023900000000000254e-01 2.102733361104880232e-03
4.105199999999999960e-01 1.976505139500733810e-03
4.188100000000000156e-01 1.857723012842763021e-03
4.272699999999999831e-01 1.746128019062059876e-03
4.359000000000000097e-01 1.641213625084592901e-03
4.447099999999999942e-01 1.541550649045060790e-03
4.536899999999999822e-01 1.446974039800180039e-03
4.628599999999999937e-01 1.359420413745939492e-03
4.722100000000000186e-01 1.275563876259249146e-03
4.817400000000000015e-01 1.197036555343954697e-03
4.914799999999999724e-01 1.122991287512100549e-03
5.014100000000000223e-01 1.053710247349823369e-03
5.115300000000000402e-01 9.876178934611940137e-04
5.218699999999999450e-01 9.264455080596358362e-04
5.324100000000000499e-01 8.679797863787756329e-04
5.431700000000000417e-01 8.133013780707010459e-04
5.541399999999999659e-01 7.623304369569293805e-04
5.653299999999999992e-01 7.136891556831527744e-04
5.767499999999999849e-01 6.685903113715336394e-04
5.884000000000000341e-01 6.258468545402789225e-04
6.002899999999999903e-01 5.856707543664065214e-04
6.124199999999999644e-01 5.480360192516690616e-04
6.247899999999999565e-01 5.126966109940002793e-04
6.374100000000000321e-01 4.795901084010839610e-04
6.502900000000000347e-01 4.485711757940369186e-04
6.634200000000000097e-01 4.194749976892504176e-04
6.768300000000000427e-01 3.921776919362626366e-04
6.905000000000000027e-01 3.665681160005247285e-04
7.044500000000000206e-01 3.425811690023514524e-04
7.186799999999999855e-01 3.200824369599718027e-04
7.331999999999999629e-01 2.989919935487587522e-04
7.480099999999999527e-01 2.792436924188595364e-04
7.631200000000000205e-01 2.607277763787458919e-04
7.785400000000000098e-01 2.433973194301814575e-04
7.942599999999999660e-01 2.271757238644656074e-04
8.103099999999999747e-01 2.119889988048440121e-04
8.266799999999999704e-01 1.977859778597786285e-04
8.433800000000000185e-01 1.844907990925132328e-04
8.604100000000000081e-01 1.720727848101265831e-04
8.778000000000000247e-01 1.604455863840940856e-04
8.955300000000000482e-01 1.495895205961423875e-04
9.136199999999999877e-01 1.394411403757198054e-04
9.320800000000000196e-01 1.299618659975104078e-04
9.509100000000000330e-01 1.211050911948385054e-04
9.701100000000000279e-01 1.128352200168827505e-04
9.897099999999999786e-01 1.051113578177039507e-04
1.009700000000000042e+00 9.789858166121152285e-05
1.030100000000000016e+00 9.116982443942290681e-05
1.050899999999999945e+00 8.488638136342362866e-05
1.072100000000000053e+00 7.902373951867582122e-05
1.093800000000000106e+00 7.355456722545328761e-05
1.115899999999999892e+00 6.845216768183445615e-05
1.138400000000000079e+00 6.369378948026768771e-05
1.161399999999999988e+00 5.925841003635887134e-05
1.184900000000000064e+00 5.512472978073637331e-05
1.208800000000000097e+00 5.126896254223883679e-05
1.233300000000000063e+00 4.767625790900874061e-05
1.258199999999999985e+00 4.433132078449942697e-05
1.283600000000000074e+00 4.121366249017904826e-05
1.309500000000000108e+00 3.831079909863061342e-05
1.336000000000000076e+00 3.560561333393886917e-05
1.362999999999999989e+00 3.308882330540746354e-05
1.390500000000000069e+00 3.074543458736653213e-05
1.418600000000000083e+00 2.856425545269103660e-05
1.447200000000000042e+00 2.653506607446400108e-05
1.476499999999999924e+00 2.464616269042828230e-05
1.506299999999999972e+00 2.288969258589511571e-05
1.536699999999999955e+00 2.125458222727847455e-05
1.567800000000000082e+00 1.973488865323435703e-05
1.599399999999999933e+00 1.832140126503093054e-05
1.631799999999999917e+00 1.700685231083248576e-05
1.664700000000000069e+00 1.578561052068200906e-05
1.698399999999999910e+00 1.464993183094073403e-05
1.732699999999999907e+00 1.359384201228232510e-05
1.767700000000000049e+00 1.261318506751389990e-05
1.803399999999999892e+00 1.170076844736598457e-05
1.839800000000000102e+00 1.085486691276471688e-05
1.877000000000000002e+00 1.006778313474064010e-05
1.914900000000000047e+00 9.337069758487174942e-06
1.953600000000000003e+00 8.658450348520052895e-06
1.993000000000000105e+00 8.028177309726591869e-06
2.033300000000000107e+00 7.443096818861812868e-06
2.074399999999999800e+00 6.899907862806420824e-06
2.116299999999999848e+00 6.395771750827533446e-06
2.158999999999999808e+00 5.927901389921639065e-06
2.202599999999999891e+00 5.493589936049478721e-06
2.247100000000000097e+00 5.090860376050056346e-06
2.292499999999999982e+00 4.717115387797653605e-06
2.338799999999999990e+00 4.370330472252145513e-06
2.386099999999999888e+00 4.048896186827221516e-06
2.434299999999999908e+00 3.750814269839445367e-06
2.483499999999999819e+00 3.474175569908049725e-06
2.533599999999999852e+00 3.217817597836192741e-06
2.584799999999999986e+00 2.980158906298548701e-06
2.637000000000000011e+00 2.759802321786563350e-06
2.690300000000000136e+00 2.555645339014177609e-06
2.744699999999999918e+00 2.366325428262770822e-06
2.800100000000000033e+00 2.190877648076091808e-06
2.856700000000000017e+00 2.028302958042355096e-06
2.914400000000000102e+00 1.877568671895970693e-06
2.973300000000000054e+00 1.737990034784243644e-06
3.033300000000000107e+00 1.608626934474810480e-06
3.094599999999999795e+00 1.488789703134731245e-06
3.157099999999999795e+00 1.377813329454968640e-06
3.220899999999999874e+00 1.275009552923194546e-06
3.286000000000000032e+00 1.179832135255612216e-06
3.352300000000000058e+00 1.091630439370278169e-06
3.420100000000000140e+00 1.010026174526418420e-06
3.489199999999999857e+00 9.344369316857076140e-07
3.559600000000000097e+00 8.644184108622126347e-07
3.631600000000000161e+00 7.996599165249652009e-07
3.704899999999999860e+00 7.397074756229685891e-07
3.779799999999999827e+00 6.842075289025571644e-07
3.856100000000000083e+00 6.328363571043649024e-07
3.934000000000000163e+00 5.852870813397129078e-07
4.013499999999999623e+00 5.412948497285846662e-07
4.094599999999999795e+00 5.005638312682723848e-07
4.177299999999999791e+00 4.628870507283507443e-07
4.261700000000000266e+00 4.279886074974982757e-07
4.347800000000000331e+00 3.957496761658030162e-07
4.435599999999999987e+00 3.658748403575989544e-07
4.525199999999999889e+00 3.382466195038954193e-07
4.616600000000000037e+00 3.126966186304982402e-07
4.709900000000000198e+00 2.890716338056078231e-07
4.804999999999999716e+00 2.672093047492990945e-07
4.902099999999999902e+00 2.469850458273034213e-07
5.001100000000000101e+00 2.282850651073204044e-07
5.102100000000000080e+00 2.109982648368582809e-07
5.205199999999999605e+00 1.950135958025353039e-07
5.310399999999999565e+00 1.802259204040241176e-07
5.417600000000000193e+00 1.665536052460499357e-07
5.527099999999999902e+00 1.539273711447521024e-07
5.638700000000000045e+00 1.422386004444027036e-07
5.752600000000000158e+00 1.314380279602825567e-07
5.868900000000000006e+00 1.214566690349524612e-07
5.987400000000000055e+00 1.122296385454280102e-07
6.108399999999999608e+00 1.037004337645387984e-07
6.231799999999999784e+00 9.581843524634870109e-08
6.357700000000000351e+00 8.853145663682946610e-08
6.486100000000000421e+00 8.179885417599141355e-08
6.617099999999999760e+00 7.557419142069679719e-08
6.750799999999999912e+00 6.982418726907530908e-08
6.887199999999999989e+00 6.450964525307369416e-08
7.026299999999999990e+00 5.959604286892003367e-08
7.168199999999999683e+00 5.505699242029739642e-08
7.312999999999999723e+00 5.085891812865497343e-08
7.460799999999999876e+00 4.698242688558234998e-08
7.611500000000000377e+00 4.339590789384833293e-08
7.765299999999999869e+00 4.008318816879377041e-08
7.922100000000000364e+00 3.702189781021897879e-08
8.082200000000000273e+00 3.419314150571541202e-08
8.245400000000000063e+00 3.157936244396480585e-08
8.412000000000000810e+00 2.916426261036804057e-08
8.581899999999999196e+00 2.693334560854354622e-08
8.755300000000000082e+00 2.487250339344580229e-08
8.932199999999999918e+00 2.297048912488512186e-08
9.112600000000000477e+00 2.121370187137019027e-08
9.296699999999999520e+00 1.959050747621205248e-08
9.484500000000000597e+00 1.809222692835411558e-08
9.676099999999999923e+00 1.670981525700640863e-08
9.871600000000000819e+00 1.543288324066719574e-08
1.007099999999999973e+01 1.425393947845488851e-08
1.027399999999999913e+01 1.316512413691787702e-08
1.048199999999999932e+01 1.215971523640021478e-08
1.069400000000000084e+01 1.123012961604304251e-08
1.091000000000000014e+01 1.037186533837169290e-08
1.113000000000000078e+01 9.579223599674237501e-09
1.135500000000000043e+01 8.846315187339117122e-09
1.158399999999999963e+01 8.169179616477986624e-09
1.181799999999999962e+01 7.543395427603725530e-09
1.205700000000000038e+01 6.965225731620270786e-09
1.230100000000000016e+01 6.430997402780551727e-09
1.254899999999999949e+01 5.937732203893595192e-09
1.280300000000000082e+01 5.481892332789558893e-09
1.306099999999999994e+01 5.060994897608339427e-09
1.332499999999999929e+01 4.672435284227614761e-09
1.359399999999999942e+01 4.313755441839150639e-09
1.386899999999999977e+01 3.982612895435885238e-09
1.414899999999999913e+01 3.676824922794990891e-09
1.443500000000000050e+01 3.394795672002145847e-09
1.472700000000000031e+01 3.134272088069520693e-09
1.502399999999999913e+01 2.894015259895087731e-09
1.532799999999999940e+01 2.672056297909772529e-09
1.563700000000000045e+01 2.467159730654597882e-09
1.595299999999999940e+01 2.277881213926643128e-09
1.627499999999999858e+01 2.103191933069996645e-09
1.660399999999999920e+01 1.941780467618456558e-09
1.694000000000000128e+01 1.792823253531111840e-09
1.728200000000000003e+01 1.655177370206404864e-09
1.763100000000000023e+01 1.528019396878314954e-09
1.798699999999999832e+01 1.410608723438249047e-09
1.835099999999999909e+01 1.302213537279741329e-09
1.872100000000000009e+01 1.202095914742451232e-09
1.909900000000000020e+01 1.109675244409484293e-09
1.948499999999999943e+01 1.024369050910383564e-09
1.987900000000000134e+01 9.456082628795134317e-10
2.028000000000000114e+01 8.729468599033816251e-10
2.069000000000000128e+01 8.058166998564349438e-10
2.110800000000000054e+01 7.439441297128346454e-10
2.153500000000000014e+01 6.868562010712814795e-10
2.196999999999999886e+01 6.341662140141227046e-10
2.241300000000000026e+01 5.854957896545797745e-10
2.286599999999999966e+01 5.405872402126631731e-10
2.332799999999999940e+01 4.991206830635911553e-10
2.379899999999999949e+01 4.608710262786477753e-10
2.428000000000000114e+01 4.255192457645140216e-10
2.477100000000000080e+01 3.928598130841121090e-10
2.527100000000000080e+01 3.627129337539432176e-10
2.578200000000000003e+01 3.348639880209633118e-10
2.630199999999999960e+01 3.091435591435591317e-10
2.683399999999999963e+01 2.853836897158196692e-10
2.737600000000000122e+01 2.634570312500000236e-10
2.792899999999999849e+01 2.431778146343473623e-10
2.849299999999999855e+01 2.244718309859154973e-10
2.906899999999999906e+01 2.072001834441641440e-10
2.965599999999999881e+01 1.912595405997121091e-10
3.025499999999999901e+01 1.765441551812149219e-10
3.086599999999999966e+01 1.629707422816442540e-10
3.148999999999999844e+01 1.504410949952410150e-10
3.212599999999999767e+01 1.388716519028133654e-10
3.277499999999999858e+01 1.282033844693974382e-10
3.343699999999999761e+01 1.183562786816854388e-10
3.411200000000000188e+01 1.092708351675441390e-10
3.480100000000000193e+01 1.008825715347454434e-10
3.550399999999999778e+01 9.314157990706428902e-11
3.622200000000000131e+01 8.599685508565753875e-11
3.695300000000000296e+01 7.939956331877729241e-11
3.770000000000000284e+01 7.330875576036865476e-11
3.846200000000000330e+01 6.768796809648867093e-11
3.923899999999999721e+01 6.249647137321321895e-11
4.003099999999999881e+01 5.770272466280266792e-11
4.084000000000000341e+01 5.327578321518408723e-11
4.166499999999999915e+01 4.918695507889100696e-11
4.250699999999999790e+01 4.540996656583346785e-11
4.336500000000000199e+01 4.192377495462795156e-11
4.424099999999999966e+01 3.869811990067400018e-11
4.513499999999999801e+01 3.571947429512861455e-11
4.604699999999999704e+01 3.296826212402671329e-11
4.697699999999999676e+01 3.042471525720722762e-11
4.792600000000000193e+01 2.807539857306438978e-11
4.889399999999999835e+01 2.590376569037657261e-11
4.988199999999999790e+01 2.389968590498625359e-11
5.089000000000000057e+01 2.205067094969172854e-11
5.191799999999999926e+01 2.034403544276103471e-11
5.296600000000000108e+01 1.877122069523039627e-11
5.403600000000000136e+01 1.732077542062911526e-11
5.512800000000000011e+01 1.598571152732187641e-11
5.624199999999999733e+01 1.475468877412340232e-11
5.737800000000000011e+01 1.362175347969579668e-11
5.853699999999999903e+01 1.257859253086887337e-11
5.971999999999999886e+01 1.161734122540393733e-11
6.092600000000000193e+01 1.073135714888945146e-11
6.215699999999999648e+01 9.913500980916711722e-12
6.341199999999999903e+01 9.159525379037573991e-12
6.469299999999999784e+01 8.461469623148057394e-12
6.600000000000000000e+01 7.817166138143940410e-12
6.733400000000000318e+01 7.220842296688918259e-12
6.869400000000000261e+01 6.669047730572860424e-12
7.008199999999999363e+01 6.158145977096782155e-12
7.149699999999999989e+01 5.684955659748977382e-12
7.294199999999999307e+01 5.246830990772287259e-12
7.441500000000000625e+01 4.841576225508048735e-12
7.591800000000000637e+01 4.467027725636213467e-12
7.745199999999999818e+01 4.121069310148696231e-12
7.901699999999999591e+01 3.801750772399588184e-12
8.061299999999999955e+01 3.507261091067317329e-12
8.224099999999999966e+01 3.235665862346317394e-12
8.390300000000000580e+01 2.985334277333872940e-12
8.559799999999999898e+01 2.754818581990683650e-12
8.732699999999999818e+01 2.542606261709668174e-12
8.909099999999999397e+01 2.347052651659671757e-12
9.089100000000000534e+01 2.166889185580774376e-12
9.272700000000000387e+01 2.000851607408984466e-12
9.459999999999999432e+01 1.847724013833047622e-12
9.651099999999999568e+01 1.706431011436209794e-12
9.846099999999999852e+01 1.576060006904560029e-12
1.004500000000000028e+02 1.455648771429518771e-12
1.024800000000000040e+02 1.344439772966155074e-12
1.045499999999999972e+02 1.241707389308455596e-12
1.066599999999999966e+02 1.146729776247848577e-12
1.088199999999999932e+02 1.058986441798941934e-12
1.110100000000000051e+02 9.778971738085877807e-13
1.132600000000000051e+02 9.028803545051698229e-13
1.155400000000000063e+02 8.336097560975610537e-13
1.178799999999999955e+02 7.695519925761715676e-13
1.202600000000000051e+02 7.103628636809415377e-13
1.226899999999999977e+02 6.556489692502591330e-13
1.251700000000000017e+02 6.050699939135727064e-13
1.277000000000000028e+02 5.583081376648439151e-13
1.302800000000000011e+02 5.151366789065687155e-13
1.329099999999999966e+02 4.752443933294997411e-13
1.355900000000000034e+02 4.383937390775776695e-13
1.383300000000000125e+02 4.044016064257027665e-13
1.411299999999999955e+02 3.730893342391304327e-13
1.439799999999999898e+02 3.441960678696471736e-13
1.468899999999999864e+02 3.175683371298405921e-13
1.498499999999999943e+02 2.930657300551931832e-13
1.528799999999999955e+02 2.705048490121596789e-13
1.559699999999999989e+02 2.497307364358480038e-13
1.591200000000000045e+02 2.306241324902423619e-13
1.623300000000000125e+02 2.130294058610999420e-13
1.656100000000000136e+02 1.968213537106317437e-13
1.689600000000000080e+02 1.818589968432129153e-13
1.723700000000000045e+02 1.680441588889053610e-13
1.758499999999999943e+02 1.552889293449260834e-13
1.794099999999999966e+02 1.434926958831341033e-13
1.830300000000000011e+02 1.325770878696354426e-13
1.867299999999999898e+02 1.224713465718053901e-13
1.905000000000000000e+02 1.131102114613630950e-13
1.943499999999999943e+02 1.044350646650309854e-13
1.982800000000000011e+02 9.639847754823664594e-14
2.022800000000000011e+02 8.895821208241183217e-14
2.063700000000000045e+02 8.207528577059518976e-14
2.105399999999999920e+02 7.570977917981072893e-14
2.147899999999999920e+02 6.982672994150756621e-14
2.191299999999999955e+02 6.439292180108625673e-14
2.235600000000000023e+02 5.937818710016378953e-14
2.280699999999999932e+02 5.474617296872956137e-14
2.326800000000000068e+02 5.047774008170047456e-14
