1.000000000000000048e-04 1.000595923880656324e+00
1.020200000000000024e-04 1.000584385226741313e+00
1.040800000000000064e-04 1.000573044009779977e+00
1.061800000000000032e-04 1.000599408084516417e+00
1.083300000000000013e-04 1.000587781492230155e+00
1.105200000000000057e-04 1.000576389639396213e+00
1.127500000000000030e-04 1.000565211247703701e+00
1.150300000000000015e-04 1.000554246917001455e+00
1.173500000000000064e-04 1.000577484883483859e+00
1.197199999999999989e-04 1.000599600266488975e+00
1.221399999999999927e-04 1.000555301496047544e+00
1.246099999999999877e-04 1.000576571959383543e+00
1.271199999999999891e-04 1.000565397663023104e+00
1.296899999999999865e-04 1.000554426168915212e+00
1.323100000000000122e-04 1.000573896758993664e+00
1.349900000000000069e-04 1.000562762869498412e+00
1.377100000000000080e-04 1.000580905631880180e+00
1.404900000000000051e-04 1.000569638279692253e+00
1.433299999999999982e-04 1.000558596804826283e+00
1.462299999999999874e-04 1.000547765118317223e+00
1.491800000000000049e-04 1.000537143471021073e+00
1.522000000000000132e-04 1.000553068211746277e+00
1.552699999999999957e-04 1.000542355371900838e+00
1.584099999999999961e-04 1.000557173610231665e+00
1.616099999999999926e-04 1.000546366661699604e+00
1.648700000000000122e-04 1.000535775169256292e+00
1.681999999999999956e-04 1.000549279965610383e+00
1.715999999999999969e-04 1.000538629071918706e+00
1.750699999999999891e-04 1.000528189229532794e+00
1.786000000000000044e-04 1.000517948025041681e+00
1.822100000000000054e-04 1.000530000220833271e+00
1.858899999999999973e-04 1.000541383342717250e+00
1.896500000000000020e-04 1.000530887006009673e+00
1.934799999999999975e-04 1.000520594727416723e+00
1.973900000000000058e-04 1.000510506217965778e+00
2.013799999999999998e-04 1.000500610745108876e+00
2.054400000000000117e-04 1.000510544711934902e+00
2.095900000000000042e-04 1.000500654702302983e+00
2.138300000000000042e-04 1.000509837984818073e+00
2.181499999999999900e-04 1.000499953707989942e+00
2.225499999999999885e-04 1.000490267286461288e+00
2.270499999999999895e-04 1.000498575498575571e+00
2.316399999999999980e-04 1.000471451021477165e+00
2.363199999999999871e-04 1.000479443845139649e+00
2.410900000000000109e-04 1.000470153639492876e+00
2.459599999999999829e-04 1.000461041954817887e+00
2.509300000000000115e-04 1.000468255506038906e+00
2.559999999999999884e-04 1.000459187712770204e+00
2.611700000000000219e-04 1.000450289582783370e+00
2.664499999999999985e-04 1.000456794822992102e+00
2.718299999999999775e-04 1.000433010317590465e+00
2.773200000000000079e-04 1.000424622232634508e+00
2.829199999999999814e-04 1.000416397444181316e+00
2.886400000000000012e-04 1.000422416220782873e+00
2.944700000000000182e-04 1.000414233047512536e+00
3.004199999999999731e-04 1.000406212340730905e+00
3.064899999999999743e-04 1.000398342893562775e+00
3.126800000000000217e-04 1.000390630086329447e+00
3.189900000000000070e-04 1.000370294703508911e+00
3.254399999999999741e-04 1.000375647992787442e+00
3.320099999999999874e-04 1.000356094745760593e+00
3.387199999999999825e-04 1.000349199850687043e+00
3.455600000000000186e-04 1.000330629258327608e+00
3.525399999999999823e-04 1.000324227932236409e+00
3.596599999999999819e-04 1.000317954191885184e+00
3.669300000000000122e-04 1.000300661455201467e+00
3.743400000000000243e-04 1.000294843514534682e+00
3.819000000000000129e-04 1.000267717547278945e+00
3.896200000000000271e-04 1.000262538855750671e+00
3.974900000000000178e-04 1.000247157686604105e+00
4.055199999999999799e-04 1.000232276307816637e+00
4.137100000000000217e-04 1.000297117955828430e+00
4.220699999999999756e-04 1.000194231329513350e+00
4.306000000000000040e-04 1.000190476190476074e+00
4.392900000000000038e-04 1.000186793686373310e+00
4.481700000000000137e-04 1.000183183733284409e+00
4.572199999999999897e-04 1.000179646097188568e+00
4.664599999999999758e-04 1.000088082445168558e+00
4.758799999999999771e-04 1.000086378163600243e+00
4.854999999999999832e-04 1.000084709868699795e+00
4.952999999999999504e-04 1.000083077178699043e+00
5.053100000000000256e-04 1.000000000000000000e+00
5.155199999999999973e-04 1.000000000000000000e+00
5.259299999999999739e-04 1.000000000000000000e+00
5.365600000000000534e-04 9.999231655781788408e-01
5.473900000000000293e-04 9.999246477281290568e-01
5.584500000000000488e-04 9.999261010937038341e-01
5.697299999999999543e-04 9.998550619610117041e-01
5.812400000000000119e-04 9.997867955369199588e-01
5.929900000000000535e-04 9.997909116253136386e-01
6.049599999999999813e-04 9.997949419002049032e-01
6.171899999999999912e-04 9.997318675425660439e-01
6.296500000000000447e-04 9.997370324107553996e-01
6.423699999999999636e-04 9.996131777448262756e-01
6.553499999999999647e-04 9.996206373292868541e-01
6.685900000000000480e-04 9.995659453091090274e-01
6.821000000000000457e-04 9.995135003648746297e-01
6.958799999999999578e-04 9.994632313472892049e-01
7.099300000000000012e-04 9.994735610669163162e-01
7.242699999999999486e-04 9.994263423588801709e-01
7.389099999999999575e-04 9.993811184876785214e-01
7.538300000000000382e-04 9.993378579705346487e-01
7.690600000000000127e-04 9.992423832458465771e-01
7.845999999999999893e-04 9.992569396528846459e-01
8.004499999999999680e-04 9.991671438238508562e-01
8.166199999999999978e-04 9.990810700428833790e-01
8.331099999999999704e-04 9.989985980372521057e-01
8.499399999999999837e-04 9.989687177724301259e-01
8.671100000000000379e-04 9.988922069164820616e-01
8.846299999999999650e-04 9.988189720332577570e-01
9.024999999999999819e-04 9.987952923732741350e-01
9.207300000000000293e-04 9.986821177005226202e-01
9.393300000000000477e-04 9.986182304435035073e-01
9.583099999999999778e-04 9.985572509071830583e-01
9.776699999999999280e-04 9.984562607204116036e-01
9.974199999999999473e-04 9.983596904441452979e-01
1.017600000000000015e-03 9.982673267326732658e-01
1.038099999999999917e-03 9.981790223373259163e-01
1.059100000000000102e-03 9.980947844724934459e-01
1.080500000000000080e-03 9.979754720654078204e-01
1.102300000000000068e-03 9.978613710139391246e-01
1.124599999999999905e-03 9.977523880876567608e-01
1.147299999999999969e-03 9.976482692731681867e-01
1.170500000000000099e-03 9.975128861334389141e-01
1.194100000000000023e-03 9.973834948023478919e-01
1.218200000000000012e-03 9.972598938642432964e-01
1.242899999999999908e-03 9.971078598162639306e-01
1.268000000000000030e-03 9.969626168224299256e-01
1.293600000000000002e-03 9.968238375900457804e-01
1.319700000000000040e-03 9.966592785326522375e-01
1.346399999999999984e-03 9.965019538636077367e-01
1.373599999999999995e-03 9.963518318132632556e-01
1.401300000000000072e-03 9.961782280323940864e-01
1.429600000000000055e-03 9.959827406635917146e-01
1.458499999999999944e-03 9.957958659348360442e-01
1.487999999999999956e-03 9.955887829051015547e-01
1.518000000000000035e-03 9.954189033472919945e-01
1.548700000000000077e-03 9.952018530774322524e-01
1.580000000000000024e-03 9.949673963040125413e-01
1.611900000000000095e-03 9.947434093503597641e-01
1.644499999999999912e-03 9.945033474874307444e-01
1.677700000000000068e-03 9.942484662576687171e-01
1.711599999999999970e-03 9.940049164701749707e-01
1.746200000000000052e-03 9.937476923076922208e-01
1.781400000000000041e-03 9.934537900381661402e-01
1.817400000000000048e-03 9.931490612554522146e-01
1.854100000000000019e-03 9.928576413931088362e-01
1.891600000000000009e-03 9.925337351873417813e-01
1.929799999999999962e-03 9.922015059160990136e-01
1.968800000000000151e-03 9.918838667106565365e-01
2.008600000000000142e-03 9.915157272079618833e-01
2.049099999999999880e-03 9.911423788434234883e-01
2.090499999999999910e-03 9.907646226807556022e-01
2.132799999999999800e-03 9.903624298111280977e-01
2.175799999999999870e-03 9.899577061075587325e-01
2.219800000000000072e-03 9.895312684481876175e-01
2.264599999999999860e-03 9.890655487510383592e-01
2.310400000000000214e-03 9.886005841963507734e-01
2.357099999999999994e-03 9.881185168631395621e-01
2.404700000000000067e-03 9.876204582441896473e-01
2.453299999999999838e-03 9.870899394897024726e-01
2.502799999999999903e-03 9.865291369126334420e-01
2.553399999999999941e-03 9.859571962875743889e-01
2.605000000000000111e-03 9.853753932488734657e-01
2.657599999999999980e-03 9.847513110866151775e-01
2.711299999999999821e-03 9.841040699486539589e-01
2.765999999999999796e-03 9.834353851111826694e-01
2.821900000000000016e-03 9.827468857337322561e-01
2.878900000000000209e-03 9.820398389027974462e-01
2.937100000000000214e-03 9.812859958141738614e-01
2.996400000000000192e-03 9.805025216138328892e-01
3.056899999999999982e-03 9.796917631443109453e-01
3.118699999999999858e-03 9.788556853424538184e-01
3.181699999999999980e-03 9.779819126967173037e-01
3.246000000000000187e-03 9.770729522423156066e-01
3.311500000000000207e-03 9.761311890382312617e-01
3.378400000000000153e-03 9.751453684922245513e-01
3.446700000000000024e-03 9.741183351722121353e-01
3.516299999999999981e-03 9.730655131405271385e-01
3.587400000000000137e-03 9.719506084006835911e-01
3.659799999999999946e-03 9.708149084017687613e-01
3.733799999999999793e-03 9.696228009144219895e-01
3.809199999999999999e-03 9.683899268093008050e-01
3.886099999999999971e-03 9.670949055991540089e-01
3.964600000000000415e-03 9.657532627198789354e-01
4.044700000000000031e-03 9.643787505233287760e-01
4.126399999999999686e-03 9.629400794059428392e-01
4.209799999999999653e-03 9.614406016391965348e-01
4.294799999999999660e-03 9.598945292592674372e-01
4.381600000000000251e-03 9.582829042774743122e-01
4.470100000000000288e-03 9.566094637088551345e-01
4.560400000000000044e-03 9.548878535281501989e-01
4.652500000000000385e-03 9.530897327883004477e-01
4.746499999999999851e-03 9.512192624000165297e-01
4.842400000000000176e-03 9.492899790221074330e-01
4.940199999999999626e-03 9.473229363266116865e-01
5.040000000000000209e-03 9.451619215340965052e-01
5.141899999999999596e-03 9.430265060240963226e-01
5.245699999999999842e-03 9.407977207977207268e-01
5.351700000000000033e-03 9.385176866928691686e-01
5.459799999999999896e-03 9.360877985797289025e-01
5.570099999999999704e-03 9.336363636363635976e-01
5.682600000000000325e-03 9.310808388600106955e-01
5.797400000000000296e-03 9.284262613766899319e-01
5.914499999999999619e-03 9.256709654932030462e-01
6.034000000000000301e-03 9.228257133035407955e-01
6.155899999999999740e-03 9.198880976602239468e-01
6.280299999999999945e-03 9.167851467759470241e-01
6.407200000000000048e-03 9.136750020632168345e-01
6.536600000000000049e-03 9.104088613780746408e-01
6.668600000000000222e-03 9.070664844440871066e-01
6.803299999999999972e-03 9.035714285714285809e-01
6.940799999999999574e-03 9.000783699059561327e-01
7.080999999999999621e-03 8.962928565900472044e-01
7.224000000000000386e-03 8.925158627016284152e-01
7.369999999999999815e-03 8.885951661631420473e-01
7.518900000000000236e-03 8.845436226584074690e-01
7.670800000000000188e-03 8.803658356689777476e-01
7.825699999999999670e-03 8.761210353627415515e-01
7.983799999999999231e-03 8.717468098911398400e-01
8.145100000000000603e-03 8.671847151921294738e-01
8.309600000000000319e-03 8.624920668500106746e-01
8.477500000000000660e-03 8.577408776948300950e-01
8.648799999999999891e-03 8.528030930682132249e-01
8.823499999999999746e-03 8.478097450966993742e-01
9.001699999999999632e-03 8.425681618293755504e-01
9.183600000000000096e-03 8.373308321050515479e-01
9.369099999999999998e-03 8.319065631428760321e-01
9.558300000000000476e-03 8.262984878369492581e-01
9.751400000000000345e-03 8.206280948657805885e-01
9.948399999999999604e-03 8.148291674740036905e-01
1.014900000000000004e-02 8.088376560999039899e-01
1.035400000000000036e-02 8.027820121951219079e-01
1.056400000000000047e-02 7.965973534971644288e-01
1.077700000000000012e-02 7.902701350675337411e-01
1.099499999999999957e-02 7.838609559279950956e-01
1.121699999999999954e-02 7.773052268244575735e-01
1.144300000000000005e-02 7.706011999510223864e-01
1.167499999999999961e-02 7.638542490419125697e-01
1.191000000000000045e-02 7.569528415961306322e-01
1.215100000000000034e-02 7.499398893964895896e-01
1.239700000000000003e-02 7.428110240927841001e-01
1.264700000000000026e-02 7.356650011896264107e-01
1.290200000000000027e-02 7.283921382903150166e-01
1.316299999999999935e-02 7.210302958858894051e-01
1.342899999999999996e-02 7.135309656589374772e-01
1.370000000000000037e-02 7.059718079195179685e-01
1.397699999999999984e-02 6.984025186567163201e-01
1.425900000000000084e-02 6.907156560665077549e-01
1.454699999999999917e-02 6.829438032824914906e-01
1.484100000000000003e-02 6.751938881815026106e-01
1.514099999999999994e-02 6.672830232289379548e-01
1.544700000000000066e-02 6.594135980607179759e-01
1.575899999999999870e-02 6.514793240671319374e-01
1.607700000000000101e-02 6.435078413284132104e-01
1.640199999999999991e-02 6.355247981545558700e-01
1.673399999999999888e-02 6.274453228691787565e-01
1.707200000000000037e-02 6.193529751588677801e-01
1.741600000000000092e-02 6.112718435366276681e-01
1.776799999999999907e-02 6.031893302406493573e-01
1.812700000000000075e-02 5.950581395348837344e-01
1.849299999999999902e-02 5.869590575061238713e-01
1.886699999999999836e-02 5.788678803488849223e-01
1.924800000000000122e-02 5.707324241711733137e-01
1.963700000000000168e-02 5.626033545948500025e-01
2.003399999999999972e-02 5.545184657404109707e-01
2.043800000000000130e-02 5.464106545628285572e-01
2.085100000000000148e-02 5.383242171064493986e-01
2.127199999999999924e-02 5.302203123108583105e-01
2.170199999999999907e-02 5.221686893944014196e-01
2.214100000000000096e-02 5.141170683718642165e-01
2.258800000000000044e-02 5.060720709545369900e-01
2.304399999999999851e-02 4.980405659196193713e-01
2.350999999999999965e-02 4.900606980273140567e-01
2.398499999999999938e-02 4.820778225033544029e-01
2.446900000000000117e-02 4.741310246801911932e-01
2.496400000000000008e-02 4.662112694469865426e-01
2.546800000000000105e-02 4.583217523658261738e-01
2.598200000000000162e-02 4.504793188979017704e-01
2.650699999999999931e-02 4.426717401644356675e-01
2.704300000000000107e-02 4.348745865490628582e-01
2.758899999999999894e-02 4.271379623802531444e-01
2.814600000000000088e-02 4.194533191338303268e-01
2.871500000000000094e-02 4.117994951316263919e-01
2.929500000000000159e-02 4.042005718055861063e-01
2.988700000000000037e-02 3.966378410615774563e-01
3.048999999999999974e-02 3.891012514220705265e-01
3.110600000000000170e-02 3.816413186134486324e-01
3.173499999999999932e-02 3.742138364779873938e-01
3.237600000000000200e-02 3.668348550376421824e-01
3.302999999999999686e-02 3.594841658504733806e-01
3.369699999999999779e-02 3.521674016141110308e-01
3.437799999999999884e-02 3.449092143220770512e-01
3.507199999999999901e-02 3.376893119861532067e-01
3.578100000000000031e-02 3.304846826167563978e-01
3.650400000000000172e-02 3.233402396180524163e-01
3.724100000000000327e-02 3.162040441176470762e-01
3.799299999999999899e-02 3.091540048771336813e-01
3.876099999999999685e-02 3.021437458129964670e-01
3.954400000000000276e-02 2.952055463333658758e-01
4.034299999999999692e-02 2.883642159792787485e-01
4.115800000000000014e-02 2.815773697633539019e-01
4.198899999999999855e-02 2.749077873098760838e-01
4.283800000000000108e-02 2.683326116116221960e-01
4.370299999999999879e-02 2.618737555830598085e-01
4.458600000000000063e-02 2.555279053705916681e-01
4.548599999999999866e-02 2.493024086434359465e-01
4.640500000000000180e-02 2.431735574738754790e-01
4.734300000000000314e-02 2.371269799091928199e-01
4.829900000000000165e-02 2.311812170399690225e-01
4.927499999999999936e-02 2.253013486096192841e-01
5.027000000000000218e-02 2.194882486272893563e-01
5.128599999999999826e-02 2.137372643598956790e-01
5.232200000000000045e-02 2.080237741456166523e-01
5.337900000000000283e-02 2.023711509962127508e-01
5.445699999999999846e-02 1.967705884619831147e-01
5.555700000000000222e-02 1.912391074987300210e-01
5.668000000000000121e-02 1.857946591299294847e-01
5.782500000000000140e-02 1.804314928151491138e-01
5.899299999999999683e-02 1.751650321914645370e-01
6.018400000000000138e-02 1.699949008420501562e-01
6.140000000000000319e-02 1.649481651440323493e-01
6.264100000000000223e-02 1.600079591807728741e-01
6.390600000000000447e-02 1.551634440301742912e-01
6.519700000000000495e-02 1.504302419651393774e-01
6.651400000000000368e-02 1.458066643682640606e-01
6.785800000000000165e-02 1.412772466539196914e-01
6.922899999999999887e-02 1.368481115557778904e-01
7.062699999999999534e-02 1.325241242458672919e-01
7.205400000000000693e-02 1.283037135496152004e-01
7.351000000000000589e-02 1.241836786298275569e-01
7.499400000000000510e-02 1.201613602845493234e-01
7.650899999999999368e-02 1.162269011287812431e-01
7.805499999999999938e-02 1.123752863794250240e-01
7.963199999999999446e-02 1.085991704734417668e-01
8.124099999999999377e-02 1.049008930516227567e-01
8.288199999999999734e-02 1.012816299704239198e-01
8.455600000000000616e-02 9.775465381580911162e-02
8.626399999999999346e-02 9.432298934591444584e-02
8.800700000000000189e-02 9.098377632033137485e-02
8.978500000000000369e-02 8.772646876045700481e-02
9.159799999999999887e-02 8.454268065788493602e-02
9.344900000000000428e-02 8.142261996605462682e-02
9.533700000000000507e-02 7.837010619327708372e-02
9.726300000000000223e-02 7.540478874013799293e-02
9.922699999999999576e-02 7.254751990028611430e-02
1.012300000000000005e-01 6.980373886203482259e-02
1.032799999999999968e-01 6.717322505523376508e-02
1.053599999999999953e-01 6.463079460086727790e-02
1.074900000000000022e-01 6.214624111706770065e-02
1.096599999999999936e-01 5.969959671017116554e-02
1.118799999999999933e-01 5.729705274043433993e-02
1.141400000000000053e-01 5.495217119752802970e-02
1.164400000000000018e-01 5.269425025922333528e-02
1.188000000000000028e-01 5.053323792974206974e-02
1.212000000000000022e-01 4.846461484959137950e-02
1.236499999999999960e-01 4.647661755285074220e-02
1.261400000000000021e-01 4.455568547208418884e-02
1.286899999999999988e-01 4.269201807228915901e-02
1.312899999999999900e-01 4.088483857148421385e-02
1.339400000000000035e-01 3.912730507926238249e-02
1.366499999999999937e-01 3.742162481038260186e-02
1.394100000000000061e-01 3.577686787302425397e-02
1.422299999999999953e-01 3.420999262536873059e-02
1.451000000000000068e-01 3.271739655255661433e-02
1.480299999999999949e-01 3.128304939082958425e-02
1.510199999999999876e-01 2.988219134661102006e-02
1.540700000000000125e-01 2.851395233639715879e-02
1.571799999999999864e-01 2.719817247287264692e-02
1.603600000000000025e-01 2.595634218289085554e-02
1.635999999999999954e-01 2.477822947636672615e-02
1.668999999999999928e-01 2.364150708778910842e-02
1.702799999999999869e-01 2.252875023826164322e-02
1.737100000000000033e-01 2.144840111565155319e-02
1.772199999999999886e-01 2.041216619176992875e-02
1.807999999999999885e-01 1.943060739735323963e-02
1.844600000000000128e-01 1.850474462740719916e-02
1.881799999999999862e-01 1.762615340253748455e-02
1.919800000000000118e-01 1.677421769726006665e-02
1.958600000000000063e-01 1.594250449183657464e-02
1.998199999999999976e-01 1.514809360170184943e-02
2.038600000000000134e-01 1.439903846153845965e-02
2.079699999999999882e-01 1.368155619596541847e-02
2.121800000000000075e-01 1.298463858260296040e-02
2.164600000000000135e-01 1.232197230134564510e-02
2.208299999999999985e-01 1.169880119371365101e-02
2.253000000000000003e-01 1.110865863656429302e-02
2.298499999999999988e-01 1.053797023764494953e-02
2.344900000000000040e-01 9.982804335526241843e-03
2.392299999999999982e-01 9.453221173574067812e-03
2.440599999999999992e-01 8.960692636624219623e-03
2.489899999999999891e-01 8.494277060805468030e-03
2.540200000000000236e-01 8.042303261984025398e-03
2.591499999999999915e-01 7.612483297834342008e-03
2.643900000000000139e-01 7.205128205128205100e-03
2.697300000000000253e-01 6.813509118364501939e-03
2.751799999999999802e-01 6.440981442422955179e-03
2.807399999999999896e-01 6.092202725966169678e-03
2.864099999999999979e-01 5.763250073656986903e-03
2.921900000000000053e-01 5.443168557947607351e-03
2.980999999999999761e-01 5.137215879333822434e-03
3.041200000000000014e-01 4.852986300380845303e-03
3.102599999999999802e-01 4.582326835571034519e-03
3.165299999999999780e-01 4.325141408230933661e-03
3.229199999999999848e-01 4.080904829834929720e-03
3.294500000000000206e-01 3.847285284901195718e-03
3.361000000000000099e-01 3.626361388895075685e-03
3.428899999999999726e-01 3.422133525166500510e-03
3.498200000000000198e-01 3.224694453149483386e-03
3.568899999999999850e-01 3.036294555816627244e-03
3.640900000000000247e-01 2.860290877038342700e-03
3.714500000000000024e-01 2.693679616358640380e-03
3.789500000000000091e-01 2.536692869174620845e-03
3.866100000000000092e-01 2.386685427842758118e-03
3.944199999999999928e-01 2.244158628081457506e-03
4.023900000000000254e-01 2.112790363293606376e-03
4.105199999999999960e-01 1.986057036371502004e-03
4.188100000000000156e-01 1.866788952723749152e-03
4.272699999999999831e-01 1.754715622750179990e-03
4.359000000000000097e-01 1.649334582942830422e-03
4.447099999999999942e-01 1.549194431409354035e-03
4.536899999999999822e-01 1.454270782296260018e-03
4.628599999999999937e-01 1.366321442270809370e-03
4.722100000000000186e-01 1.281999999999999936e-03
4.817400000000000015e-01 1.203130789181178044e-03
4.914799999999999724e-01 1.128812741312741315e-03
5.014100000000000223e-01 1.059140326152607173e-03
5.115300000000000402e-01 9.928023536828832051e-04
5.218699999999999450e-01 9.313730868396510182e-04
5.324100000000000499e-01 8.725450901803607530e-04
5.431700000000000417e-01 8.176115658044087395e-04
5.541399999999999659e-01 7.663924208426826055e-04
5.653299999999999992e-01 7.175200052046059804e-04
5.767499999999999849e-01 6.722603437733542294e-04
5.884000000000000341e-01 6.292181069958847732e-04
6.002899999999999903e-01 5.888987698236253362e-04
6.124199999999999644e-01 5.510448916408668173e-04
6.247899999999999565e-01 5.155456750202101496e-04
6.374100000000000321e-01 4.822918425941564286e-04
6.502900000000000347e-01 4.510938602681721947e-04
6.634200000000000097e-01 4.218320892083678750e-04
6.768300000000000427e-01 3.943866743693433957e-04
6.905000000000000027e-01 3.686741654425820390e-04
7.044500000000000206e-01 3.445516864328370733e-04
7.186799999999999855e-01 3.219344417217014911e-04
7.331999999999999629e-01 3.007316708974167680e-04
7.480099999999999527e-01 2.808717579250720161e-04
7.631200000000000205e-01 2.622592713485826389e-04
7.785400000000000098e-01 2.448344666439129986e-04
7.942599999999999660e-01 2.285263230146200705e-04
8.103099999999999747e-01 2.132602078906564052e-04
8.266799999999999704e-01 1.989758375756483762e-04
8.433800000000000185e-01 1.856110587496073066e-04
8.604100000000000081e-01 1.731085256031025961e-04
8.778000000000000247e-01 1.614267047212956919e-04
8.955300000000000482e-01 1.505064133700325518e-04
9.136199999999999877e-01 1.403015699710101244e-04
9.320800000000000196e-01 1.307677153720375712e-04
9.509100000000000330e-01 1.218614049194861968e-04
9.701100000000000279e-01 1.135418015451681185e-04
9.897099999999999786e-01 1.057716635041113141e-04
1.009700000000000042e+00 9.851727481259015668e-05
1.030100000000000016e+00 9.174568592013070860e-05
1.050899999999999945e+00 8.542654949840578047e-05
1.072100000000000053e+00 7.952824299014685835e-05
1.093800000000000106e+00 7.402785673678226753e-05
1.115899999999999892e+00 6.889437961419386097e-05
1.138400000000000079e+00 6.410688117731426115e-05
1.161399999999999988e+00 5.964402351404310269e-05
1.184900000000000064e+00 5.548409168662334014e-05
1.208800000000000097e+00 5.160746926633454014e-05
1.233300000000000063e+00 4.798918553565394260e-05
1.258199999999999985e+00 4.462543279823733298e-05
1.283600000000000074e+00 4.148835291692434905e-05
1.309500000000000108e+00 3.856556491682868951e-05
1.336000000000000076e+00 3.584495562398116265e-05
1.362999999999999989e+00 3.331181775035595578e-05
1.390500000000000069e+00 3.095264152820615235e-05
1.418600000000000083e+00 2.875782227784730950e-05
1.447200000000000042e+00 2.671441067133173436e-05
1.476499999999999924e+00 2.481400813893505874e-05
1.506299999999999972e+00 2.304567307692307831e-05
1.536699999999999955e+00 2.140084441363664797e-05
1.567800000000000082e+00 1.987048172867243612e-05
1.599399999999999933e+00 1.844837144837144769e-05
1.631799999999999917e+00 1.712479104586088908e-05
1.664700000000000069e+00 1.589495349900899745e-05
1.698399999999999910e+00 1.475093947389461843e-05
1.732699999999999907e+00 1.368866895915457553e-05
1.767700000000000049e+00 1.270127584689837214e-05
1.803399999999999892e+00 1.178343949044586079e-05
1.839800000000000102e+00 1.093075060532687667e-05
1.877000000000000002e+00 1.013902297740876757e-05
1.914900000000000047e+00 9.403352741698126278e-06
1.953600000000000003e+00 8.719994628409001656e-06
1.993000000000000105e+00 8.085618650537319403e-06
2.033300000000000107e+00 7.496456086286595587e-06
2.074399999999999800e+00 6.949411308060550841e-06
2.116299999999999848e+00 6.441764450239026234e-06
2.158999999999999808e+00 5.970602492087480075e-06
2.202599999999999891e+00 5.533421139282186441e-06
2.247100000000000097e+00 5.127749842866121904e-06
2.292499999999999982e+00 4.751290977183111927e-06
2.338799999999999990e+00 4.402272766642991889e-06
2.386099999999999888e+00 4.078399272396544084e-06
2.434299999999999908e+00 3.778151324712039743e-06
2.483499999999999819e+00 3.499699097291875839e-06
2.533599999999999852e+00 3.241478110647621286e-06
2.584799999999999986e+00 3.002234859380877002e-06
2.637000000000000011e+00 2.780114811629906969e-06
2.690300000000000136e+00 2.574581319271519783e-06
2.744699999999999918e+00 2.383792793947941630e-06
2.800100000000000033e+00 2.207117648643551570e-06
2.856700000000000017e+00 2.043331823842409328e-06
2.914400000000000102e+00 1.891525423728813423e-06
2.973300000000000054e+00 1.750929484175336724e-06
3.033300000000000107e+00 1.620629657594957319e-06
3.094599999999999795e+00 1.499913760391872775e-06
3.157099999999999795e+00 1.388095410715580390e-06
3.220899999999999874e+00 1.284582269800754354e-06
3.286000000000000032e+00 1.188661114670083234e-06
3.352300000000000058e+00 1.099856926443359778e-06
3.420100000000000140e+00 1.017647839356008589e-06
3.489199999999999857e+00 9.414690841469083206e-07
3.559600000000000097e+00 8.709866588476762615e-07
3.631600000000000161e+00 8.057539172874390358e-07
3.704899999999999860e+00 7.453013609850939643e-07
3.779799999999999827e+00 6.894163070633658856e-07
3.856100000000000083e+00 6.376932720434602005e-07
3.934000000000000163e+00 5.897501883002762409e-07
4.013499999999999623e+00 5.454131467793030696e-07
4.094599999999999795e+00 5.044000277604275165e-07
4.177299999999999791e+00 4.664088155878274138e-07
4.261700000000000266e+00 4.312816577129700881e-07
4.347800000000000331e+00 3.987570621468926540e-07
4.435599999999999987e+00 3.686926994906621499e-07
4.525199999999999889e+00 3.408356396750290202e-07
4.616600000000000037e+00 3.151000093905531165e-07
4.709900000000000198e+00 2.912781509284867168e-07
4.804999999999999716e+00 2.692615413389303824e-07
4.902099999999999902e+00 2.488850996852046127e-07
5.001100000000000101e+00 2.300350715805208870e-07
5.102100000000000080e+00 2.126102367443717121e-07
5.205199999999999605e+00 1.964999363624793312e-07
5.310399999999999565e+00 1.816112271680325700e-07
5.417600000000000193e+00 1.678384737858058778e-07
5.527099999999999902e+00 1.551074870274277278e-07
5.638700000000000045e+00 1.433345293998346151e-07
5.752600000000000158e+00 1.324512008930770067e-07
5.868900000000000006e+00 1.223938357347707616e-07
5.987400000000000055e+00 1.130963636363636397e-07
6.108399999999999608e+00 1.045025737193593459e-07
6.231799999999999784e+00 9.656012728334642728e-08
6.357700000000000351e+00 8.921886592474827280e-08
6.486100000000000421e+00 8.243378924117003754e-08
6.617099999999999760e+00 7.616430634819981725e-08
6.750799999999999912e+00 7.036588380716934867e-08
6.887199999999999989e+00 6.501236174365647968e-08
7.026299999999999990e+00 6.005862853072519143e-08
7.168199999999999683e+00 5.548441060252083383e-08
7.312999999999999723e+00 5.125713591643386421e-08
7.460799999999999876e+00 4.734806099939255607e-08
7.611500000000000377e+00 4.373569408913423367e-08
7.765299999999999869e+00 4.039695197589934403e-08
7.922100000000000364e+00 3.731191222570533104e-08
8.082200000000000273e+00 3.446142963807128346e-08
8.245400000000000063e+00 3.182743637492240957e-08
8.412000000000000810e+00 2.939382054299036882e-08
8.581899999999999196e+00 2.714502065167508045e-08
8.755300000000000082e+00 2.506790391957855844e-08
8.932199999999999918e+00 2.315025959482846238e-08
9.112600000000000477e+00 2.137940277703318645e-08
9.296699999999999520e+00 1.974421230942970131e-08
9.484500000000000597e+00 1.823420958724872333e-08
9.676099999999999923e+00 1.684124796391430007e-08
9.871600000000000819e+00 1.555364920153094805e-08
1.007099999999999973e+01 1.436635384080639591e-08
1.027399999999999913e+01 1.326816051552431064e-08
1.048199999999999932e+01 1.225410784540615706e-08
1.069400000000000084e+01 1.131827048114434452e-08
1.091000000000000014e+01 1.045294973884750503e-08
1.113000000000000078e+01 9.653585926928282809e-09
1.135500000000000043e+01 8.915407280676741491e-09
1.158399999999999963e+01 8.233120355719351239e-09
1.181799999999999962e+01 7.602540968902677161e-09
1.205700000000000038e+01 7.020025128701202591e-09
1.230100000000000016e+01 6.481780902167545942e-09
1.254899999999999949e+01 5.984640837592907875e-09
1.280300000000000082e+01 5.525442693763905556e-09
1.306099999999999994e+01 5.101327263752536692e-09
1.332499999999999929e+01 4.709698861337495081e-09
1.359399999999999942e+01 4.348196881091617533e-09
1.386899999999999977e+01 4.014348998459167649e-09
1.414899999999999913e+01 3.706228642961058513e-09
1.443500000000000050e+01 3.421770526878844834e-09
1.472700000000000031e+01 3.159121234331247187e-09
1.502399999999999913e+01 2.916683174200705385e-09
1.532799999999999940e+01 2.692781524712367330e-09
1.563700000000000045e+01 2.486298505491603204e-09
1.595299999999999940e+01 2.295436089004384984e-09
1.627499999999999858e+01 2.119288719303395342e-09
1.660399999999999920e+01 1.956654031613418910e-09
1.694000000000000128e+01 1.806448105257434776e-09
1.728200000000000003e+01 1.667727051271028441e-09
1.763100000000000023e+01 1.539688774739386519e-09
1.798699999999999832e+01 1.421408091748964349e-09
1.835099999999999909e+01 1.312206099690984925e-09
1.872100000000000009e+01 1.211396798413373067e-09
1.909900000000000020e+01 1.118301654281339885e-09
1.948499999999999943e+01 1.032367301937313026e-09
1.987900000000000134e+01 9.530808835741570287e-10
2.028000000000000114e+01 8.798161120840629504e-10
2.069000000000000128e+01 8.122258645366821611e-10
2.110800000000000054e+01 7.498782744181517146e-10
2.153500000000000014e+01 6.923234916559692433e-10
2.196999999999999886e+01 6.391400877240482324e-10
2.241300000000000026e+01 5.901199314677326563e-10
2.286599999999999966e+01 5.448620648114684932e-10
2.332799999999999940e+01 5.030620672130105915e-10
2.379899999999999949e+01 4.644556113902847486e-10
2.428000000000000114e+01 4.288339222614840793e-10
2.477100000000000080e+01 3.959448378680581195e-10
2.527100000000000080e+01 3.655684856109451397e-10
2.578200000000000003e+01 3.375134776478394451e-10
2.630199999999999960e+01 3.116185476815397754e-10
2.683399999999999963e+01 2.876799557032115601e-10
2.737600000000000122e+01 2.655957943925233936e-10
2.792899999999999849e+01 2.452012447493555424e-10
2.849299999999999855e+01 2.263670541837762498e-10
2.906899999999999906e+01 2.089681895595917280e-10
2.965599999999999881e+01 1.929092553512209647e-10
3.025499999999999901e+01 1.780788804071246945e-10
3.086599999999999966e+01 1.643936749979865090e-10
3.148999999999999844e+01 1.517533423974620385e-10
3.212599999999999767e+01 1.400717274357441766e-10
3.277499999999999858e+01 1.292917507568113132e-10
3.343699999999999761e+01 1.193418513342649915e-10
3.411200000000000188e+01 1.101571140173791023e-10
3.480100000000000193e+01 1.016819798458802613e-10
3.550399999999999778e+01 9.385836314236008851e-11
3.622200000000000131e+01 8.664191419141914894e-11
3.695300000000000296e+01 7.998258598171527403e-11
3.770000000000000284e+01 7.383993384177156854e-11
3.846200000000000330e+01 6.817212121212119976e-11
3.923899999999999721e+01 6.294325333879137668e-11
4.003099999999999881e+01 5.812069663831510632e-11
4.084000000000000341e+01 5.366903194551309355e-11
4.166499999999999915e+01 4.955786814244465516e-11
4.250699999999999790e+01 4.576045204914129578e-11
4.336500000000000199e+01 4.225498408443624871e-11
4.424099999999999966e+01 3.901541943697835665e-11
4.513499999999999801e+01 3.602023294012243837e-11
4.604699999999999704e+01 3.325202931673102685e-11
4.697699999999999676e+01 3.069212211962398750e-11
4.792600000000000193e+01 2.832499121882683546e-11
4.889399999999999835e+01 2.613737486095661922e-11
4.988199999999999790e+01 2.411684117819747911e-11
5.089000000000000057e+01 2.224988378699447336e-11
5.191799999999999926e+01 2.052838213643055830e-11
5.296600000000000108e+01 1.893961199700650471e-11
5.403600000000000136e+01 1.747417041448887852e-11
5.512800000000000011e+01 1.612319538017324446e-11
5.624199999999999733e+01 1.487907323352076343e-11
5.737800000000000011e+01 1.373220799656676967e-11
5.853699999999999903e+01 1.267653500490899540e-11
5.971999999999999886e+01 1.170321345985168650e-11
6.092600000000000193e+01 1.080660099351688005e-11
6.215699999999999648e+01 9.979551920341394443e-12
6.341199999999999903e+01 9.216485167104768739e-12
6.469299999999999784e+01 8.512540894220283588e-12
6.600000000000000000e+01 7.861920963098664938e-12
6.733400000000000318e+01 7.261270423843109618e-12
6.869400000000000261e+01 6.706086997128114578e-12
7.008199999999999363e+01 6.193194427320922505e-12
7.149699999999999989e+01 5.718861487982082900e-12
7.294199999999999307e+01 5.280317927421240326e-12
7.441500000000000625e+01 4.875172463873357231e-12
7.591800000000000637e+01 4.500483180709585137e-12
7.745199999999999818e+01 4.154461797679994540e-12
7.901699999999999591e+01 3.834662377220301699e-12
8.061299999999999955e+01 3.539203990890358860e-12
8.224099999999999966e+01 3.266256825384703248e-12
8.390300000000000580e+01 3.014157221796474250e-12
8.559799999999999898e+01 2.781363839713683114e-12
8.732699999999999818e+01 2.566554897945405947e-12
8.909099999999999397e+01 2.368073220016640978e-12
9.089100000000000534e+01 2.184991712290923781e-12
9.272700000000000387e+01 2.015998514234167435e-12
9.459999999999999432e+01 1.860130059423702081e-12
9.651099999999999568e+01 1.716358682776593340e-12
9.846099999999999852e+01 1.583805262663871411e-12
1.004500000000000028e+02 1.461635095375053884e-12
1.024800000000000040e+02 1.348981801669635796e-12
1.045499999999999972e+02 1.245137479239712251e-12
1.066599999999999966e+02 1.149442321191794479e-12
1.088199999999999932e+02 1.061237946097420291e-12
1.110100000000000051e+02 9.798380073157984432e-13
1.132600000000000051e+02 9.048320294523699760e-13
1.155400000000000063e+02 8.355704697986577277e-13
1.178799999999999955e+02 7.715989104178444711e-13
1.202600000000000051e+02 7.125475285171103836e-13
1.226899999999999977e+02 6.580171077558987668e-13
1.251700000000000017e+02 6.076456310679611380e-13
1.277000000000000028e+02 5.611018471010774461e-13
1.302800000000000011e+02 5.180665717578468834e-13
1.329099999999999966e+02 4.782873522035112671e-13
1.355900000000000034e+02 4.415498825846526405e-13
1.383300000000000125e+02 4.075912876361307038e-13
1.411299999999999955e+02 3.762529630883846980e-13
1.439799999999999898e+02 3.472925803275753794e-13
1.468899999999999864e+02 3.205620741862225361e-13
1.498499999999999943e+02 2.958861076095004055e-13
1.528799999999999955e+02 2.731080880952884655e-13
1.559699999999999989e+02 2.520888093507074346e-13
1.591200000000000045e+02 2.327025428740390183e-13
1.623300000000000125e+02 2.148056431037070409e-13
1.656100000000000136e+02 1.982858956724156394e-13
1.689600000000000080e+02 1.830388989131803146e-13
1.723700000000000045e+02 1.689669965532034612e-13
1.758499999999999943e+02 1.559745278738285099e-13
1.794099999999999966e+02 1.439808685290612954e-13
1.830300000000000011e+02 1.329067609677532165e-13
1.867299999999999898e+02 1.226790377243180263e-13
1.905000000000000000e+02 1.132327586206896658e-13
1.943499999999999943e+02 1.045106859310544820e-13
1.982800000000000011e+02 9.645771187927706432e-14
2.022800000000000011e+02 8.901963514830803847e-14
2.063700000000000045e+02 8.215197956577266865e-14
2.105399999999999920e+02 7.581483599313823017e-14
2.147899999999999920e+02 6.996203994058424419e-14
2.191299999999999955e+02 6.456186317321688217e-14
2.235600000000000023e+02 5.957604140990879642e-14
2.280699999999999932e+02 5.497293419422161921e-14
2.326800000000000068e+02 5.072823911092703648e-14
