1.000000000000000048e-04 1.000597728631201333e+00
1.020200000000000024e-04 1.000586143566097430e+00
1.040800000000000064e-04 1.000574778710196622e+00
1.061800000000000032e-04 1.000601209934994351e+00
1.083300000000000013e-04 1.000589557463428925e+00
1.105200000000000057e-04 1.000614272809394745e+00
1.127500000000000030e-04 1.000566913510257505e+00
1.150300000000000015e-04 1.000555922309857237e+00
1.173500000000000064e-04 1.000613308800981427e+00
1.197199999999999989e-04 1.000567991981289762e+00
1.221399999999999927e-04 1.000589757871629404e+00
1.246099999999999877e-04 1.000578313253011942e+00
1.271199999999999891e-04 1.000598613736609854e+00
1.296899999999999865e-04 1.000556104794859014e+00
1.323100000000000122e-04 1.000575635471263825e+00
1.349900000000000069e-04 1.000564468211526892e+00
1.377100000000000080e-04 1.000582665695557205e+00
1.404900000000000051e-04 1.000571363272768854e+00
1.433299999999999982e-04 1.000560286866875703e+00
1.462299999999999874e-04 1.000576907227823442e+00
1.491800000000000049e-04 1.000565717518385744e+00
1.522000000000000132e-04 1.000554748381983883e+00
1.552699999999999957e-04 1.000569903893479884e+00
1.584099999999999961e-04 1.000558857897678289e+00
1.616099999999999926e-04 1.000572937425268982e+00
1.648700000000000122e-04 1.000537398016512869e+00
1.681999999999999956e-04 1.000550937791937267e+00
1.715999999999999969e-04 1.000540261204547532e+00
1.750699999999999891e-04 1.000552829797525911e+00
1.786000000000000044e-04 1.000564703756409379e+00
1.822100000000000054e-04 1.000531596783839516e+00
1.858899999999999973e-04 1.000543017876148522e+00
1.896500000000000020e-04 1.000532492704849785e+00
1.934799999999999975e-04 1.000522171397539628e+00
1.973900000000000058e-04 1.000532535894967490e+00
2.013799999999999998e-04 1.000522214188157788e+00
2.054400000000000117e-04 1.000512093279760650e+00
2.095900000000000042e-04 1.000521487204249160e+00
2.138300000000000042e-04 1.000511383006932098e+00
2.181499999999999900e-04 1.000520049776192799e+00
2.225499999999999885e-04 1.000509971769419915e+00
2.270499999999999895e-04 1.000500089301661122e+00
2.316399999999999980e-04 1.000490393540816703e+00
2.363199999999999871e-04 1.000480893087161816e+00
2.410900000000000109e-04 1.000488421052631693e+00
2.459599999999999829e-04 1.000478958842571098e+00
2.509300000000000115e-04 1.000469673657785830e+00
2.559999999999999884e-04 1.000476462740613748e+00
2.611700000000000219e-04 1.000467231497632614e+00
2.664499999999999985e-04 1.000458176153458556e+00
2.718299999999999775e-04 1.000449303579451943e+00
2.773200000000000079e-04 1.000440599803198660e+00
2.829199999999999814e-04 1.000446467148659258e+00
2.886400000000000012e-04 1.000423692907380646e+00
2.944700000000000182e-04 1.000429339094786929e+00
3.004199999999999731e-04 1.000421024039114481e+00
3.064899999999999743e-04 1.000412870917905428e+00
3.126800000000000217e-04 1.000404874162498237e+00
3.189900000000000070e-04 1.000384226232405638e+00
3.254399999999999741e-04 1.000376785019027714e+00
3.320099999999999874e-04 1.000369489980663218e+00
3.387199999999999825e-04 1.000362336344750913e+00
3.455600000000000186e-04 1.000343475737584642e+00
3.525399999999999823e-04 1.000336825477943670e+00
3.596599999999999819e-04 1.000330307413692887e+00
3.669300000000000122e-04 1.000312744331508963e+00
3.743400000000000243e-04 1.000306691348018084e+00
3.819000000000000129e-04 1.000290013856217630e+00
3.896200000000000271e-04 1.000273865826811326e+00
3.974900000000000178e-04 1.000258237785352833e+00
4.055199999999999799e-04 1.000243111831442544e+00
4.137100000000000217e-04 1.000198668918247824e+00
4.220699999999999756e-04 1.000292255236239658e+00
4.306000000000000040e-04 1.000191058463890004e+00
4.392900000000000038e-04 1.000187371182312379e+00
4.481700000000000137e-04 1.000183739090491519e+00
4.572199999999999897e-04 1.000090090090089978e+00
4.664599999999999758e-04 1.000176709666018793e+00
4.758799999999999771e-04 1.000086640097037183e+00
4.854999999999999832e-04 1.000084968986320044e+00
4.952999999999999504e-04 1.000083326389467508e+00
5.053100000000000256e-04 1.000000000000000000e+00
5.155199999999999973e-04 1.000000000000000000e+00
5.259299999999999739e-04 1.000000000000000000e+00
5.365600000000000534e-04 1.000000000000000000e+00
5.473900000000000293e-04 9.999244199229083696e-01
5.584500000000000488e-04 9.998517640083012248e-01
5.697299999999999543e-04 9.999273097332267435e-01
5.812400000000000119e-04 9.998574280011406357e-01
5.929900000000000535e-04 9.998601789709172794e-01
6.049599999999999813e-04 9.997943233237350791e-01
6.171899999999999912e-04 9.997310562764741837e-01
6.296500000000000447e-04 9.997362347510715397e-01
6.423699999999999636e-04 9.996766683911019191e-01
6.553499999999999647e-04 9.996194824961949221e-01
6.685900000000000480e-04 9.995646224654808343e-01
6.821000000000000457e-04 9.995730145175064640e-01
6.958799999999999578e-04 9.995214166068437933e-01
7.099300000000000012e-04 9.995306266134710294e-01
7.242699999999999486e-04 9.994245928994764938e-01
7.389099999999999575e-04 9.993792675356920618e-01
7.538300000000000382e-04 9.993358423732566775e-01
7.690600000000000127e-04 9.992943603104814665e-01
7.845999999999999893e-04 9.992546848381600455e-01
8.004499999999999680e-04 9.991646217302772026e-01
8.166199999999999978e-04 9.991294551413355540e-01
8.331099999999999704e-04 9.990457536035357577e-01
8.499399999999999837e-04 9.990148268558197708e-01
8.671100000000000379e-04 9.988888352094303924e-01
8.846299999999999650e-04 9.988627748294163222e-01
9.024999999999999819e-04 9.987916531114932051e-01
9.207300000000000293e-04 9.987236758136566195e-01
9.393300000000000477e-04 9.986140295971744907e-01
9.583099999999999778e-04 9.985528854586913639e-01
9.776699999999999280e-04 9.984516129032258158e-01
9.974199999999999473e-04 9.983547080661491213e-01
1.017600000000000015e-03 9.982620929366491369e-01
1.038099999999999917e-03 9.981735530481369301e-01
1.059100000000000102e-03 9.980890198264192881e-01
1.080500000000000080e-03 9.979693845673227592e-01
1.102300000000000068e-03 9.978932046272889211e-01
1.124599999999999905e-03 9.977456321623143776e-01
1.147299999999999969e-03 9.976411617278490018e-01
1.170500000000000099e-03 9.975414874001230503e-01
1.194100000000000023e-03 9.973756073341135675e-01
1.218200000000000012e-03 9.972516003339826351e-01
1.242899999999999908e-03 9.971332036449268577e-01
1.268000000000000030e-03 9.969868425457832917e-01
1.293600000000000002e-03 9.968142406726221427e-01
1.319700000000000040e-03 9.966813802880433171e-01
1.346399999999999984e-03 9.964914498846287882e-01
1.373599999999999995e-03 9.963408583478045033e-01
1.401300000000000072e-03 9.961667173714633394e-01
1.429600000000000055e-03 9.959706303724927823e-01
1.458499999999999944e-03 9.957831854519898496e-01
1.487999999999999956e-03 9.956042061713498148e-01
1.518000000000000035e-03 9.954050854146698768e-01
1.548700000000000077e-03 9.951873876365647797e-01
1.580000000000000024e-03 9.949793747286148626e-01
1.611900000000000095e-03 9.947275922671353632e-01
1.644499999999999912e-03 9.944868311036788588e-01
1.677700000000000068e-03 9.942568520370227425e-01
1.711599999999999970e-03 9.939869675698795870e-01
1.746200000000000052e-03 9.937043254987161234e-01
1.781400000000000041e-03 9.934341231768183400e-01
1.817400000000000048e-03 9.931521506526855836e-01
1.854100000000000019e-03 9.928594763615998797e-01
1.891600000000000009e-03 9.925340661857321445e-01
1.929799999999999962e-03 9.922004944931445136e-01
1.968800000000000151e-03 9.918595159831455899e-01
2.008600000000000142e-03 9.915118444415572663e-01
2.049099999999999880e-03 9.911370882040381192e-01
2.090499999999999910e-03 9.907577401318534704e-01
2.132799999999999800e-03 9.903540928546559208e-01
2.175799999999999870e-03 9.899477281865701750e-01
2.219800000000000072e-03 9.895000690784928610e-01
2.264599999999999860e-03 9.890520849480700649e-01
2.310400000000000214e-03 9.885855607343290163e-01
2.357099999999999994e-03 9.881016866839755775e-01
2.404700000000000067e-03 9.876017900374147729e-01
2.453299999999999838e-03 9.870693536477750385e-01
2.502799999999999903e-03 9.865065610299578180e-01
2.553399999999999941e-03 9.859499826328587124e-01
2.605000000000000111e-03 9.853487975439193525e-01
2.657599999999999980e-03 9.847393460198338166e-01
2.711299999999999821e-03 9.841058295078729534e-01
2.765999999999999796e-03 9.834343434343434387e-01
2.821900000000000016e-03 9.827271428344632742e-01
2.878900000000000209e-03 9.820175301787329447e-01
2.937100000000000214e-03 9.812607256680558887e-01
2.996400000000000192e-03 9.804745129919008040e-01
3.056899999999999982e-03 9.796609668066977861e-01
3.118699999999999858e-03 9.788220587807784367e-01
3.181699999999999980e-03 9.779593469224505675e-01
3.246000000000000187e-03 9.770331166734518291e-01
3.311500000000000207e-03 9.760883063125216363e-01
3.378400000000000153e-03 9.750990072153203903e-01
3.446700000000000024e-03 9.740817278848077354e-01
3.516299999999999981e-03 9.730250481695568165e-01
3.587400000000000137e-03 9.719190174877895272e-01
3.659799999999999946e-03 9.707540834040827571e-01
3.733799999999999793e-03 9.695704726420854014e-01
3.809199999999999999e-03 9.683333333333333792e-01
3.886099999999999971e-03 9.670459476399401177e-01
3.964600000000000415e-03 9.656995838421682521e-01
4.044700000000000031e-03 9.643090417094335454e-01
4.126399999999999686e-03 9.628656346465006566e-01
4.209799999999999653e-03 9.613721305737160661e-01
4.294799999999999660e-03 9.598208829183193513e-01
4.381600000000000251e-03 9.582039280871353926e-01
4.470100000000000288e-03 9.565250150693188624e-01
4.560400000000000044e-03 9.547978299567686511e-01
4.652500000000000385e-03 9.529939495097017321e-01
4.746499999999999851e-03 9.511175479682814071e-01
4.842400000000000176e-03 9.491822016325622835e-01
4.940199999999999626e-03 9.471707511456465278e-01
5.040000000000000209e-03 9.450691786870767386e-01
5.141899999999999596e-03 9.428806186563556402e-01
5.245699999999999842e-03 9.406991142013524376e-01
5.351700000000000033e-03 9.383388080713279678e-01
5.459799999999999896e-03 9.359911201553973159e-01
5.570099999999999704e-03 9.334427425237052933e-01
5.682600000000000325e-03 9.308826172928276188e-01
5.797400000000000296e-03 9.282169443459765690e-01
5.914499999999999619e-03 9.254566110285764591e-01
6.034000000000000301e-03 9.225995518014136199e-01
6.155899999999999740e-03 9.196565209998299739e-01
6.280299999999999945e-03 9.166247273947324414e-01
6.407200000000000048e-03 9.135076974010924999e-01
6.536600000000000049e-03 9.102270870772749545e-01
6.668600000000000222e-03 9.067967427235346101e-01
6.803299999999999972e-03 9.033670301679534997e-01
6.940799999999999574e-03 8.997877858995519951e-01
7.080999999999999621e-03 8.960645812310797931e-01
7.224000000000000386e-03 8.922793835773978888e-01
7.369999999999999815e-03 8.883502499621269699e-01
7.518900000000000236e-03 8.842814371257485817e-01
7.670800000000000188e-03 8.800858115105784085e-01
7.825699999999999670e-03 8.758318098720292433e-01
7.983799999999999231e-03 8.713758947292314927e-01
8.145100000000000603e-03 8.668573471576689338e-01
8.309600000000000319e-03 8.621543249168965861e-01
8.477500000000000660e-03 8.573927646770694855e-01
8.648799999999999891e-03 8.525032892458970224e-01
8.823499999999999746e-03 8.474297464016450343e-01
9.001699999999999632e-03 8.422338332089299717e-01
9.183600000000000096e-03 8.369170810374949587e-01
9.369099999999999998e-03 8.314696485623004341e-01
9.558300000000000476e-03 8.259034555526245658e-01
9.751400000000000345e-03 8.201542282054633537e-01
9.948399999999999604e-03 8.143949209639802511e-01
1.014900000000000004e-02 8.083890030832477924e-01
1.035400000000000036e-02 8.023700305810397282e-01
1.056400000000000047e-02 7.961570065103343863e-01
1.077700000000000012e-02 7.897509878943737016e-01
1.099499999999999957e-02 7.833260693605628155e-01
1.121699999999999954e-02 7.767404476320020068e-01
1.144300000000000005e-02 7.700669409813916122e-01
1.167499999999999961e-02 7.633024164022454983e-01
1.191000000000000045e-02 7.563223967493479805e-01
1.215100000000000034e-02 7.493367100820067517e-01
1.239700000000000003e-02 7.422334172963895860e-01
1.264700000000000026e-02 7.350080553732322164e-01
1.290200000000000027e-02 7.277154225310291658e-01
1.316299999999999935e-02 7.203169347209082973e-01
1.342899999999999996e-02 7.128386336866902040e-01
1.370000000000000037e-02 7.052989848013614393e-01
1.397699999999999984e-02 6.976485727655591385e-01
1.425900000000000084e-02 6.899387576552931112e-01
1.454699999999999917e-02 6.822413592458977938e-01
1.484100000000000003e-02 6.743510829800823947e-01
1.514099999999999994e-02 6.665120593692022144e-01
1.544700000000000066e-02 6.586170952050034444e-01
1.575899999999999870e-02 6.506365740740740478e-01
1.607700000000000101e-02 6.426753066419811367e-01
1.640199999999999991e-02 6.346276257161044265e-01
1.673399999999999888e-02 6.265562568764839746e-01
1.707200000000000037e-02 6.184706359788972874e-01
1.741600000000000092e-02 6.103594448638289816e-01
1.776799999999999907e-02 6.022462756052141541e-01
1.812700000000000075e-02 5.941766833936281689e-01
1.849299999999999902e-02 5.860454226176540216e-01
1.886699999999999836e-02 5.778978908407260695e-01
1.924800000000000122e-02 5.697463126843658188e-01
1.963700000000000168e-02 5.616278380461201536e-01
2.003399999999999972e-02 5.534922526817639410e-01
2.043800000000000130e-02 5.454049517415022752e-01
2.085100000000000148e-02 5.372993845782551015e-01
2.127199999999999924e-02 5.292137562279742857e-01
2.170199999999999907e-02 5.211215868740052271e-01
2.214100000000000096e-02 5.130609221652984164e-01
2.258800000000000044e-02 5.050062266500623398e-01
2.304399999999999851e-02 4.969956002514141491e-01
2.350999999999999965e-02 4.889798768488541336e-01
2.398499999999999938e-02 4.810226470776929331e-01
2.446900000000000117e-02 4.730457346740188362e-01
2.496400000000000008e-02 4.651263537906137335e-01
2.546800000000000105e-02 4.572368421052631082e-01
2.598200000000000162e-02 4.494008347919752344e-01
2.650699999999999931e-02 4.415626066189013987e-01
2.704300000000000107e-02 4.338016471728147194e-01
2.758899999999999894e-02 4.260411545754617113e-01
2.814600000000000088e-02 4.183626898666476523e-01
2.871500000000000094e-02 4.106925528832222616e-01
2.929500000000000159e-02 4.031075110456553423e-01
2.988700000000000037e-02 3.955219409914632056e-01
3.048999999999999974e-02 3.880076190476190456e-01
3.110600000000000170e-02 3.805553401070348452e-01
3.173499999999999932e-02 3.731142879709343774e-01
3.237600000000000200e-02 3.657519916311258168e-01
3.302999999999999686e-02 3.583893718222075919e-01
3.369699999999999779e-02 3.510826853941977910e-01
3.437799999999999884e-02 3.438523192360163905e-01
3.507199999999999901e-02 3.366150634893025351e-01
3.578100000000000031e-02 3.294232475598935506e-01
3.650400000000000172e-02 3.222815753734721844e-01
3.724100000000000327e-02 3.151607538802660979e-01
3.799299999999999899e-02 3.081180463888364973e-01
3.876099999999999685e-02 3.011257577215433190e-01
3.954400000000000276e-02 2.941684665226781958e-01
4.034299999999999692e-02 2.873240847398207398e-01
4.115800000000000014e-02 2.805545905960724618e-01
4.198899999999999855e-02 2.738913895140451804e-01
4.283800000000000108e-02 2.673245241332427025e-01
4.370299999999999879e-02 2.608681532799307368e-01
4.458600000000000063e-02 2.545266082967602150e-01
4.548599999999999866e-02 2.483045899577831783e-01
4.640500000000000180e-02 2.421725020568607500e-01
4.734300000000000314e-02 2.361501801697082625e-01
4.829900000000000165e-02 2.302165075163089547e-01
4.927499999999999936e-02 2.243505830641190357e-01
5.027000000000000218e-02 2.185411075872163988e-01
5.128599999999999826e-02 2.127952048941782748e-01
5.232200000000000045e-02 2.071006660801809618e-01
5.337900000000000283e-02 2.014560012239590137e-01
5.445699999999999846e-02 1.958725561187545094e-01
5.555700000000000222e-02 1.903494394545335311e-01
5.668000000000000121e-02 1.849123833328901734e-01
5.782500000000000140e-02 1.795580482938075872e-01
5.899299999999999683e-02 1.743131811779506657e-01
6.018400000000000138e-02 1.691641691641691536e-01
6.140000000000000319e-02 1.641265459052877740e-01
6.264100000000000223e-02 1.591923759372674829e-01
6.390600000000000447e-02 1.543699349638445462e-01
6.519700000000000495e-02 1.496416301386091774e-01
6.651400000000000368e-02 1.450245978329761931e-01
6.785800000000000165e-02 1.405072452609371914e-01
6.922899999999999887e-02 1.360936688541617423e-01
7.062699999999999534e-02 1.317820091500740975e-01
7.205400000000000693e-02 1.275760679242789741e-01
7.351000000000000589e-02 1.234686259205212688e-01
7.499400000000000510e-02 1.194600164160597999e-01
7.650899999999999368e-02 1.155401512423478577e-01
7.805499999999999938e-02 1.117022463552514028e-01
7.963199999999999446e-02 1.079409048938134580e-01
8.124099999999999377e-02 1.042548527243014750e-01
8.288199999999999734e-02 1.006532164709773441e-01
8.455600000000000616e-02 9.713709331273071013e-02
8.626399999999999346e-02 9.371753427711515538e-02
8.800700000000000189e-02 9.039401450047485076e-02
8.978500000000000369e-02 8.715141599095303782e-02
9.159799999999999887e-02 8.397852147852148674e-02
9.344900000000000428e-02 8.087260486794406456e-02
9.533700000000000507e-02 7.783704100777272261e-02
9.726300000000000223e-02 7.488440346651160928e-02
9.922699999999999576e-02 7.203641344672107039e-02
1.012300000000000005e-01 6.930817979110433236e-02
1.032799999999999968e-01 6.668772753256912988e-02
1.053599999999999953e-01 6.415622787848943021e-02
1.074900000000000022e-01 6.168708765315739778e-02
1.096599999999999936e-01 5.925475382546897124e-02
1.118799999999999933e-01 5.686453378510458040e-02
1.141400000000000053e-01 5.453701862530656308e-02
1.164400000000000018e-01 5.228797841847918071e-02
1.188000000000000028e-01 5.013911311098134121e-02
1.212000000000000022e-01 4.808076559049322130e-02
1.236499999999999960e-01 4.610280139172854424e-02
1.261400000000000021e-01 4.419161235686144829e-02
1.286899999999999988e-01 4.234124876716485741e-02
1.312899999999999900e-01 4.054297932441445346e-02
1.339400000000000035e-01 3.879923424707751312e-02
1.366499999999999937e-01 3.710460428601739663e-02
1.394100000000000061e-01 3.546974063400576416e-02
1.422299999999999953e-01 3.391163092917479083e-02
1.451000000000000068e-01 3.242973840318973122e-02
1.480299999999999949e-01 3.100504047655414791e-02
1.510199999999999876e-01 2.961577350859453950e-02
1.540700000000000125e-01 2.825809671694765046e-02
1.571799999999999864e-01 2.694946471739380692e-02
1.603600000000000025e-01 2.571547519923872774e-02
1.635999999999999954e-01 2.454662261380323104e-02
1.668999999999999928e-01 2.341798344620014960e-02
1.702799999999999869e-01 2.231479107921045812e-02
1.737100000000000033e-01 2.124313007066212788e-02
1.772199999999999886e-01 2.021454351022590815e-02
1.807999999999999885e-01 1.923829728989871410e-02
1.844600000000000128e-01 1.832008441786844855e-02
1.881799999999999862e-01 1.744823076364164852e-02
1.919800000000000118e-01 1.660505469634100326e-02
1.958600000000000063e-01 1.578040141676505595e-02
1.998199999999999976e-01 1.499134591609659582e-02
2.038600000000000134e-01 1.424803251751275562e-02
2.079699999999999882e-01 1.353656323716203799e-02
2.121800000000000075e-01 1.284710351377018125e-02
2.164600000000000135e-01 1.219009900990099086e-02
2.208299999999999985e-01 1.157199634395571740e-02
2.253000000000000003e-01 1.098743838448083820e-02
2.298499999999999988e-01 1.042198554500561522e-02
2.344900000000000040e-01 9.872420430637003294e-03
2.392299999999999982e-01 9.347191243762790688e-03
2.440599999999999992e-01 8.858889454915945191e-03
2.489899999999999891e-01 8.397287320800068608e-03
2.540200000000000236e-01 7.949755027049096659e-03
2.591499999999999915e-01 7.523998720068263320e-03
2.643900000000000139e-01 7.120748655632377043e-03
2.697300000000000253e-01 6.733200655584171967e-03
2.751799999999999802e-01 6.364262114537444504e-03
2.807399999999999896e-01 6.018632056692411504e-03
2.864099999999999979e-01 5.693343898573692899e-03
2.921900000000000053e-01 5.376820988707311372e-03
2.980999999999999761e-01 5.073869939600979435e-03
3.041200000000000014e-01 4.792565488868257874e-03
3.102599999999999802e-01 4.524924471299093982e-03
3.165299999999999780e-01 4.270573198308918496e-03
3.229199999999999848e-01 4.029007539495039168e-03
3.294500000000000206e-01 3.798001504244117449e-03
3.361000000000000099e-01 3.579512282750258075e-03
3.428899999999999726e-01 3.377404408667571654e-03
3.498200000000000198e-01 3.182514405193163313e-03
3.568899999999999850e-01 2.995991226079721716e-03
3.640900000000000247e-01 2.822068244214930022e-03
3.714500000000000024e-01 2.657501494321578075e-03
3.789500000000000091e-01 2.502321236483043276e-03
3.866100000000000092e-01 2.354299057133567644e-03
3.944199999999999928e-01 2.213302044093126610e-03
4.023900000000000254e-01 2.083548137646603921e-03
4.105199999999999960e-01 1.958452193173809263e-03
4.188100000000000156e-01 1.840582239597877675e-03
4.272699999999999831e-01 1.729923032239325973e-03
4.359000000000000097e-01 1.625822306238185059e-03
4.447099999999999942e-01 1.527092041959145002e-03
4.536899999999999822e-01 1.433218050065876133e-03
4.628599999999999937e-01 1.346471245594429468e-03
4.722100000000000186e-01 1.263301806445829047e-03
4.817400000000000015e-01 1.185389322247652841e-03
4.914799999999999724e-01 1.112052180685358044e-03
5.014100000000000223e-01 1.043350253807106588e-03
5.115300000000000402e-01 9.779049435701795984e-04
5.218699999999999450e-01 9.172890733056708384e-04
5.324100000000000499e-01 8.593208593208593758e-04
5.431700000000000417e-01 8.050852563716334297e-04
5.541399999999999659e-01 7.546363236311057904e-04
5.653299999999999992e-01 7.063648293963253975e-04
5.767499999999999849e-01 6.617582568178703847e-04
5.884000000000000341e-01 6.193573779876914527e-04
6.002899999999999903e-01 5.796023619104567065e-04
6.124199999999999644e-01 5.422794691647151106e-04
6.247899999999999565e-01 5.073222439660795896e-04
6.374100000000000321e-01 4.745251682139511244e-04
6.502900000000000347e-01 4.438028294332235779e-04
6.634200000000000097e-01 4.149749023982153171e-04
6.768300000000000427e-01 3.879382344372147022e-04
6.905000000000000027e-01 3.625994479623315244e-04
7.044500000000000206e-01 3.388513011940868006e-04
7.186799999999999855e-01 3.165787373647810268e-04
7.331999999999999629e-01 2.957075826913051252e-04
7.480099999999999527e-01 2.761548337087905611e-04
7.631200000000000205e-01 2.578288232389105115e-04
7.785400000000000098e-01 2.406784598273396455e-04
7.942599999999999660e-01 2.246192190528939459e-04
8.103099999999999747e-01 2.095926317466293830e-04
8.266799999999999704e-01 1.955346188218543295e-04
8.433800000000000185e-01 1.823900367600456303e-04
8.604100000000000081e-01 1.700868585068293312e-04
8.778000000000000247e-01 1.585949151954493385e-04
8.955300000000000482e-01 1.478524378958064956e-04
9.136199999999999877e-01 1.378171046635272604e-04
9.320800000000000196e-01 1.284397106748271140e-04
9.509100000000000330e-01 1.196805523781793902e-04
9.701100000000000279e-01 1.115000326519950262e-04
9.897099999999999786e-01 1.038622795424508897e-04
1.009700000000000042e+00 9.673202614379083518e-05
1.030100000000000016e+00 9.007542080815143424e-05
1.050899999999999945e+00 8.386632847841436311e-05
1.072100000000000053e+00 7.806861429783972688e-05
1.093800000000000106e+00 7.266314944374354550e-05
1.115899999999999892e+00 6.761959100327318017e-05
1.138400000000000079e+00 6.291555275986791037e-05
1.161399999999999988e+00 5.853071981551639339e-05
1.184900000000000064e+00 5.444317907305794356e-05
1.208800000000000097e+00 5.063268257411424045e-05
1.233300000000000063e+00 4.708333333333333034e-05
1.258199999999999985e+00 4.377678996666137614e-05
1.283600000000000074e+00 4.069661052193802934e-05
1.309500000000000108e+00 3.782862622036262459e-05
1.336000000000000076e+00 3.515598593157630774e-05
1.362999999999999989e+00 3.266899655304481036e-05
1.390500000000000069e+00 3.035479500175641002e-05
1.418600000000000083e+00 2.820032616129201667e-05
1.447200000000000042e+00 2.619423151160866806e-05
1.476499999999999924e+00 2.432957502168256613e-05
1.506299999999999972e+00 2.259411943013034374e-05
1.536699999999999955e+00 2.097959443137753749e-05
1.567800000000000082e+00 1.947740301293160705e-05
1.599399999999999933e+00 1.808178958406151635e-05
1.631799999999999917e+00 1.678495490871764753e-05
1.664700000000000069e+00 1.557828360504460234e-05
1.698399999999999910e+00 1.445636392966607633e-05
1.732699999999999907e+00 1.341399441577121544e-05
1.767700000000000049e+00 1.244629859755015092e-05
1.803399999999999892e+00 1.154684298752095354e-05
1.839800000000000102e+00 1.071030776746458368e-05
1.877000000000000002e+00 9.933465240970648050e-06
1.914900000000000047e+00 9.212207926330737384e-06
1.953600000000000003e+00 8.542205263098477175e-06
1.993000000000000105e+00 7.920191464657236105e-06
2.033300000000000107e+00 7.342726040513820808e-06
2.074399999999999800e+00 6.806630555374273537e-06
2.116299999999999848e+00 6.308895861020154283e-06
2.158999999999999808e+00 5.847200448733622474e-06
2.202599999999999891e+00 5.418692435452211491e-06
2.247100000000000097e+00 5.021162595310939271e-06
2.292499999999999982e+00 4.652397516768470230e-06
2.338799999999999990e+00 4.310405088951801697e-06
2.386099999999999888e+00 3.993100157815539815e-06
2.434299999999999908e+00 3.698957470179022277e-06
2.483499999999999819e+00 3.426154531104544865e-06
2.533599999999999852e+00 3.173432518597236986e-06
2.584799999999999986e+00 2.938970489754006851e-06
2.637000000000000011e+00 2.721688159437280395e-06
2.690300000000000136e+00 2.520195054674416612e-06
2.744699999999999918e+00 2.333402323234936479e-06
2.800100000000000033e+00 2.160352231342066353e-06
2.856700000000000017e+00 1.999942894669217507e-06
2.914400000000000102e+00 1.851327433628318506e-06
2.973300000000000054e+00 1.713587795883632052e-06
3.033300000000000107e+00 1.586043584818175869e-06
3.094599999999999795e+00 1.467877775457646093e-06
3.157099999999999795e+00 1.358360152135751711e-06
3.220899999999999874e+00 1.257004496713939716e-06
3.286000000000000032e+00 1.163105384335743295e-06
3.352300000000000058e+00 1.076162173636170730e-06
3.420100000000000140e+00 9.956271473829814500e-07
3.489199999999999857e+00 9.211106420899580955e-07
3.559600000000000097e+00 8.520928856678006551e-07
3.631600000000000161e+00 7.882761480252928453e-07
3.704899999999999860e+00 7.291450988939138321e-07
3.779799999999999827e+00 6.743999541731110838e-07
3.856100000000000083e+00 6.237653577451217269e-07
3.934000000000000163e+00 5.768680344478216790e-07
4.013499999999999623e+00 5.334775950462747806e-07
4.094599999999999795e+00 4.933347335993839138e-07
4.177299999999999791e+00 4.561993815343837690e-07
4.261700000000000266e+00 4.218350754936121549e-07
4.347800000000000331e+00 3.900089569253317806e-07
4.435599999999999987e+00 3.605891924295623917e-07
4.525199999999999889e+00 3.333723653395784495e-07
4.616600000000000037e+00 3.081856939838938863e-07
4.709900000000000198e+00 2.848829098156451999e-07
4.804999999999999716e+00 2.633498962198880382e-07
4.902099999999999902e+00 2.434220683266800434e-07
5.001100000000000101e+00 2.249883990719257440e-07
5.102100000000000080e+00 2.079453225117471083e-07
5.205199999999999605e+00 1.921852127686895181e-07
5.310399999999999565e+00 1.776189575508660244e-07
5.417600000000000193e+00 1.641434602754915010e-07
5.527099999999999902e+00 1.516864856779597827e-07
5.638700000000000045e+00 1.401784871092643313e-07
5.752600000000000158e+00 1.295316019610441444e-07
5.868900000000000006e+00 1.196925329428989532e-07
5.987400000000000055e+00 1.105989177290654113e-07
6.108399999999999608e+00 1.021911619915442524e-07
6.231799999999999784e+00 9.442243218530935721e-08
6.357700000000000351e+00 8.724095895977246342e-08
6.486100000000000421e+00 8.060282730055825102e-08
6.617099999999999760e+00 7.446924462136291064e-08
6.750799999999999912e+00 6.880003990721571333e-08
6.887199999999999989e+00 6.356141364280837879e-08
7.026299999999999990e+00 5.872076952844270248e-08
7.168199999999999683e+00 5.424705368834570830e-08
7.312999999999999723e+00 5.011182255445604960e-08
7.460799999999999876e+00 4.628906879979356934e-08
7.611500000000000377e+00 4.275623174624736885e-08
7.765299999999999869e+00 3.949222242088324522e-08
7.922100000000000364e+00 3.647539440490982056e-08
8.082200000000000273e+00 3.368805011497899158e-08
8.245400000000000063e+00 3.111222444889779558e-08
8.412000000000000810e+00 2.873290833150142876e-08
8.581899999999999196e+00 2.653486433929067258e-08
8.755300000000000082e+00 2.450507119173005628e-08
8.932199999999999918e+00 2.263095727198027641e-08
9.112600000000000477e+00 2.089950237992211175e-08
9.296699999999999520e+00 1.930154389563037697e-08
9.484500000000000597e+00 1.782538253825382469e-08
9.676099999999999923e+00 1.646356108969091927e-08
9.871600000000000819e+00 1.520505992010652439e-08
1.007099999999999973e+01 1.404404544816944797e-08
1.027399999999999913e+01 1.297081640192094352e-08
1.048199999999999932e+01 1.197929638854296398e-08
1.069400000000000084e+01 1.106437064370643655e-08
1.091000000000000014e+01 1.021855563234277784e-08
1.113000000000000078e+01 9.437517065623008813e-09
1.135500000000000043e+01 8.714998082086690814e-09
1.158399999999999963e+01 8.047792260280893285e-09
1.181799999999999962e+01 7.431117451665105362e-09
1.205700000000000038e+01 6.861341709670181349e-09
1.230100000000000016e+01 6.334964654703643071e-09
1.254899999999999949e+01 5.848624138918992657e-09
1.280300000000000082e+01 5.399590432933392573e-09
1.306099999999999994e+01 4.984921008217358715e-09
1.332499999999999929e+01 4.602207286670263540e-09
1.359399999999999942e+01 4.248728546625079136e-09
1.386899999999999977e+01 3.922625987822256633e-09
1.414899999999999913e+01 3.621607782898105345e-09
1.443500000000000050e+01 3.343887169892783048e-09
1.472700000000000031e+01 3.087468476838772271e-09
1.502399999999999913e+01 2.850861414238318043e-09
1.532799999999999940e+01 2.632565782543662231e-09
1.563700000000000045e+01 2.430823895180990187e-09
1.595299999999999940e+01 2.244539644637966369e-09
1.627499999999999858e+01 2.072530292934527786e-09
1.660399999999999920e+01 1.913601123887819308e-09
1.694000000000000128e+01 1.766840373011519419e-09
1.728200000000000003e+01 1.631234999855420309e-09
1.763100000000000023e+01 1.505914273519907265e-09
1.798699999999999832e+01 1.390138853175623470e-09
1.835099999999999909e+01 1.283211332519994453e-09
1.872100000000000009e+01 1.184485099692703437e-09
1.909900000000000020e+01 1.093364982479936789e-09
1.948499999999999943e+01 1.009216956020817531e-09
1.987900000000000134e+01 9.315487411503498678e-10
2.028000000000000114e+01 8.598754251888500092e-10
2.069000000000000128e+01 7.937668871704089341e-10
2.110800000000000054e+01 7.327569267046570248e-10
2.153500000000000014e+01 6.765102061962491185e-10
2.196999999999999886e+01 6.245970605911598527e-10
2.241300000000000026e+01 5.766970150973838946e-10
2.286599999999999966e+01 5.324703737465815292e-10
2.332799999999999940e+01 4.916420971670297734e-10
2.379899999999999949e+01 4.539616008653326072e-10
2.428000000000000114e+01 4.191528807758129064e-10
2.477100000000000080e+01 3.869885679903730912e-10
2.527100000000000080e+01 3.572867909559698258e-10
2.578200000000000003e+01 3.298326359832635865e-10
2.630199999999999960e+01 3.044575867243357901e-10
2.683399999999999963e+01 2.810410652760964811e-10
2.737600000000000122e+01 2.593654847264512192e-10
2.792899999999999849e+01 2.393994031335488976e-10
2.849299999999999855e+01 2.209517146386523386e-10
2.906899999999999906e+01 2.039234681520949308e-10
2.965599999999999881e+01 1.882148245485959095e-10
3.025499999999999901e+01 1.737204913929217782e-10
3.086599999999999966e+01 1.603553821983856077e-10
3.148999999999999844e+01 1.480401823352052773e-10
3.212599999999999767e+01 1.366749087838856636e-10
3.277499999999999858e+01 1.261963092586700757e-10
3.343699999999999761e+01 1.165290227280357280e-10
3.411200000000000188e+01 1.076074249884870130e-10
3.480100000000000193e+01 9.936827153110049408e-11
3.550399999999999778e+01 9.176001893341748564e-11
3.622200000000000131e+01 8.473225249224750092e-11
3.695300000000000296e+01 7.823900199863830408e-11
3.770000000000000284e+01 7.223780275814115743e-11
3.846200000000000330e+01 6.668786537191496288e-11
3.923899999999999721e+01 6.155712736847539194e-11
4.003099999999999881e+01 5.681359995641039867e-11
4.084000000000000341e+01 5.243394002127720483e-11
4.166499999999999915e+01 4.838553046856033389e-11
4.250699999999999790e+01 4.464943467537875157e-11
4.336500000000000199e+01 4.120351588911426534e-11
4.424099999999999966e+01 3.802455038538395587e-11
4.513499999999999801e+01 3.509001883239171714e-11
4.604699999999999704e+01 3.238540134377609323e-11
4.697699999999999676e+01 2.989382239382239801e-11
4.792600000000000193e+01 2.759668630664954046e-11
4.889399999999999835e+01 2.547839506172839492e-11
4.988199999999999790e+01 2.352636255924170507e-11
5.089000000000000057e+01 2.172451532207629633e-11
5.191799999999999926e+01 2.006106954225352304e-11
5.296600000000000108e+01 1.852471394551896551e-11
5.403600000000000136e+01 1.710737719997546989e-11
5.512800000000000011e+01 1.579632267253657921e-11
5.624199999999999733e+01 1.458441558441558369e-11
5.737800000000000011e+01 1.346492494226327873e-11
5.853699999999999903e+01 1.243008458431761172e-11
5.971999999999999886e+01 1.147236302196476084e-11
6.092600000000000193e+01 1.058703593577436166e-11
6.215699999999999648e+01 9.770362396842483332e-12
6.341199999999999903e+01 9.015913611821541621e-12
6.469299999999999784e+01 8.319496679203010858e-12
6.600000000000000000e+01 7.677211513071032730e-12
6.733400000000000318e+01 7.084760130726244493e-12
6.869400000000000261e+01 6.538665410212615207e-12
7.008199999999999363e+01 6.035104742001293448e-12
7.149699999999999989e+01 5.571218371475866910e-12
7.294199999999999307e+01 5.143535026986527221e-12
7.441500000000000625e+01 4.749051156929118822e-12
7.591800000000000637e+01 4.385098743267505152e-12
7.745199999999999818e+01 4.049269297413933483e-12
7.901699999999999591e+01 3.739079388100417920e-12
8.061299999999999955e+01 3.452665365746904248e-12
8.224099999999999966e+01 3.187956309837991799e-12
8.390300000000000580e+01 2.943187367735634230e-12
8.559799999999999898e+01 2.717150656664445925e-12
8.732699999999999818e+01 2.507890374877954453e-12
8.909099999999999397e+01 2.314655792756056817e-12
9.089100000000000534e+01 2.135972025136833559e-12
9.272700000000000387e+01 1.970981127024494653e-12
9.459999999999999432e+01 1.818598337010011804e-12
9.651099999999999568e+01 1.677921534646069228e-12
9.846099999999999852e+01 1.548143705013259187e-12
1.004500000000000028e+02 1.428385590393595531e-12
1.024800000000000040e+02 1.317967153027419506e-12
1.045499999999999972e+02 1.216139723680780763e-12
1.066599999999999966e+02 1.122216101361454075e-12
1.088199999999999932e+02 1.035717255717255684e-12
1.110100000000000051e+02 9.559295223867481033e-13
1.132600000000000051e+02 8.822955843432232816e-13
1.155400000000000063e+02 8.144658717307032313e-13
1.178799999999999955e+02 7.519058237826064121e-13
1.202600000000000051e+02 6.941247396689684225e-13
1.226899999999999977e+02 6.408132530120482780e-13
1.251700000000000017e+02 5.916738092322762255e-13
1.277000000000000028e+02 5.463275739338640228e-13
1.302800000000000011e+02 5.044459644322845486e-13
1.329099999999999966e+02 4.658086906225146845e-13
1.355900000000000034e+02 4.301436869458881270e-13
1.383300000000000125e+02 3.972125717055829205e-13
1.411299999999999955e+02 3.668403519261980281e-13
1.439799999999999898e+02 3.387574498826079094e-13
1.468899999999999864e+02 3.128604162688562341e-13
1.498499999999999943e+02 2.889315096148993157e-13
1.528799999999999955e+02 2.668395717929834642e-13
1.559699999999999989e+02 2.464394537862543566e-13
1.591200000000000045e+02 2.275949306666030665e-13
1.623300000000000125e+02 2.101836077985992678e-13
1.656100000000000136e+02 1.941123091704921528e-13
1.689600000000000080e+02 1.792624581904399181e-13
1.723700000000000045e+02 1.655447258832484995e-13
1.758499999999999943e+02 1.528621495327102745e-13
1.794099999999999966e+02 1.411458246363985320e-13
1.830300000000000011e+02 1.303205864170272933e-13
1.867299999999999898e+02 1.203187772109796986e-13
1.905000000000000000e+02 1.110722334242675913e-13
1.943499999999999943e+02 1.025286538944198115e-13
1.982800000000000011e+02 9.463341226458937578e-14
2.022800000000000011e+02 8.734046788281853792e-14
2.063700000000000045e+02 8.060167517470387496e-14
2.105399999999999920e+02 7.438109724116228138e-14
2.147899999999999920e+02 6.863343694493783679e-14
2.191299999999999955e+02 6.333088559259803441e-14
2.235600000000000023e+02 5.843384730166625883e-14
2.280699999999999932e+02 5.391702036653177359e-14
2.326800000000000068e+02 4.974753630253856194e-14
