1.000000000000000048e-04 1.000595498034856368e+00
1.020200000000000024e-04 1.000583952972320834e+00
1.040800000000000064e-04 1.000572628364191585e+00
1.061800000000000032e-04 1.000561524351439413e+00
1.083300000000000013e-04 1.000587349950442295e+00
1.105200000000000057e-04 1.000575974657115008e+00
1.127500000000000030e-04 1.000564792262345959e+00
1.150300000000000015e-04 1.000553844023676753e+00
1.173500000000000064e-04 1.000577053632043523e+00
1.197199999999999989e-04 1.000565874442447267e+00
1.221399999999999927e-04 1.000587544065804746e+00
1.246099999999999877e-04 1.000544139299660795e+00
1.271199999999999891e-04 1.000564989484918010e+00
1.296899999999999865e-04 1.000584813321431676e+00
1.323100000000000122e-04 1.000573481029851219e+00
1.349900000000000069e-04 1.000562363108980168e+00
1.377100000000000080e-04 1.000580484123759106e+00
1.404900000000000051e-04 1.000569232958588239e+00
1.433299999999999982e-04 1.000558191459670621e+00
1.462299999999999874e-04 1.000547375335267386e+00
1.491800000000000049e-04 1.000563607085346085e+00
1.522000000000000132e-04 1.000552675211201059e+00
1.552699999999999957e-04 1.000541963456178296e+00
1.584099999999999961e-04 1.000556764690995637e+00
1.616099999999999926e-04 1.000545973445836845e+00
1.648700000000000122e-04 1.000535384016353557e+00
1.681999999999999956e-04 1.000525009545628174e+00
1.715999999999999969e-04 1.000538238322568496e+00
1.750699999999999891e-04 1.000527801363104485e+00
1.786000000000000044e-04 1.000517575048382124e+00
1.822100000000000054e-04 1.000529614264277667e+00
1.858899999999999973e-04 1.000519345624513168e+00
1.896500000000000020e-04 1.000530503978779739e+00
1.934799999999999975e-04 1.000520226402530355e+00
1.973900000000000058e-04 1.000510141615312376e+00
2.013799999999999998e-04 1.000500250125062385e+00
2.054400000000000117e-04 1.000510184058710506e+00
2.095900000000000042e-04 1.000519540495295345e+00
2.138300000000000042e-04 1.000509472413012357e+00
2.181499999999999900e-04 1.000481089482643693e+00
2.225499999999999885e-04 1.000489911453041003e+00
2.270499999999999895e-04 1.000480418497891488e+00
2.316399999999999980e-04 1.000488562405122739e+00
2.363199999999999871e-04 1.000461980699473008e+00
2.410900000000000109e-04 1.000469814423302850e+00
2.459599999999999829e-04 1.000460708174279345e+00
2.509300000000000115e-04 1.000451780499217458e+00
2.559999999999999884e-04 1.000458853499153422e+00
2.611700000000000219e-04 1.000449961210240435e+00
2.664499999999999985e-04 1.000441245834791548e+00
2.718299999999999775e-04 1.000432700198445213e+00
2.773200000000000079e-04 1.000424317799400109e+00
2.829199999999999814e-04 1.000416098715833257e+00
2.886400000000000012e-04 1.000408036920306110e+00
2.944700000000000182e-04 1.000413935839944868e+00
3.004199999999999731e-04 1.000392385024422515e+00
3.064899999999999743e-04 1.000398057479499947e+00
3.126800000000000217e-04 1.000377333940537294e+00
3.189900000000000070e-04 1.000370025391397633e+00
3.254399999999999741e-04 1.000362862862862912e+00
3.320099999999999874e-04 1.000355836953054078e+00
3.387199999999999825e-04 1.000348947742067507e+00
3.455600000000000186e-04 1.000330391277670206e+00
3.525399999999999823e-04 1.000323995325210324e+00
3.596599999999999819e-04 1.000306376025508648e+00
3.669300000000000122e-04 1.000289316434286313e+00
3.743400000000000243e-04 1.000294631165429937e+00
3.819000000000000129e-04 1.000278226626287958e+00
3.896200000000000271e-04 1.000262348755942110e+00
3.974900000000000178e-04 1.000246979644760836e+00
4.055199999999999799e-04 1.000232109878798292e+00
4.137100000000000217e-04 1.000197921820880742e+00
4.220699999999999756e-04 1.000194099378882040e+00
4.306000000000000040e-04 1.000190349290948966e+00
4.392900000000000038e-04 1.000186671644577308e+00
4.481700000000000137e-04 1.000091524803221610e+00
4.572199999999999897e-04 1.000179517099003768e+00
4.664599999999999758e-04 1.000088020420737633e+00
4.758799999999999771e-04 1.000086318515321482e+00
4.854999999999999832e-04 1.000084652501481486e+00
4.952999999999999504e-04 1.000083015108749862e+00
5.053100000000000256e-04 1.000000000000000000e+00
5.155199999999999973e-04 1.000000000000000000e+00
5.259299999999999739e-04 1.000000000000000000e+00
5.365600000000000534e-04 9.999232186732186500e-01
5.473900000000000293e-04 9.999247044650252381e-01
5.584500000000000488e-04 9.999261556638605608e-01
5.697299999999999543e-04 9.998551669201245495e-01
5.812400000000000119e-04 9.997869469497905337e-01
5.929900000000000535e-04 9.997910572503134752e-01
6.049599999999999813e-04 9.997267946178539644e-01
6.171899999999999912e-04 9.997320651081786913e-01
6.296500000000000447e-04 9.997372224412035546e-01
6.423699999999999636e-04 9.996778765622986729e-01
6.553499999999999647e-04 9.996209009919757582e-01
6.685900000000000480e-04 9.996282067170653152e-01
6.821000000000000457e-04 9.995745973868125356e-01
6.958799999999999578e-04 9.995232135407354779e-01
7.099300000000000012e-04 9.994739303249940976e-01
7.242699999999999486e-04 9.994267369869296314e-01
7.389099999999999575e-04 9.993815708101423390e-01
7.538300000000000382e-04 9.993383325981473053e-01
7.690600000000000127e-04 9.992969932943976952e-01
7.845999999999999893e-04 9.992044550517104051e-01
8.004499999999999680e-04 9.991677503250975256e-01
8.166199999999999978e-04 9.990817263544535809e-01
8.331099999999999704e-04 9.990493345341738829e-01
8.499399999999999837e-04 9.989694768868387920e-01
8.671100000000000379e-04 9.988930066900900684e-01
8.846299999999999650e-04 9.988670160033988887e-01
9.024999999999999819e-04 9.987498842485413864e-01
9.207300000000000293e-04 9.987284287011807260e-01
9.393300000000000477e-04 9.986192151797247396e-01
9.583099999999999778e-04 9.985146352118828839e-01
9.776699999999999280e-04 9.984573852680292960e-01
9.974199999999999473e-04 9.983608624385322816e-01
1.017600000000000015e-03 9.982685410396998638e-01
1.038099999999999917e-03 9.981803477557623649e-01
1.059100000000000102e-03 9.980961446930033398e-01
1.080500000000000080e-03 9.979380641145348951e-01
1.102300000000000068e-03 9.978629216913447175e-01
1.124599999999999905e-03 9.977539866736542251e-01
1.147299999999999969e-03 9.976132775207461334e-01
1.170500000000000099e-03 9.975146778085941524e-01
1.194100000000000023e-03 9.973853437919580900e-01
1.218200000000000012e-03 9.972272286150006826e-01
1.242899999999999908e-03 9.971099248580462815e-01
1.268000000000000030e-03 9.969647443380807994e-01
1.293600000000000002e-03 9.968261239447679944e-01
1.319700000000000040e-03 9.966616377234938096e-01
1.346399999999999984e-03 9.965044874822862608e-01
1.373599999999999995e-03 9.963544241225902320e-01
1.401300000000000072e-03 9.961506986330432856e-01
1.429600000000000055e-03 9.959856076600553942e-01
1.458499999999999944e-03 9.957988096627377050e-01
1.487999999999999956e-03 9.955919395465996358e-01
1.518000000000000035e-03 9.953941640688627190e-01
1.548700000000000077e-03 9.952052907136952342e-01
1.580000000000000024e-03 9.949710701346455854e-01
1.611900000000000095e-03 9.947471746166498541e-01
1.644499999999999912e-03 9.945073538982167616e-01
1.677700000000000068e-03 9.942525799529988717e-01
1.711599999999999970e-03 9.939842085474369648e-01
1.746200000000000052e-03 9.937031115483950794e-01
1.781400000000000041e-03 9.934343921985129278e-01
1.817400000000000048e-03 9.931539299758374018e-01
1.854100000000000019e-03 9.928627888594410145e-01
1.891600000000000009e-03 9.925390161540569300e-01
1.929799999999999962e-03 9.922070942314581421e-01
1.968800000000000151e-03 9.918677744076662695e-01
2.008600000000000142e-03 9.915217672692755446e-01
2.049099999999999880e-03 9.911487559555319793e-01
2.090499999999999910e-03 9.907711494491791004e-01
2.132799999999999800e-03 9.903693123852275182e-01
2.175799999999999870e-03 9.899449173760642706e-01
2.219800000000000072e-03 9.895192213155048488e-01
2.264599999999999860e-03 9.890540540540542214e-01
2.310400000000000214e-03 9.885898407884761152e-01
2.357099999999999994e-03 9.881269191402252128e-01
2.404700000000000067e-03 9.876110075649600084e-01
2.453299999999999838e-03 9.870812624477418584e-01
2.502799999999999903e-03 9.865386309576248403e-01
2.553399999999999941e-03 9.859671586524318965e-01
2.605000000000000111e-03 9.853688378337044362e-01
2.657599999999999980e-03 9.847455646978319210e-01
2.711299999999999821e-03 9.841152749090193996e-01
2.765999999999999796e-03 9.834471209583923734e-01
2.821900000000000016e-03 9.827588934056721293e-01
2.878900000000000209e-03 9.820371377515343392e-01
2.937100000000000214e-03 9.812838714601938017e-01
2.996400000000000192e-03 9.805162664426813057e-01
3.056899999999999982e-03 9.797061294268490927e-01
3.118699999999999858e-03 9.788562077305180686e-01
3.181699999999999980e-03 9.779833487511563339e-01
3.246000000000000187e-03 9.770753199524442323e-01
3.311500000000000207e-03 9.761345046122544833e-01
3.378400000000000153e-03 9.751496560950232428e-01
3.446700000000000024e-03 9.741365568544102516e-01
3.516299999999999981e-03 9.730714481605787780e-01
3.587400000000000137e-03 9.719704167843660203e-01
3.659799999999999946e-03 9.708229174557482244e-01
3.733799999999999793e-03 9.696318827984354849e-01
3.809199999999999999e-03 9.683878924040586478e-01
3.886099999999999971e-03 9.671062112696352520e-01
3.964600000000000415e-03 9.657771319889900674e-01
4.044700000000000031e-03 9.643923810851956491e-01
4.126399999999999686e-03 9.629659272810427995e-01
4.209799999999999653e-03 9.614674976936748996e-01
4.294799999999999660e-03 9.599114309438140369e-01
4.381600000000000251e-03 9.583010994039901087e-01
4.470100000000000288e-03 9.566397117178954135e-01
4.560400000000000044e-03 9.549087300330452166e-01
4.652500000000000385e-03 9.531021006350757219e-01
4.746499999999999851e-03 9.512332412240301904e-01
4.842400000000000176e-03 9.493055975489306242e-01
4.940199999999999626e-03 9.473496128648004611e-01
5.040000000000000209e-03 9.451994524833789990e-01
5.141899999999999596e-03 9.430745521094202610e-01
5.245699999999999842e-03 9.408560311284046573e-01
5.351700000000000033e-03 9.385579350977274471e-01
5.459799999999999896e-03 9.361290322580645418e-01
5.570099999999999704e-03 9.335937500000000000e-01
5.682600000000000325e-03 9.310406591438294965e-01
5.797400000000000296e-03 9.283885209713024222e-01
5.914499999999999619e-03 9.257227446882619892e-01
6.034000000000000301e-03 9.228787358296118848e-01
6.155899999999999740e-03 9.199423924093527161e-01
6.280299999999999945e-03 9.168407856247389187e-01
6.407200000000000048e-03 9.136566056407720016e-01
6.536600000000000049e-03 9.103930983966793677e-01
6.668600000000000222e-03 9.070533419023135702e-01
6.803299999999999972e-03 9.036402569593148248e-01
6.940799999999999574e-03 9.000704832015036239e-01
7.080999999999999621e-03 8.963650425367363228e-01
7.224000000000000386e-03 8.925897631779984298e-01
7.369999999999999815e-03 8.886037735849056096e-01
7.518900000000000236e-03 8.846297263032291136e-01
7.670800000000000188e-03 8.804451979066852951e-01
7.825699999999999670e-03 8.761384335154827063e-01
7.983799999999999231e-03 8.717671637490095327e-01
8.145100000000000603e-03 8.672698774579652437e-01
8.309600000000000319e-03 8.625889648368684215e-01
8.477500000000000660e-03 8.578400613539706177e-01
8.648799999999999891e-03 8.529046502000827701e-01
8.823499999999999746e-03 8.478557771100792007e-01
9.001699999999999632e-03 8.427422080995199405e-01
9.183600000000000096e-03 8.373836781147485642e-01
9.369099999999999998e-03 8.319628647214853956e-01
9.558300000000000476e-03 8.264240194468169820e-01
9.751400000000000345e-03 8.206914512663585626e-01
9.948399999999999604e-03 8.148960888085710064e-01
1.014900000000000004e-02 8.089722257775502356e-01
1.035400000000000036e-02 8.028687484133029129e-01
1.056400000000000047e-02 7.967382406649455850e-01
1.077700000000000012e-02 7.904142973192526123e-01
1.099499999999999957e-02 7.839598064756233553e-01
1.121699999999999954e-02 7.774082286277408382e-01
1.144300000000000005e-02 7.707696072433622980e-01
1.167499999999999961e-02 7.639192803306588120e-01
1.191000000000000045e-02 7.571290478492025411e-01
1.215100000000000034e-02 7.501201345506968154e-01
1.239700000000000003e-02 7.429953999641555340e-01
1.264700000000000026e-02 7.358098068350669152e-01
1.290200000000000027e-02 7.285418515232179315e-01
1.316299999999999935e-02 7.211849932269274177e-01
1.342899999999999996e-02 7.136907555138433112e-01
1.370000000000000037e-02 7.061367621274109441e-01
1.397699999999999984e-02 6.985726769589281071e-01
1.425900000000000084e-02 6.908911351225747177e-01
1.454699999999999917e-02 6.831430723764269075e-01
1.484100000000000003e-02 6.753411982419615933e-01
1.514099999999999994e-02 6.674942263279445287e-01
1.544700000000000066e-02 6.596309111880046538e-01
1.575899999999999870e-02 6.516452486601739258e-01
1.607700000000000101e-02 6.436801474824288549e-01
1.640199999999999991e-02 6.356669547680783294e-01
1.673399999999999888e-02 6.276884045436198489e-01
1.707200000000000037e-02 6.196028630801200254e-01
1.741600000000000092e-02 6.115286771507862928e-01
1.776799999999999907e-02 6.034183082271146192e-01
1.812700000000000075e-02 5.952948010455997307e-01
1.849299999999999902e-02 5.872035429170793241e-01
1.886699999999999836e-02 5.790969704058954726e-01
1.924800000000000122e-02 5.709637634345451351e-01
1.963700000000000168e-02 5.628429810585945381e-01
2.003399999999999972e-02 5.547606335646911857e-01
2.043800000000000130e-02 5.466614953159496526e-01
2.085100000000000148e-02 5.385719433101128217e-01
2.127199999999999924e-02 5.304710648848037780e-01
2.170199999999999907e-02 5.223968805215377653e-01
2.214100000000000096e-02 5.143488943488943033e-01
2.258800000000000044e-02 5.063328789193208834e-01
2.304399999999999851e-02 4.983050847457626831e-01
2.350999999999999965e-02 4.903227844103341670e-01
2.398499999999999938e-02 4.823375462785650658e-01
2.446900000000000117e-02 4.743948880139417512e-01
2.496400000000000008e-02 4.664729314961143514e-01
2.546800000000000105e-02 4.585878619595398775e-01
2.598200000000000162e-02 4.507433699437449759e-01
2.650699999999999931e-02 4.429337496606027824e-01
2.704300000000000107e-02 4.351645325623020866e-01
2.758899999999999894e-02 4.273959206482257356e-01
2.814600000000000088e-02 4.197092198581560685e-01
2.871500000000000094e-02 4.120533141210374062e-01
2.929500000000000159e-02 4.044522554188634822e-01
2.988700000000000037e-02 3.968873333829771033e-01
3.048999999999999974e-02 3.893779831805440073e-01
3.110600000000000170e-02 3.818861813695250129e-01
3.173499999999999932e-02 3.744856290246583730e-01
3.237600000000000200e-02 3.670960000000000334e-01
3.302999999999999686e-02 3.597505299201043671e-01
3.369699999999999779e-02 3.524225047785257692e-01
3.437799999999999884e-02 3.451610169491525215e-01
3.507199999999999901e-02 3.379375918402627854e-01
3.578100000000000031e-02 3.307292125914822467e-01
3.650400000000000172e-02 3.235897435897435725e-01
3.724100000000000327e-02 3.164692922060038383e-01
3.799299999999999899e-02 3.094145199063231821e-01
3.876099999999999685e-02 3.023991588606385061e-01
3.954400000000000276e-02 2.954554320265262435e-01
4.034299999999999692e-02 2.886080986966470530e-01
4.115800000000000014e-02 2.818249160299146627e-01
4.198899999999999855e-02 2.751513270215737439e-01
4.283800000000000108e-02 2.685792637907393754e-01
4.370299999999999879e-02 2.621261137323602775e-01
4.458600000000000063e-02 2.557719465335478448e-01
4.548599999999999866e-02 2.495374601547000748e-01
4.640500000000000180e-02 2.434017262694658790e-01
4.734300000000000314e-02 2.373706493776172599e-01
4.829900000000000165e-02 2.314169774587760686e-01
4.927499999999999936e-02 2.255377465292259798e-01
5.027000000000000218e-02 2.197250260208650774e-01
5.128599999999999826e-02 2.139618886145000232e-01
5.232200000000000045e-02 2.082533349956364466e-01
5.337900000000000283e-02 2.025875151760421211e-01
5.445699999999999846e-02 1.969860202642041980e-01
5.555700000000000222e-02 1.914558813967097983e-01
5.668000000000000121e-02 1.859992879652949127e-01
5.782500000000000140e-02 1.806367076252490267e-01
5.899299999999999683e-02 1.753705536946881527e-01
6.018400000000000138e-02 1.702028124054046632e-01
6.140000000000000319e-02 1.651581182255000280e-01
6.264100000000000223e-02 1.602031983880351507e-01
6.390600000000000447e-02 1.553599769153080346e-01
6.519700000000000495e-02 1.506277993978999974e-01
6.651400000000000368e-02 1.459930261444755406e-01
6.785800000000000165e-02 1.414615149664019411e-01
6.922899999999999887e-02 1.370313719369439520e-01
7.062699999999999534e-02 1.327043522720010305e-01
7.205400000000000693e-02 1.284803801097730847e-01
7.351000000000000589e-02 1.243583054213724254e-01
7.499400000000000510e-02 1.203308791684711970e-01
7.650899999999999368e-02 1.163948773822494481e-01
7.805499999999999938e-02 1.125389709816075473e-01
7.963199999999999446e-02 1.087597091547548717e-01
8.124099999999999377e-02 1.050554577986911597e-01
8.288199999999999734e-02 1.014355146319955853e-01
8.455600000000000616e-02 9.790500117098510646e-02
8.626399999999999346e-02 9.446889444235574695e-02
8.800700000000000189e-02 9.112653079980700954e-02
8.978500000000000369e-02 8.786750668193966940e-02
9.159799999999999887e-02 8.467654051912026913e-02
9.344900000000000428e-02 8.155327342747110964e-02
9.533700000000000507e-02 7.849930917206929259e-02
9.726300000000000223e-02 7.553238199780459849e-02
9.922699999999999576e-02 7.266917399541893141e-02
1.012300000000000005e-01 6.992704124640293506e-02
1.032799999999999968e-01 6.729250484279540589e-02
1.053599999999999953e-01 6.474532874081750933e-02
1.074900000000000022e-01 6.225540519520920274e-02
1.096599999999999936e-01 5.980793001806598841e-02
1.118799999999999933e-01 5.740227067475164174e-02
1.141400000000000053e-01 5.505577427821521652e-02
1.164400000000000018e-01 5.279586045735270433e-02
1.188000000000000028e-01 5.063084509437170561e-02
1.212000000000000022e-01 4.855774237217535400e-02
1.236499999999999960e-01 4.656672942346631178e-02
1.261400000000000021e-01 4.464057770159378380e-02
1.286899999999999988e-01 4.277660853878532954e-02
1.312899999999999900e-01 4.096493274239950549e-02
1.339400000000000035e-01 3.920592628476847474e-02
1.366499999999999937e-01 3.749873801110550214e-02
1.394100000000000061e-01 3.585318681318681172e-02
1.422299999999999953e-01 3.428262470090189667e-02
1.451000000000000068e-01 3.278814172089659917e-02
1.480299999999999949e-01 3.134998738329548146e-02
1.510199999999999876e-01 2.994726294694652347e-02
1.540700000000000125e-01 2.857598066146577187e-02
1.571799999999999864e-01 2.725971953027020792e-02
1.603600000000000025e-01 2.601483836777954486e-02
1.635999999999999954e-01 2.483558408526615260e-02
1.668999999999999928e-01 2.369547682571198494e-02
1.702799999999999869e-01 2.258132014456914680e-02
1.737100000000000033e-01 2.149847886594601770e-02
1.772199999999999886e-01 2.046025657981748527e-02
1.807999999999999885e-01 1.947646461225872178e-02
1.844600000000000128e-01 1.854944289693593457e-02
1.881799999999999862e-01 1.766817756673141893e-02
1.919800000000000118e-01 1.681587206695561026e-02
1.958600000000000063e-01 1.598175296319401251e-02
1.998199999999999976e-01 1.518621365566808282e-02
2.038600000000000134e-01 1.443482732025023682e-02
2.079699999999999882e-01 1.371628910463861852e-02
2.121800000000000075e-01 1.301881467544684957e-02
2.164600000000000135e-01 1.235490196078431469e-02
2.208299999999999985e-01 1.172960609911054622e-02
2.253000000000000003e-01 1.113849962238818575e-02
2.298499999999999988e-01 1.056608250202210712e-02
2.344900000000000040e-01 1.000974238046209788e-02
2.392299999999999982e-01 9.478916656239693220e-03
2.440599999999999992e-01 8.985298255486775035e-03
2.489899999999999891e-01 8.517857576419743740e-03
2.540200000000000236e-01 8.064711753483846945e-03
2.591499999999999915e-01 7.634063568778143467e-03
2.643900000000000139e-01 7.225627049237026873e-03
2.697300000000000253e-01 6.833089375516297401e-03
2.751799999999999802e-01 6.459737388117341335e-03
2.807399999999999896e-01 6.110051542329334243e-03
2.864099999999999979e-01 5.780326047894410353e-03
2.921900000000000053e-01 5.459301638735591065e-03
2.980999999999999761e-01 5.152523475200779766e-03
3.041200000000000014e-01 4.867785863534836860e-03
3.102599999999999802e-01 4.596150252289291256e-03
3.165299999999999780e-01 4.338524430601517837e-03
3.229199999999999848e-01 4.093645757058009087e-03
3.294500000000000206e-01 3.859197480958257136e-03
3.361000000000000099e-01 3.637939849289794931e-03
3.428899999999999726e-01 3.433150374024410232e-03
3.498200000000000198e-01 3.234940338722094161e-03
3.568899999999999850e-01 3.046048692875673054e-03
3.640900000000000247e-01 2.869450481217013672e-03
3.714500000000000024e-01 2.702462895246289954e-03
3.789500000000000091e-01 2.545039365666414491e-03
3.866100000000000092e-01 2.394616734932709327e-03
3.944199999999999928e-01 2.251650366748166564e-03
4.023900000000000254e-01 2.119965560126279690e-03
4.105199999999999960e-01 1.992793570669500452e-03
4.188100000000000156e-01 1.873173764376748424e-03
4.272699999999999831e-01 1.760714157416388113e-03
4.359000000000000097e-01 1.655056305884993568e-03
4.447099999999999942e-01 1.554579869648362814e-03
4.536899999999999822e-01 1.459394482702416375e-03
4.628599999999999937e-01 1.371102888009867590e-03
4.722100000000000186e-01 1.286626746506986134e-03
4.817400000000000015e-01 1.207478276945830962e-03
4.914799999999999724e-01 1.132880604922217307e-03
5.014100000000000223e-01 1.062989752863170538e-03
5.115300000000000402e-01 9.964869966442952906e-04
5.218699999999999450e-01 9.347968903974598637e-04
5.324100000000000499e-01 8.758285714285714979e-04
5.431700000000000417e-01 8.206641626423420060e-04
5.541399999999999659e-01 7.692977545561983975e-04
5.653299999999999992e-01 7.202311388131412079e-04
5.767499999999999849e-01 6.748254118923316478e-04
5.884000000000000341e-01 6.316598215550205380e-04
6.002899999999999903e-01 5.911551545629345006e-04
6.124199999999999644e-01 5.531706186761412057e-04
6.247899999999999565e-01 5.175796692214602564e-04
6.374100000000000321e-01 4.842069779201078395e-04
6.502900000000000347e-01 4.528521126760562637e-04
6.634200000000000097e-01 4.235261657316288569e-04
6.768300000000000427e-01 3.959834726626309653e-04
6.905000000000000027e-01 3.701543188184620620e-04
7.044500000000000206e-01 3.459452086415478410e-04
7.186799999999999855e-01 3.232371970610813019e-04
7.331999999999999629e-01 3.019601100412654766e-04
7.480099999999999527e-01 2.820217852392422025e-04
7.631200000000000205e-01 2.633491192462852795e-04
7.785400000000000098e-01 2.458537480022008476e-04
7.942599999999999660e-01 2.294814713336529549e-04
8.103099999999999747e-01 2.141557418153162853e-04
8.266799999999999704e-01 1.998081793523055988e-04
8.433800000000000185e-01 1.863899296138953770e-04
8.604100000000000081e-01 1.738524361644554390e-04
8.778000000000000247e-01 1.621203802203081458e-04
8.955300000000000482e-01 1.511561523823201961e-04
9.136199999999999877e-01 1.409103717758448959e-04
9.320800000000000196e-01 1.313372390201706329e-04
9.509100000000000330e-01 1.223920826303444374e-04
9.701100000000000279e-01 1.140392815609251795e-04
9.897099999999999786e-01 1.062376014427412113e-04
1.009700000000000042e+00 9.895454759994335131e-05
1.030100000000000016e+00 9.215318097591106595e-05
1.050899999999999945e+00 8.580852109579119411e-05
1.072100000000000053e+00 7.988731478722540939e-05
1.093800000000000106e+00 7.436246560576404449e-05
1.115899999999999892e+00 6.920563246390589915e-05
1.138400000000000079e+00 6.440150595849280352e-05
1.161399999999999988e+00 5.991591434996578223e-05
1.184900000000000064e+00 5.573725717797275715e-05
1.208800000000000097e+00 5.184377123645337454e-05
1.233300000000000063e+00 4.821254590421944432e-05
1.258199999999999985e+00 4.483097098433390089e-05
1.283600000000000074e+00 4.168278132071590812e-05
1.309500000000000108e+00 3.874660457896779236e-05
1.336000000000000076e+00 3.601355625847266277e-05
1.362999999999999989e+00 3.346878848157620569e-05
1.390500000000000069e+00 3.109859015091342077e-05
1.418600000000000083e+00 2.889467110741049334e-05
1.447200000000000042e+00 2.684233496999454687e-05
1.476499999999999924e+00 2.493336383915804091e-05
1.506299999999999972e+00 2.315562218890555136e-05
1.536699999999999955e+00 2.150421330650233000e-05
1.567800000000000082e+00 1.996636993076161977e-05
1.599399999999999933e+00 1.853803596127247410e-05
1.631799999999999917e+00 1.720771685523643597e-05
1.664700000000000069e+00 1.597215883158375181e-05
1.698399999999999910e+00 1.482326657623872936e-05
1.732699999999999907e+00 1.375544024104452621e-05
1.767700000000000049e+00 1.276407059443322618e-05
1.803399999999999892e+00 1.184137803979366341e-05
1.839800000000000102e+00 1.098482651976418170e-05
1.877000000000000002e+00 1.018893182025616880e-05
1.914900000000000047e+00 9.450250079812705915e-06
1.953600000000000003e+00 8.763652201103344145e-06
1.993000000000000105e+00 8.126084102948760056e-06
2.033300000000000107e+00 7.534042684051909176e-06
2.074399999999999800e+00 6.984454888188813431e-06
2.116299999999999848e+00 6.474398937467812129e-06
2.158999999999999808e+00 6.000938980494813731e-06
2.202599999999999891e+00 5.561430235684200508e-06
2.247100000000000097e+00 5.153905257710943359e-06
2.292499999999999982e+00 4.775600921962462276e-06
2.338799999999999990e+00 4.424699211727285318e-06
2.386099999999999888e+00 4.099292067525866849e-06
2.434299999999999908e+00 3.797678275290215238e-06
2.483499999999999819e+00 3.517765989390451896e-06
2.533599999999999852e+00 3.258209645545137845e-06
2.584799999999999986e+00 3.017576399929341004e-06
2.637000000000000011e+00 2.794721339610826495e-06
2.690300000000000136e+00 2.587945819528357246e-06
2.744699999999999918e+00 2.396166542979245895e-06
2.800100000000000033e+00 2.218592897276662338e-06
2.856700000000000017e+00 2.053944135340469603e-06
2.914400000000000102e+00 1.901424332344213524e-06
2.973300000000000054e+00 1.760031176929072637e-06
3.033300000000000107e+00 1.629123669123668915e-06
3.094599999999999795e+00 1.507779690189328599e-06
3.157099999999999795e+00 1.395384170163507406e-06
3.220899999999999874e+00 1.291313438509788967e-06
3.286000000000000032e+00 1.194933876703024480e-06
3.352300000000000058e+00 1.105652137398168987e-06
3.420100000000000140e+00 1.022995100851833932e-06
3.489199999999999857e+00 9.464625376942705660e-07
3.559600000000000097e+00 8.755973861308884803e-07
3.631600000000000161e+00 8.100584435558289548e-07
3.704899999999999860e+00 7.492859067636755680e-07
3.779799999999999827e+00 6.931270893535044247e-07
3.856100000000000083e+00 6.410317507595162976e-07
3.934000000000000163e+00 5.928974069898533783e-07
4.013499999999999623e+00 5.483403582718651508e-07
4.094599999999999795e+00 5.070914127423823012e-07
4.177299999999999791e+00 4.689120302942033285e-07
4.261700000000000266e+00 4.335809465461786358e-07
4.347800000000000331e+00 4.009101159793814762e-07
4.435599999999999987e+00 3.706734434561626774e-07
4.525199999999999889e+00 3.426942266571631905e-07
4.616600000000000037e+00 3.168119201574360213e-07
4.709900000000000198e+00 2.928536224741251983e-07
4.804999999999999716e+00 2.707035097724091119e-07
4.902099999999999902e+00 2.502263282468559524e-07
5.001100000000000101e+00 2.312820571664620260e-07
5.102100000000000080e+00 2.137692094112533990e-07
5.205199999999999605e+00 1.975589311115626998e-07
5.310399999999999565e+00 1.825908009728198407e-07
5.417600000000000193e+00 1.687358519747479912e-07
5.527099999999999902e+00 1.559504083323470232e-07
5.638700000000000045e+00 1.441083521444695313e-07
5.752600000000000158e+00 1.331695090185285145e-07
5.868900000000000006e+00 1.230566330488750784e-07
5.987400000000000055e+00 1.137110820814282662e-07
6.108399999999999608e+00 1.050696963910635804e-07
6.231799999999999784e+00 9.708394461303483439e-08
6.357700000000000351e+00 8.970491803278688704e-08
6.486100000000000421e+00 8.288284276617536510e-08
6.617099999999999760e+00 7.657839231310054594e-08
6.750799999999999912e+00 7.074945727254785636e-08
6.887199999999999989e+00 6.536473887864544027e-08
7.026299999999999990e+00 6.038875826999835078e-08
7.168199999999999683e+00 5.578932220463375755e-08
7.312999999999999723e+00 5.153627052905884921e-08
7.460799999999999876e+00 4.760886903812410025e-08
7.611500000000000377e+00 4.397568103187665269e-08
7.765299999999999869e+00 4.061892130857647761e-08
7.922100000000000364e+00 3.751536141213271612e-08
8.082200000000000273e+00 3.465079800792125908e-08
8.245400000000000063e+00 3.200189949209232905e-08
8.412000000000000810e+00 2.955557488258827683e-08
8.581899999999999196e+00 2.729529217805459170e-08
8.755300000000000082e+00 2.520738882994115903e-08
8.932199999999999918e+00 2.327881343018235109e-08
9.112600000000000477e+00 2.149735194992778321e-08
9.296699999999999520e+00 1.985405984109990423e-08
9.484500000000000597e+00 1.833580627930440993e-08
9.676099999999999923e+00 1.693423355838959545e-08
9.871600000000000819e+00 1.563940471486895888e-08
1.007099999999999973e+01 1.444436736958934649e-08
1.027399999999999913e+01 1.334088417975886192e-08
1.048199999999999932e+01 1.232178598922247755e-08
1.069400000000000084e+01 1.138037307380373079e-08
1.091000000000000014e+01 1.051008202323991805e-08
1.113000000000000078e+01 9.706544243406247181e-09
1.135500000000000043e+01 8.964526225931897848e-09
1.158399999999999963e+01 8.277805536124713385e-09
1.181799999999999962e+01 7.644364417487995272e-09
1.205700000000000038e+01 7.058627729451446569e-09
1.230100000000000016e+01 6.517636880195484702e-09
1.254899999999999949e+01 6.017790700539634408e-09
1.280300000000000082e+01 5.556074887694425424e-09
1.306099999999999994e+01 5.129776841298726116e-09
1.332499999999999929e+01 4.736052832691669691e-09
1.359399999999999942e+01 4.372530545255607747e-09
1.386899999999999977e+01 4.036709002674695855e-09
1.414899999999999913e+01 3.726873733963538314e-09
1.443500000000000050e+01 3.440797082110132540e-09
1.472700000000000031e+01 3.176618408221438729e-09
1.502399999999999913e+01 2.932851015042795774e-09
1.532799999999999940e+01 2.707686537620069522e-09
1.563700000000000045e+01 2.499725449713369725e-09
1.595299999999999940e+01 2.307895346144941328e-09
1.627499999999999858e+01 2.130677796490200748e-09
1.660399999999999920e+01 1.967116097159325006e-09
1.694000000000000128e+01 1.816107855902777793e-09
1.728200000000000003e+01 1.676637972945920379e-09
1.763100000000000023e+01 1.547880359404209087e-09
1.798699999999999832e+01 1.429030104587214260e-09
1.835099999999999909e+01 1.319289425171778037e-09
1.872100000000000009e+01 1.217945999434549140e-09
1.909900000000000020e+01 1.124385154270382971e-09
1.948499999999999943e+01 1.038074656188605052e-09
1.987900000000000134e+01 9.583195227046735881e-10
2.028000000000000114e+01 8.847430968192939269e-10
2.069000000000000128e+01 8.167703294171850684e-10
2.110800000000000054e+01 7.540569429598678118e-10
2.153500000000000014e+01 6.961623200286929291e-10
2.196999999999999886e+01 6.427645088079541466e-10
2.241300000000000026e+01 5.934347751752436507e-10
2.286599999999999966e+01 5.478543094121890104e-10
2.332799999999999940e+01 5.058193343898572613e-10
2.379899999999999949e+01 4.669920438590627168e-10
2.428000000000000114e+01 4.311847672778561423e-10
2.477100000000000080e+01 3.980958048199940496e-10
2.527100000000000080e+01 3.675427585124744822e-10
2.578200000000000003e+01 3.393610858230572507e-10
2.630199999999999960e+01 3.133216935835879406e-10
2.683399999999999963e+01 2.892807809190533074e-10
2.737600000000000122e+01 2.670876238585584002e-10
2.792899999999999849e+01 2.466052450884942153e-10
2.849299999999999855e+01 2.276688217614115453e-10
2.906899999999999906e+01 2.102015443751212069e-10
2.965599999999999881e+01 1.940506847007292267e-10
3.025499999999999901e+01 1.791486282326354800e-10
3.086599999999999966e+01 1.653696237459313805e-10
3.148999999999999844e+01 1.526590257069771998e-10
3.212599999999999767e+01 1.409048208401055582e-10
3.277499999999999858e+01 1.300539656067590682e-10
3.343699999999999761e+01 1.200361909821369166e-10
3.411200000000000188e+01 1.107872332971306415e-10
3.480100000000000193e+01 1.022514279376698271e-10
3.550399999999999778e+01 9.437465865647187939e-11
3.622200000000000131e+01 8.710660107444990576e-11
3.695300000000000296e+01 8.040314522785525019e-11
3.770000000000000284e+01 7.421891117478510017e-11
3.846200000000000330e+01 6.851565145870627790e-11
3.923899999999999721e+01 6.325759509828951426e-11
4.003099999999999881e+01 5.840653122810799406e-11
4.084000000000000341e+01 5.392993232099187083e-11
4.166499999999999915e+01 4.979741288754164661e-11
4.250699999999999790e+01 4.598327420172326502e-11
4.336500000000000199e+01 4.246213514326790766e-11
4.424099999999999966e+01 3.920807453416148931e-11
4.513499999999999801e+01 3.620204127244282105e-11
4.604699999999999704e+01 3.342468446506507280e-11
4.697699999999999676e+01 3.085788993110317752e-11
4.792600000000000193e+01 2.848499452354873905e-11
4.889399999999999835e+01 2.629220238645823787e-11
4.988199999999999790e+01 2.426667317644761156e-11
5.089000000000000057e+01 2.239511390578290863e-11
5.191799999999999926e+01 2.066764609859614814e-11
5.296600000000000108e+01 1.907226562500000018e-11
5.403600000000000136e+01 1.759961186245375648e-11
5.512800000000000011e+01 1.624087591240875792e-11
5.624199999999999733e+01 1.498681808963699068e-11
5.737800000000000011e+01 1.382984797658982269e-11
5.853699999999999903e+01 1.276337603617181513e-11
5.971999999999999886e+01 1.178085461924086977e-11
6.092600000000000193e+01 1.087296252730633504e-11
6.215699999999999648e+01 1.003637331440738143e-11
6.341199999999999903e+01 9.264262295081967439e-12
6.469299999999999784e+01 8.552576911662875176e-12
6.600000000000000000e+01 7.895957380131621635e-12
6.733400000000000318e+01 7.290377381385753934e-12
6.869400000000000261e+01 6.731631737747696425e-12
7.008199999999999363e+01 6.216305992642988492e-12
7.149699999999999989e+01 5.740846607592963246e-12
7.294199999999999307e+01 5.302157088753498951e-12
7.441500000000000625e+01 4.896959508420045819e-12
7.591800000000000637e+01 4.522898426498500226e-12
7.745199999999999818e+01 4.177121055354371687e-12
7.901699999999999591e+01 3.857725867868790317e-12
8.061299999999999955e+01 3.562333164995310716e-12
8.224099999999999966e+01 3.289197942465231377e-12
8.390300000000000580e+01 3.036504869999195014e-12
8.559799999999999898e+01 2.802601930190043066e-12
8.732699999999999818e+01 2.586230126650498406e-12
8.909099999999999397e+01 2.386193808563634200e-12
9.089100000000000534e+01 2.201338245244718582e-12
9.272700000000000387e+01 2.030552540308702591e-12
9.459999999999999432e+01 1.872930185723875491e-12
9.651099999999999568e+01 1.727541371158392203e-12
9.846099999999999852e+01 1.593524618314652077e-12
1.004500000000000028e+02 1.470013854984495773e-12
1.024800000000000040e+02 1.356256535378180491e-12
1.045499999999999972e+02 1.251500754981033351e-12
1.066599999999999966e+02 1.155115383118652086e-12
1.088199999999999932e+02 1.066370589686651914e-12
1.110100000000000051e+02 9.845739364706904188e-13
1.132600000000000051e+02 9.091243054598888620e-13
1.155400000000000063e+02 8.395612928273317747e-13
1.178799999999999955e+02 7.753615755462099570e-13
1.202600000000000051e+02 7.159737655157461023e-13
1.226899999999999977e+02 6.611480293308891180e-13
1.251700000000000017e+02 6.103778154516832671e-13
1.277000000000000028e+02 5.635199999999999051e-13
1.302800000000000011e+02 5.200838801325847732e-13
1.329099999999999966e+02 4.799427958526993471e-13
1.355900000000000034e+02 4.428679416433592811e-13
1.383300000000000125e+02 4.086063608758190867e-13
1.411299999999999955e+02 3.769640141915864077e-13
1.439799999999999898e+02 3.478163793873358825e-13
1.468899999999999864e+02 3.209328675290340759e-13
1.498499999999999943e+02 2.961665169212338708e-13
1.528799999999999955e+02 2.733807633845634183e-13
1.559699999999999989e+02 2.523884994865842211e-13
1.591200000000000045e+02 2.330788023273654148e-13
1.623300000000000125e+02 2.152957180475994404e-13
1.656100000000000136e+02 1.989045796489375849e-13
1.689600000000000080e+02 1.838064930352008370e-13
1.723700000000000045e+02 1.698625688262993979e-13
1.758499999999999943e+02 1.569891801589407975e-13
1.794099999999999966e+02 1.450877743464402952e-13
1.830300000000000011e+02 1.340874152749633168e-13
1.867299999999999898e+02 1.239115168539325684e-13
1.905000000000000000e+02 1.144909968914348325e-13
1.943499999999999943e+02 1.057712595411952037e-13
1.982800000000000011e+02 9.769528770601238461e-14
2.022800000000000011e+02 9.022418824401316539e-14
2.063700000000000045e+02 8.331209254448313359e-14
2.105399999999999920e+02 7.691928623301173158e-14
2.147899999999999920e+02 7.101174791392183877e-14
2.191299999999999955e+02 6.555210179240622538e-14
2.235600000000000023e+02 6.050730207532666703e-14
2.280699999999999932e+02 5.584914255963033948e-14
2.326800000000000068e+02 5.155157568451868262e-14
