1.000000000000000048e-04 1.000599904015357700e+00
1.020200000000000024e-04 1.000627500196093811e+00
1.040800000000000064e-04 1.000576856516556035e+00
1.061800000000000032e-04 1.000603386506769166e+00
1.083300000000000013e-04 1.000591694094153272e+00
1.105200000000000057e-04 1.000616500453309188e+00
1.127500000000000030e-04 1.000604530422104510e+00
1.150300000000000015e-04 1.000592809568643604e+00
1.173500000000000064e-04 1.000615531922169232e+00
1.197199999999999989e-04 1.000570048957145852e+00
1.221399999999999927e-04 1.000591891092039054e+00
1.246099999999999877e-04 1.000612666064748968e+00
1.271199999999999891e-04 1.000600790513834104e+00
1.296899999999999865e-04 1.000589129019255008e+00
1.323100000000000122e-04 1.000608124543906463e+00
1.349900000000000069e-04 1.000596338481722247e+00
1.377100000000000080e-04 1.000584778222859184e+00
1.404900000000000051e-04 1.000602116007684117e+00
1.433299999999999982e-04 1.000590434953749330e+00
1.462299999999999874e-04 1.000578990901571430e+00
1.491800000000000049e-04 1.000567767053289092e+00
1.522000000000000132e-04 1.000583275889495694e+00
1.552699999999999957e-04 1.000571963394342845e+00
1.584099999999999961e-04 1.000560881093208287e+00
1.616099999999999926e-04 1.000575014375359340e+00
1.648700000000000122e-04 1.000563863692081501e+00
1.681999999999999956e-04 1.000576978555630436e+00
1.715999999999999969e-04 1.000565797538780721e+00
1.750699999999999891e-04 1.000554823496774937e+00
1.786000000000000044e-04 1.000544069640914024e+00
1.822100000000000054e-04 1.000555765511415451e+00
1.858899999999999973e-04 1.000566794558772177e+00
1.896500000000000020e-04 1.000555804955215011e+00
1.934799999999999975e-04 1.000545027670635578e+00
1.973900000000000058e-04 1.000555030218311936e+00
2.013799999999999998e-04 1.000524109014675034e+00
2.054400000000000117e-04 1.000533723412666998e+00
2.095900000000000042e-04 1.000523377529658031e+00
2.138300000000000042e-04 1.000532248560077386e+00
2.181499999999999900e-04 1.000521930396853332e+00
2.225499999999999885e-04 1.000511817500502776e+00
2.270499999999999895e-04 1.000519825051982448e+00
2.316399999999999980e-04 1.000509755668834710e+00
2.363199999999999871e-04 1.000517116558072184e+00
2.410900000000000109e-04 1.000490187792633767e+00
2.459599999999999829e-04 1.000480689540858670e+00
2.509300000000000115e-04 1.000487638367386634e+00
2.559999999999999884e-04 1.000478186715972884e+00
2.611700000000000219e-04 1.000484556708765904e+00
2.664499999999999985e-04 1.000475168608215837e+00
2.718299999999999775e-04 1.000465962211967597e+00
2.773200000000000079e-04 1.000456937340624686e+00
2.829199999999999814e-04 1.000448086957778759e+00
2.886400000000000012e-04 1.000439404677533783e+00
2.944700000000000182e-04 1.000430896682095616e+00
3.004199999999999731e-04 1.000422550569761704e+00
3.064899999999999743e-04 1.000414366487107909e+00
3.126800000000000217e-04 1.000406338886631552e+00
3.189900000000000070e-04 1.000398472948828221e+00
3.254399999999999741e-04 1.000390757944361164e+00
3.320099999999999874e-04 1.000383189122373118e+00
3.387199999999999825e-04 1.000375771240166412e+00
3.455600000000000186e-04 1.000356607945225074e+00
3.525399999999999823e-04 1.000338046557170735e+00
3.596599999999999819e-04 1.000342935528120591e+00
3.669300000000000122e-04 1.000325086596343338e+00
3.743400000000000243e-04 1.000307800545246595e+00
3.819000000000000129e-04 1.000301844485409042e+00
3.896200000000000271e-04 1.000285430365562389e+00
3.974900000000000178e-04 1.000279908770474790e+00
4.055199999999999799e-04 1.000254158025293938e+00
4.137100000000000217e-04 1.000299102691924347e+00
4.220699999999999756e-04 1.000293312475557306e+00
4.306000000000000040e-04 1.000191754554170531e+00
4.392900000000000038e-04 1.000188040616773133e+00
4.481700000000000137e-04 1.000092199889360156e+00
4.572199999999999897e-04 1.000180848177954607e+00
4.664599999999999758e-04 1.000088668203582110e+00
4.758799999999999771e-04 1.000086956521739179e+00
4.854999999999999832e-04 1.000085273300929556e+00
4.952999999999999504e-04 1.000083626024418804e+00
5.053100000000000256e-04 1.000082014270483155e+00
5.155199999999999973e-04 1.000000000000000000e+00
5.259299999999999739e-04 1.000000000000000000e+00
5.365600000000000534e-04 9.999226544976409503e-01
5.473900000000000293e-04 1.000000000000000000e+00
5.584500000000000488e-04 9.999256118425946527e-01
5.697299999999999543e-04 9.998540997957396925e-01
5.812400000000000119e-04 9.999284538885311324e-01
5.929900000000000535e-04 9.997895179962112966e-01
6.049599999999999813e-04 9.997935732470928372e-01
6.171899999999999912e-04 9.997975571900937775e-01
6.296500000000000447e-04 9.997352921712658880e-01
6.423699999999999636e-04 9.996754932502596169e-01
6.553499999999999647e-04 9.996181019667749190e-01
6.685900000000000480e-04 9.996254681647939178e-01
6.821000000000000457e-04 9.995714722987451006e-01
6.958799999999999578e-04 9.995196926032661189e-01
7.099300000000000012e-04 9.994700582935878153e-01
7.242699999999999486e-04 9.994225327712651374e-01
7.389099999999999575e-04 9.993770176134110228e-01
7.538300000000000382e-04 9.993334444259289739e-01
7.690600000000000127e-04 9.992373481505691935e-01
7.845999999999999893e-04 9.991985895175510279e-01
8.004499999999999680e-04 9.991616013414378328e-01
8.166199999999999978e-04 9.991263233631411111e-01
8.331099999999999704e-04 9.990926962044457404e-01
8.499399999999999837e-04 9.990112715048447001e-01
8.671100000000000379e-04 9.989332816136541338e-01
8.846299999999999650e-04 9.988586646376261813e-01
9.024999999999999819e-04 9.987873134328357771e-01
9.207300000000000293e-04 9.987190630861429996e-01
9.393300000000000477e-04 9.986090546058240536e-01
9.583099999999999778e-04 9.985476630578292712e-01
9.776699999999999280e-04 9.984459984459984616e-01
9.974199999999999473e-04 9.983910576678803883e-01
1.017600000000000015e-03 9.982972714813737047e-01
1.038099999999999917e-03 9.982076663000529759e-01
1.059100000000000102e-03 9.980821479942464380e-01
1.080500000000000080e-03 9.979620630192820308e-01
1.102300000000000068e-03 9.978855912655697491e-01
1.124599999999999905e-03 9.977374712470304940e-01
1.147299999999999969e-03 9.976696012428794003e-01
1.170500000000000099e-03 9.974963715529753250e-01
1.194100000000000023e-03 9.974016728955330535e-01
1.218200000000000012e-03 9.972417164205159557e-01
1.242899999999999908e-03 9.971228935470612953e-01
1.268000000000000030e-03 9.969760096767690261e-01
1.293600000000000002e-03 9.968356516579867099e-01
1.319700000000000040e-03 9.966693613581244504e-01
1.346399999999999984e-03 9.965104844082099955e-01
1.373599999999999995e-03 9.963276484501430996e-01
1.401300000000000072e-03 9.961529066927210518e-01
1.429600000000000055e-03 9.959859808884762300e-01
1.458499999999999944e-03 9.957973314524187769e-01
1.487999999999999956e-03 9.955883625039646523e-01
1.518000000000000035e-03 9.953885761167851065e-01
1.548700000000000077e-03 9.951977793199167088e-01
1.580000000000000024e-03 9.949613247630459956e-01
1.611900000000000095e-03 9.947352949036586400e-01
1.644499999999999912e-03 9.944932476727416093e-01
1.677700000000000068e-03 9.942361629313228866e-01
1.711599999999999970e-03 9.939905060094940126e-01
1.746200000000000052e-03 9.937311065959661960e-01
1.781400000000000041e-03 9.934348100958033667e-01
1.817400000000000048e-03 9.931276397737849315e-01
1.854100000000000019e-03 9.928338914779512026e-01
1.891600000000000009e-03 9.925302810912682849e-01
1.929799999999999962e-03 9.921950779364329120e-01
1.968800000000000151e-03 9.918524586534416265e-01
2.008600000000000142e-03 9.915031401438597625e-01
2.049099999999999880e-03 9.911266584190094875e-01
2.090499999999999910e-03 9.907453936348408208e-01
2.132799999999999800e-03 9.903399514942243798e-01
2.175799999999999870e-03 9.899318025906944651e-01
2.219800000000000072e-03 9.894822326981735916e-01
2.264599999999999860e-03 9.890323584318606587e-01
2.310400000000000214e-03 9.885827748821047756e-01
2.357099999999999994e-03 9.880778315150151592e-01
2.404700000000000067e-03 9.875759249033683185e-01
2.453299999999999838e-03 9.870592275298667451e-01
2.502799999999999903e-03 9.865114297884423067e-01
2.553399999999999941e-03 9.859172113289760286e-01
2.605000000000000111e-03 9.853306174149706331e-01
2.657599999999999980e-03 9.847183228821680956e-01
2.711299999999999821e-03 9.840821650897442208e-01
2.765999999999999796e-03 9.834076717216770902e-01
2.821900000000000016e-03 9.827132956265434149e-01
2.878900000000000209e-03 9.819849431062277478e-01
2.937100000000000214e-03 9.812249165808127893e-01
2.996400000000000192e-03 9.804502190663242356e-01
3.056899999999999982e-03 9.796330384181461959e-01
3.118699999999999858e-03 9.787904425708200407e-01
3.181699999999999980e-03 9.778956422018347805e-01
3.246000000000000187e-03 9.769938434228878643e-01
3.311500000000000207e-03 9.760447533855824975e-01
3.378400000000000153e-03 9.750649916293503416e-01
3.446700000000000024e-03 9.740299705646239259e-01
3.516299999999999981e-03 9.729690624013468403e-01
3.587400000000000137e-03 9.718457400031038640e-01
3.659799999999999946e-03 9.706888439578326144e-01
3.733799999999999793e-03 9.695128051220487375e-01
3.809199999999999999e-03 9.682584580571372834e-01
3.886099999999999971e-03 9.669662404896398611e-01
3.964600000000000415e-03 9.656144776137162156e-01
4.044700000000000031e-03 9.642301164628079846e-01
4.126399999999999686e-03 9.627808422676970013e-01
4.209799999999999653e-03 9.612817694582619366e-01
4.294799999999999660e-03 9.597243594032247582e-01
4.381600000000000251e-03 9.581010491198808099e-01
4.470100000000000288e-03 9.564264033960185873e-01
4.560400000000000044e-03 9.546817514833166873e-01
4.652500000000000385e-03 9.528814446479978439e-01
4.746499999999999851e-03 9.509977735631237605e-01
4.842400000000000176e-03 9.490549950262895385e-01
4.940199999999999626e-03 9.470358892332300105e-01
5.040000000000000209e-03 9.449729197439684647e-01
5.141899999999999596e-03 9.428211098176174643e-01
5.245699999999999842e-03 9.404950778935297073e-01
5.351700000000000033e-03 9.381710303258616879e-01
5.459799999999999896e-03 9.358581639283394260e-01
5.570099999999999704e-03 9.333028362305582082e-01
5.682600000000000325e-03 9.307296834130063257e-01
5.797400000000000296e-03 9.280569141840818714e-01
5.914499999999999619e-03 9.252828203104446203e-01
6.034000000000000301e-03 9.224182667358588050e-01
6.155899999999999740e-03 9.194607968603361048e-01
6.280299999999999945e-03 9.164141414141413478e-01
6.407200000000000048e-03 9.132059800664451554e-01
6.536600000000000049e-03 9.099180327868853224e-01
6.668600000000000222e-03 9.065533980582525242e-01
6.803299999999999972e-03 9.031072769390525723e-01
6.940799999999999574e-03 8.995188895023266129e-01
7.080999999999999621e-03 8.958560523446019719e-01
7.224000000000000386e-03 8.919750711702700841e-01
7.369999999999999815e-03 8.880358771663119377e-01
7.518900000000000236e-03 8.840231352813039400e-01
7.670800000000000188e-03 8.797416672852795827e-01
7.825699999999999670e-03 8.754678212372495327e-01
7.983799999999999231e-03 8.710637062835583366e-01
8.145100000000000603e-03 8.665327210103329625e-01
8.309600000000000319e-03 8.618070835403505159e-01
8.477500000000000660e-03 8.570224719101123823e-01
8.648799999999999891e-03 8.521195274496178307e-01
8.823499999999999746e-03 8.470215985692667315e-01
9.001699999999999632e-03 8.417432754511405824e-01
9.183600000000000096e-03 8.364690808550812040e-01
9.369099999999999998e-03 8.310066127847172135e-01
9.558300000000000476e-03 8.254136333553937499e-01
9.751400000000000345e-03 8.197022365055420812e-01
9.948399999999999604e-03 8.138612573954879803e-01
1.014900000000000004e-02 8.078906652913873110e-01
1.035400000000000036e-02 8.017263427109974083e-01
1.056400000000000047e-02 7.955468155290535970e-01
1.077700000000000012e-02 7.891721750078690700e-01
1.099499999999999957e-02 7.827146606674166840e-01
1.121699999999999954e-02 7.761092150170648685e-01
1.144300000000000005e-02 7.694631079331814005e-01
1.167499999999999961e-02 7.625551200391965656e-01
1.191000000000000045e-02 7.557070676325561287e-01
1.215100000000000034e-02 7.486381793971674803e-01
1.239700000000000003e-02 7.415121598844209849e-01
1.264700000000000026e-02 7.342477240057497800e-01
1.290200000000000027e-02 7.269150521609538673e-01
1.316299999999999935e-02 7.194919278252611683e-01
1.342899999999999996e-02 7.120307419450192521e-01
1.370000000000000037e-02 7.045066273932252265e-01
1.397699999999999984e-02 6.968291250733998909e-01
1.425900000000000084e-02 6.890736620213140373e-01
1.454699999999999917e-02 6.813295945788060415e-01
1.484100000000000003e-02 6.735074626865671377e-01
1.514099999999999994e-02 6.655800686885150474e-01
1.544700000000000066e-02 6.576927549715082533e-01
1.575899999999999870e-02 6.496804183614176553e-01
1.607700000000000101e-02 6.416869989543395603e-01
1.640199999999999991e-02 6.335851249273677377e-01
1.673399999999999888e-02 6.255378532387486645e-01
1.707200000000000037e-02 6.174535716364906168e-01
1.741600000000000092e-02 6.093421973407977532e-01
1.776799999999999907e-02 6.011922155338671470e-01
1.812700000000000075e-02 5.930852622326399093e-01
1.849299999999999902e-02 5.848980071718300477e-01
1.886699999999999836e-02 5.767746503805983860e-01
1.924800000000000122e-02 5.686281481481481048e-01
1.963700000000000168e-02 5.604918423246397774e-01
2.003399999999999972e-02 5.523316372343609615e-01
2.043800000000000130e-02 5.442249789232807000e-01
2.085100000000000148e-02 5.360991575246984997e-01
2.127199999999999924e-02 5.279985350668375821e-01
2.170199999999999907e-02 5.198905221723353343e-01
2.214100000000000096e-02 5.118194220513456738e-01
2.258800000000000044e-02 5.037850350350350226e-01
2.304399999999999851e-02 4.957372908114934806e-01
2.350999999999999965e-02 4.877463800472028876e-01
2.398499999999999938e-02 4.797576070139247251e-01
2.446900000000000117e-02 4.718104178890409894e-01
2.496400000000000008e-02 4.638588390501319214e-01
2.546800000000000105e-02 4.559740866893741695e-01
2.598200000000000162e-02 4.481055480378891009e-01
2.650699999999999931e-02 4.403017832647462271e-01
2.704300000000000107e-02 4.325217391304347903e-01
2.758899999999999894e-02 4.247723261560183428e-01
2.814600000000000088e-02 4.170752688172043032e-01
2.871500000000000094e-02 4.094166484596897249e-01
2.929500000000000159e-02 4.018063369854901201e-01
2.988700000000000037e-02 3.942478542388194174e-01
3.048999999999999974e-02 3.867386807630429635e-01
3.110600000000000170e-02 3.792778037747621678e-01
3.173499999999999932e-02 3.718586179507545886e-01
3.237600000000000200e-02 3.644816703083272880e-01
3.302999999999999686e-02 3.571428571428571508e-01
3.369699999999999779e-02 3.498234106962663792e-01
3.437799999999999884e-02 3.425814751286449522e-01
3.507199999999999901e-02 3.353718285214348227e-01
3.578100000000000031e-02 3.281710256181379903e-01
3.650400000000000172e-02 3.210420841683366833e-01
3.724100000000000327e-02 3.139444082922748236e-01
3.799299999999999899e-02 3.068975332068311634e-01
3.876099999999999685e-02 2.998934934159566690e-01
3.954400000000000276e-02 2.929841897233201875e-01
4.034299999999999692e-02 2.861262060552290376e-01
4.115800000000000014e-02 2.793610959693095808e-01
4.198899999999999855e-02 2.726938972454737709e-01
4.283800000000000108e-02 2.661355007753596347e-01
4.370299999999999879e-02 2.596871764128835247e-01
4.458600000000000063e-02 2.533590956537188910e-01
4.548599999999999866e-02 2.471334554583078935e-01
4.640500000000000180e-02 2.410225127756549235e-01
4.734300000000000314e-02 2.350096598559803240e-01
4.829900000000000165e-02 2.290786136939982898e-01
4.927499999999999936e-02 2.232291943953730318e-01
5.027000000000000218e-02 2.174383304040018727e-01
5.128599999999999826e-02 2.116980519885690026e-01
5.232200000000000045e-02 2.060261411419018196e-01
5.337900000000000283e-02 2.003880550986842368e-01
5.445699999999999846e-02 1.948155195558393671e-01
5.555700000000000222e-02 1.893156406121963287e-01
5.668000000000000121e-02 1.838906386115392588e-01
5.782500000000000140e-02 1.785588083394492875e-01
5.899299999999999683e-02 1.733112765370830033e-01
6.018400000000000138e-02 1.681750150368577779e-01
6.140000000000000319e-02 1.631450399023032516e-01
6.264100000000000223e-02 1.582371609924985434e-01
6.390600000000000447e-02 1.534241753083884496e-01
6.519700000000000495e-02 1.487183697842800745e-01
6.651400000000000368e-02 1.441171996227218755e-01
6.785800000000000165e-02 1.396150263893200794e-01
6.922899999999999887e-02 1.352136806370760613e-01
7.062699999999999534e-02 1.309177410450427237e-01
7.205400000000000693e-02 1.267269367164477190e-01
7.351000000000000589e-02 1.226357013373464977e-01
7.499400000000000510e-02 1.186419796543349003e-01
7.650899999999999368e-02 1.147390767890840435e-01
7.805499999999999938e-02 1.109174724533393275e-01
7.963199999999999446e-02 1.071723496229670253e-01
8.124099999999999377e-02 1.035043679084245438e-01
8.288199999999999734e-02 9.991667881767242465e-02
8.455600000000000616e-02 9.641860766885097800e-02
8.626399999999999346e-02 9.301489586375788488e-02
8.800700000000000189e-02 8.970468075172172151e-02
8.978500000000000369e-02 8.647927630781170050e-02
9.159799999999999887e-02 8.332536065862684860e-02
9.344900000000000428e-02 8.023705096073517617e-02
9.533700000000000507e-02 7.721289764588232241e-02
9.726300000000000223e-02 7.427741629199362261e-02
9.922699999999999576e-02 7.144461077844312114e-02
1.012300000000000005e-01 6.872705743043221183e-02
1.032799999999999968e-01 6.612011902593065149e-02
1.053599999999999953e-01 6.360755561078662579e-02
1.074900000000000022e-01 6.115322401598528856e-02
1.096599999999999936e-01 5.873816219011603057e-02
1.118799999999999933e-01 5.636740467809323030e-02
1.141400000000000053e-01 5.404926042433571415e-02
1.164400000000000018e-01 5.181654125097892583e-02
1.188000000000000028e-01 4.967746410487618863e-02
1.212000000000000022e-01 4.763067558481084290e-02
1.236499999999999960e-01 4.566783735834027691e-02
1.261400000000000021e-01 4.377020549217792295e-02
1.286899999999999988e-01 4.193140932404500892e-02
1.312899999999999900e-01 4.015277447953771728e-02
1.339400000000000035e-01 3.841830656094655239e-02
1.366499999999999937e-01 3.673642316086789261e-02
1.394100000000000061e-01 3.511423078642643414e-02
1.422299999999999953e-01 3.356671502784668026e-02
1.451000000000000068e-01 3.209463103701887948e-02
1.480299999999999949e-01 3.068189987163029431e-02
1.510199999999999876e-01 2.930588361606184175e-02
1.540700000000000125e-01 2.795926361143752717e-02
1.571799999999999864e-01 2.666124440829605730e-02
1.603600000000000025e-01 2.543565723893592700e-02
1.635999999999999954e-01 2.427671012791200733e-02
1.668999999999999928e-01 2.315892823208969692e-02
1.702799999999999869e-01 2.206682206682206507e-02
1.737100000000000033e-01 2.100482580815759767e-02
1.772199999999999886e-01 1.998514416908636626e-02
1.807999999999999885e-01 1.901762875907362510e-02
1.844600000000000128e-01 1.810670645069622012e-02
1.881799999999999862e-01 1.724325117370891988e-02
1.919800000000000118e-01 1.640779655855032979e-02
1.958600000000000063e-01 1.559164548919949114e-02
1.998199999999999976e-01 1.481041077665059234e-02
2.038600000000000134e-01 1.407346012912231471e-02
2.079699999999999882e-01 1.337056023434639133e-02
2.121800000000000075e-01 1.268832662449683596e-02
2.164600000000000135e-01 1.203698150924537719e-02
2.208299999999999985e-01 1.142513405034277507e-02
2.253000000000000003e-01 1.084588942076011170e-02
2.298499999999999988e-01 1.028804000616835232e-02
2.344900000000000040e-01 9.744653903131325623e-03
2.392299999999999982e-01 9.224719753731775926e-03
2.440599999999999992e-01 8.741174217945955546e-03
2.489899999999999891e-01 8.284932321143296044e-03
2.540200000000000236e-01 7.842753361842444079e-03
2.591499999999999915e-01 7.421646862510260755e-03
2.643900000000000139e-01 7.023175167047280079e-03
2.697300000000000253e-01 6.640276505863932852e-03
2.751799999999999802e-01 6.275596874324365984e-03
2.807399999999999896e-01 5.933770787095114449e-03
2.864099999999999979e-01 5.612534187178974329e-03
2.921900000000000053e-01 5.300505006980472250e-03
2.980999999999999761e-01 5.000800640512410161e-03
3.041200000000000014e-01 4.722855671619831559e-03
3.102599999999999802e-01 4.458663106703537361e-03
3.165299999999999780e-01 4.207537429013938866e-03
3.229199999999999848e-01 3.969136314610470333e-03
3.294500000000000206e-01 3.741294395869042017e-03
3.361000000000000099e-01 3.525316886238407006e-03
3.428899999999999726e-01 3.325927676672181619e-03
3.498200000000000198e-01 3.133980105612182380e-03
3.568899999999999850e-01 2.949717255081766611e-03
3.640900000000000247e-01 2.778159340659340677e-03
3.714500000000000024e-01 2.615775173587287211e-03
3.789500000000000091e-01 2.462761243102610034e-03
3.866100000000000092e-01 2.316906453346069105e-03
3.944199999999999928e-01 2.177747287015092525e-03
4.023900000000000254e-01 2.049858430696130558e-03
4.105199999999999960e-01 1.926602705359867218e-03
4.188100000000000156e-01 1.810417180942977110e-03
4.272699999999999831e-01 1.701338712635246759e-03
4.359000000000000097e-01 1.598701546687034299e-03
4.447099999999999942e-01 1.501653057159928412e-03
4.536899999999999822e-01 1.409007735174249267e-03
4.628599999999999937e-01 1.323666044371119661e-03
4.722100000000000186e-01 1.241758739358811729e-03
4.817400000000000015e-01 1.165070076919446978e-03
4.914799999999999724e-01 1.092741935483870861e-03
5.014100000000000223e-01 1.025229475411517342e-03
5.115300000000000402e-01 9.607129475994219577e-04
5.218699999999999450e-01 9.010786341027217546e-04
5.324100000000000499e-01 8.440581062948486436e-04
5.431700000000000417e-01 7.907231555880204522e-04
5.541399999999999659e-01 7.410135907532072047e-04
5.653299999999999992e-01 6.936232268328251837e-04
5.767499999999999849e-01 6.496435246071849369e-04
5.884000000000000341e-01 6.080248698669751947e-04
6.002899999999999903e-01 5.688689217758984918e-04
6.124199999999999644e-01 5.322003154574132637e-04
6.247899999999999565e-01 4.978499052640250611e-04
6.374100000000000321e-01 4.656225798124085974e-04
6.502900000000000347e-01 4.353887640449437811e-04
6.634200000000000097e-01 4.070616959338904965e-04
6.768300000000000427e-01 3.805239403453689159e-04
6.905000000000000027e-01 3.556357522196477148e-04
7.044500000000000206e-01 3.323083516365779458e-04
7.186799999999999855e-01 3.104297776085641609e-04
7.331999999999999629e-01 2.899348027108962804e-04
7.480099999999999527e-01 2.707349306184381188e-04
7.631200000000000205e-01 2.527410667451352008e-04
7.785400000000000098e-01 2.359031986194164946e-04
7.942599999999999660e-01 2.201454952434247342e-04
8.103099999999999747e-01 2.053960729230679171e-04
8.266799999999999704e-01 1.915919316825319212e-04
8.433800000000000185e-01 1.786920675578323645e-04
8.604100000000000081e-01 1.666264717211810649e-04
8.778000000000000247e-01 1.553495707026458870e-04
8.955300000000000482e-01 1.448150049503135306e-04
9.136199999999999877e-01 1.349692074516048597e-04
9.320800000000000196e-01 1.257740031321527595e-04
9.509100000000000330e-01 1.171850046230142080e-04
9.701100000000000279e-01 1.091650903972199042e-04
9.897099999999999786e-01 1.016761062761891636e-04
1.009700000000000042e+00 9.468546637744034821e-05
1.030100000000000016e+00 8.816523253173181901e-05
1.050899999999999945e+00 8.207614468017648140e-05
1.072100000000000053e+00 7.639572843468156829e-05
1.093800000000000106e+00 7.110035925367945149e-05
1.115899999999999892e+00 6.615692699799744197e-05
1.138400000000000079e+00 6.155019544284486964e-05
1.161399999999999988e+00 5.725841350154788236e-05
1.184900000000000064e+00 5.325522195487673020e-05
1.208800000000000097e+00 4.952144370570614462e-05
1.233300000000000063e+00 4.604814942396754019e-05
1.258199999999999985e+00 4.281130940445157718e-05
1.283600000000000074e+00 3.979366280047066614e-05
1.309500000000000108e+00 3.698507068304927680e-05
1.336000000000000076e+00 3.437044216745129894e-05
1.362999999999999989e+00 3.193652943737603422e-05
1.390500000000000069e+00 2.966989503574869855e-05
1.418600000000000083e+00 2.756272591962576939e-05
1.447200000000000042e+00 2.559988854834215627e-05
1.476499999999999924e+00 2.377483056788969569e-05
1.506299999999999972e+00 2.207730948296985932e-05
1.536699999999999955e+00 2.049781603288797449e-05
1.567800000000000082e+00 1.902936817998113875e-05
1.599399999999999933e+00 1.766530093246679951e-05
1.631799999999999917e+00 1.639576233516076522e-05
1.664700000000000069e+00 1.521641153158753437e-05
1.698399999999999910e+00 1.411932512837231943e-05
1.732699999999999907e+00 1.310106019151846879e-05
1.767700000000000049e+00 1.215445331419858444e-05
1.803399999999999892e+00 1.127411310812082659e-05
1.839800000000000102e+00 1.045813586097946309e-05
1.877000000000000002e+00 9.698840738860629914e-06
1.914900000000000047e+00 8.993890507457494310e-06
1.953600000000000003e+00 8.339303641507712298e-06
1.993000000000000105e+00 7.731523053530164790e-06
2.033300000000000107e+00 7.167217481999019411e-06
2.074399999999999800e+00 6.643496841077858296e-06
2.116299999999999848e+00 6.157445865869191699e-06
2.158999999999999808e+00 5.706354281727806044e-06
2.202599999999999891e+00 5.287843879216955674e-06
2.247100000000000097e+00 4.899639567480977200e-06
2.292499999999999982e+00 4.539491388589881373e-06
2.338799999999999990e+00 4.205562913907284577e-06
2.386099999999999888e+00 3.895781177561427674e-06
2.434299999999999908e+00 3.608693112110766779e-06
2.483499999999999819e+00 3.342467994601006637e-06
2.533599999999999852e+00 3.095642088532829307e-06
2.584799999999999986e+00 2.866907286262124923e-06
2.637000000000000011e+00 2.654661769932472619e-06
2.690300000000000136e+00 2.458124891112272945e-06
2.744699999999999918e+00 2.275902637977463555e-06
2.800100000000000033e+00 2.106976105465531363e-06
2.856700000000000017e+00 1.950486193265429631e-06
2.914400000000000102e+00 1.805493239556175438e-06
2.973300000000000054e+00 1.671094123268036526e-06
3.033300000000000107e+00 1.546656402704330956e-06
3.094599999999999795e+00 1.431314623338257060e-06
3.157099999999999795e+00 1.324488136595461553e-06
3.220899999999999874e+00 1.225579679185924626e-06
3.286000000000000032e+00 1.133970120009796883e-06
3.352300000000000058e+00 1.049122656484619591e-06
3.420100000000000140e+00 9.705988455988455323e-07
3.489199999999999857e+00 8.979475754846661197e-07
3.559600000000000097e+00 8.306427503736919857e-07
3.631600000000000161e+00 7.683322857741462144e-07
3.704899999999999860e+00 7.106436870216397828e-07
3.779799999999999827e+00 6.572884103276601183e-07
3.856100000000000083e+00 6.079001825928179870e-07
3.934000000000000163e+00 5.622040189427876483e-07
4.013499999999999623e+00 5.199044478837225250e-07
4.094599999999999795e+00 4.807613387108186753e-07
4.177299999999999791e+00 4.445386904761905358e-07
4.261700000000000266e+00 4.110406885758998326e-07
4.347800000000000331e+00 3.800444371296905466e-07
4.435599999999999987e+00 3.513848018002423301e-07
4.525199999999999889e+00 3.248611743286299195e-07
4.616600000000000037e+00 3.003159708923784038e-07
4.709900000000000198e+00 2.776054465616565424e-07
4.804999999999999716e+00 2.566107297228578811e-07
4.902099999999999902e+00 2.372031338809080870e-07
5.001100000000000101e+00 2.192416817126644378e-07
5.102100000000000080e+00 2.026296963268125395e-07
5.205199999999999605e+00 1.872720902165872708e-07
5.310399999999999565e+00 1.730748225013653883e-07
5.417600000000000193e+00 1.599528789794276484e-07
5.527099999999999902e+00 1.478111017051638704e-07
5.638700000000000045e+00 1.365873445105462316e-07
5.752600000000000158e+00 1.262114795534055431e-07
5.868900000000000006e+00 1.166220405862457665e-07
5.987400000000000055e+00 1.077566229769562956e-07
6.108399999999999608e+00 9.956295241254170677e-08
6.231799999999999784e+00 9.198923958354725286e-08
6.357700000000000351e+00 8.498713986210474041e-08
6.486100000000000421e+00 7.851942851942852289e-08
6.617099999999999760e+00 7.254005124643788269e-08
6.750799999999999912e+00 6.701537685908747907e-08
6.887199999999999989e+00 6.191057449913758413e-08
7.026299999999999990e+00 5.719194345894907799e-08
7.168199999999999683e+00 5.283063259124194773e-08
7.312999999999999723e+00 4.880329442363067558e-08
7.460799999999999876e+00 4.507758508280088365e-08
7.611500000000000377e+00 4.163720610949030147e-08
7.765299999999999869e+00 3.846042645464401305e-08
7.922100000000000364e+00 3.552189961566269779e-08
8.082200000000000273e+00 3.280814233050168528e-08
8.245400000000000063e+00 3.030085657622684749e-08
8.412000000000000810e+00 2.798400355476560716e-08
8.581899999999999196e+00 2.584417407580720767e-08
8.755300000000000082e+00 2.386871026563501189e-08
8.932199999999999918e+00 2.204349631475137521e-08
9.112600000000000477e+00 2.035696714590280587e-08
9.296699999999999520e+00 1.880009212344541621e-08
9.484500000000000597e+00 1.736248408029595300e-08
9.676099999999999923e+00 1.603551807844640529e-08
9.871600000000000819e+00 1.480923221855864410e-08
1.007099999999999973e+01 1.367663736886872598e-08
1.027399999999999913e+01 1.263142174432497059e-08
1.048199999999999932e+01 1.166535556954059241e-08
1.069400000000000084e+01 1.077318306124140226e-08
1.091000000000000014e+01 9.949358246747576620e-09
1.113000000000000078e+01 9.187471253794499467e-09
1.135500000000000043e+01 8.483814692769917570e-09
1.158399999999999963e+01 7.834136677423307674e-09
1.181799999999999962e+01 7.233657932963899082e-09
1.205700000000000038e+01 6.678836254790358138e-09
1.230100000000000016e+01 6.166308243727598850e-09
1.254899999999999949e+01 5.693080525759178624e-09
1.280300000000000082e+01 5.256063259565886711e-09
1.306099999999999994e+01 4.852492939235480312e-09
1.332499999999999929e+01 4.480070728652471459e-09
1.359399999999999942e+01 4.136099636612107541e-09
1.386899999999999977e+01 3.818720437323033142e-09
1.414899999999999913e+01 3.525789201311022784e-09
1.443500000000000050e+01 3.255454545454545511e-09
1.472700000000000031e+01 3.006075008144726867e-09
1.502399999999999913e+01 2.775679224320775359e-09
1.532799999999999940e+01 2.562972426274885335e-09
1.563700000000000045e+01 2.366843983570129737e-09
1.595299999999999940e+01 2.185472613273394132e-09
1.627499999999999858e+01 2.018058465529282728e-09
1.660399999999999920e+01 1.863348321106465474e-09
1.694000000000000128e+01 1.720463491711481880e-09
1.728200000000000003e+01 1.588450185580267124e-09
1.763100000000000023e+01 1.466461254044061102e-09
1.798699999999999832e+01 1.353810668572542470e-09
1.835099999999999909e+01 1.249734543586230529e-09
1.872100000000000009e+01 1.153598902091083108e-09
1.909900000000000020e+01 1.064813404417364930e-09
1.948499999999999943e+01 9.828541599743012510e-10
1.987900000000000134e+01 9.071894317893132517e-10
2.028000000000000114e+01 8.373442871813189986e-10
2.069000000000000128e+01 7.728706624605677254e-10
2.110800000000000054e+01 7.134061569016881817e-10
2.153500000000000014e+01 6.584982720703738237e-10
2.196999999999999886e+01 6.078745375227787857e-10
2.241300000000000026e+01 5.611146700832799845e-10
2.286599999999999966e+01 5.179841533075364629e-10
2.332799999999999940e+01 4.782067893236589943e-10
2.379899999999999949e+01 4.414827468397676960e-10
2.428000000000000114e+01 4.075670221965984664e-10
2.477100000000000080e+01 3.762979855568224734e-10
2.527100000000000080e+01 3.474182168056446341e-10
2.578200000000000003e+01 3.207984437114099449e-10
2.630199999999999960e+01 2.961905611562137253e-10
2.683399999999999963e+01 2.734895539243365404e-10
2.737600000000000122e+01 2.525364836692147130e-10
2.792899999999999849e+01 2.332006702974444472e-10
2.849299999999999855e+01 2.153337900249707456e-10
2.906899999999999906e+01 1.988250241872501128e-10
2.965599999999999881e+01 1.835801072359683057e-10
3.025499999999999901e+01 1.694972429451832588e-10
3.086599999999999966e+01 1.564775776159447945e-10
3.148999999999999844e+01 1.444582454721395712e-10
3.212599999999999767e+01 1.333379049708939191e-10
3.277499999999999858e+01 1.230701204315598352e-10
3.343699999999999761e+01 1.135879339011231353e-10
3.411200000000000188e+01 1.048335988829015900e-10
3.480100000000000193e+01 9.675457155810790750e-11
3.550399999999999778e+01 8.929553881114698366e-11
3.622200000000000131e+01 8.241864574349481253e-11
3.695300000000000296e+01 7.607662937311312426e-11
3.770000000000000284e+01 7.022746972146086099e-11
3.846200000000000330e+01 6.483473015402112128e-11
3.923899999999999721e+01 5.986380358494011621e-11
4.003099999999999881e+01 5.528141865844255931e-11
4.084000000000000341e+01 5.105350344386642878e-11
4.166499999999999915e+01 4.715354886203300777e-11
4.250699999999999790e+01 4.354948363495094643e-11
4.336500000000000199e+01 4.022210832051939445e-11
4.424099999999999966e+01 3.714429977999783035e-11
4.513499999999999801e+01 3.430257347342774342e-11
4.604699999999999704e+01 3.167410086397427880e-11
4.697699999999999676e+01 2.924156945917285810e-11
4.792600000000000193e+01 2.699189540142390165e-11
4.889399999999999835e+01 2.490995887885806163e-11
4.988199999999999790e+01 2.298737587944713076e-11
5.089000000000000057e+01 2.121049304677623377e-11
5.191799999999999926e+01 1.956848134349107470e-11
5.296600000000000108e+01 1.805389221556886349e-11
5.403600000000000136e+01 1.665736953018470009e-11
5.512800000000000011e+01 1.536840727653448465e-11
5.624199999999999733e+01 1.418129059002349095e-11
5.737800000000000011e+01 1.308629367568750227e-11
5.853699999999999903e+01 1.207717190388170276e-11
5.971999999999999886e+01 1.114824754005041762e-11
6.092600000000000193e+01 1.029194573244032193e-11
6.215699999999999648e+01 9.502221416266206929e-12
6.341199999999999903e+01 8.773480134035423849e-12
6.469299999999999784e+01 8.101462901741935087e-12
6.600000000000000000e+01 7.481316991928939218e-12
6.733400000000000318e+01 6.908793686583990162e-12
6.869400000000000261e+01 6.380369559005619481e-12
7.008199999999999363e+01 5.892145398765291835e-12
7.149699999999999989e+01 5.441254581186593539e-12
7.294199999999999307e+01 5.024752128122063961e-12
7.441500000000000625e+01 4.639789087031223097e-12
7.591800000000000637e+01 4.284239342980054948e-12
7.745199999999999818e+01 3.955620910713105077e-12
7.901699999999999591e+01 3.651879515549195852e-12
8.061299999999999955e+01 3.371244239631336371e-12
8.224099999999999966e+01 3.111760124610591935e-12
8.390300000000000580e+01 2.871950968697297174e-12
8.559799999999999898e+01 2.650285689456646810e-12
8.732699999999999818e+01 2.445551144057099556e-12
8.909099999999999397e+01 2.256212573035614478e-12
9.089100000000000534e+01 2.081446573097018720e-12
9.272700000000000387e+01 1.920152605660479668e-12
9.459999999999999432e+01 1.771368132182265352e-12
9.651099999999999568e+01 1.634200114765485642e-12
9.846099999999999852e+01 1.507769871406235346e-12
1.004500000000000028e+02 1.391321937898250186e-12
1.024800000000000040e+02 1.284009546539379483e-12
1.045499999999999972e+02 1.185298102981029804e-12
1.066599999999999966e+02 1.094419918068647179e-12
1.088199999999999932e+02 1.010716987475834287e-12
1.110100000000000051e+02 9.336057201225740005e-13
1.132600000000000051e+02 8.624460296602215238e-13
1.155400000000000063e+02 7.967564350543073270e-13
1.178799999999999955e+02 7.360972797316421405e-13
1.202600000000000051e+02 6.800908486594282751e-13
1.226899999999999977e+02 6.282786885245901883e-13
1.251700000000000017e+02 5.803217821782178299e-13
1.277000000000000028e+02 5.359343318725882070e-13
1.302800000000000011e+02 4.948561946902654492e-13
1.329099999999999966e+02 4.567889505992400644e-13
1.355900000000000034e+02 4.215990730011587041e-13
1.383300000000000125e+02 3.890649244589628665e-13
1.411299999999999955e+02 3.589829923163256173e-13
1.439799999999999898e+02 3.312066447608616015e-13
1.468899999999999864e+02 3.055485863167036824e-13
1.498499999999999943e+02 2.818707722444981877e-13
1.528799999999999955e+02 2.600271850525361919e-13
1.559699999999999989e+02 2.398822831591915076e-13
1.591200000000000045e+02 2.213176050562068629e-13
1.623300000000000125e+02 2.041860109178103153e-13
1.656100000000000136e+02 1.884003237118964128e-13
1.689600000000000080e+02 1.738392411382925406e-13
1.723700000000000045e+02 1.604260326464110147e-13
1.758499999999999943e+02 1.480437835077865840e-13
1.794099999999999966e+02 1.366289176553982177e-13
1.830300000000000011e+02 1.260970471667797313e-13
1.867299999999999898e+02 1.163852691218130325e-13
1.905000000000000000e+02 1.074265734265734244e-13
1.943499999999999943e+02 9.916076524680265516e-14
1.982800000000000011e+02 9.153619039098148816e-14
2.022800000000000011e+02 8.449977515325082392e-14
2.063700000000000045e+02 7.800736343827485123e-14
2.105399999999999920e+02 7.201812977099236757e-14
2.147899999999999920e+02 6.648527349228611245e-14
2.191299999999999955e+02 6.138340507644352332e-14
2.235600000000000023e+02 5.667200804348510348e-14
2.280699999999999932e+02 5.232283595490672782e-14
2.326800000000000068e+02 4.830705335773616967e-14
