    0.10000E-03    0.19438E+00
    0.10202E-03    0.19822E+00
    0.10408E-03    0.20214E+00
    0.10618E-03    0.20614E+00
    0.10833E-03    0.21022E+00
    0.11052E-03    0.21437E+00
    0.11275E-03    0.21861E+00
    0.11503E-03    0.22293E+00
    0.11735E-03    0.22734E+00
    0.11972E-03    0.23183E+00
    0.12214E-03    0.23642E+00
    0.12461E-03    0.24109E+00
    0.12712E-03    0.24586E+00
    0.12969E-03    0.25072E+00
    0.13231E-03    0.25567E+00
    0.13499E-03    0.26073E+00
    0.13771E-03    0.26588E+00
    0.14049E-03    0.27114E+00
    0.14333E-03    0.27650E+00
    0.14623E-03    0.28197E+00
    0.14918E-03    0.28754E+00
    0.15220E-03    0.29322E+00
    0.15527E-03    0.29902E+00
    0.15841E-03    0.30493E+00
    0.16161E-03    0.31096E+00
    0.16487E-03    0.31711E+00
    0.16820E-03    0.32337E+00
    0.17160E-03    0.32977E+00
    0.17507E-03    0.33628E+00
    0.17860E-03    0.34293E+00
    0.18221E-03    0.34971E+00
    0.18589E-03    0.35662E+00
    0.18965E-03    0.36367E+00
    0.19348E-03    0.37086E+00
    0.19739E-03    0.37819E+00
    0.20138E-03    0.38566E+00
    0.20544E-03    0.39329E+00
    0.20959E-03    0.40106E+00
    0.21383E-03    0.40899E+00
    0.21815E-03    0.41707E+00
    0.22255E-03    0.42531E+00
    0.22705E-03    0.43372E+00
    0.23164E-03    0.44229E+00
    0.23632E-03    0.45103E+00
    0.24109E-03    0.45994E+00
    0.24596E-03    0.46903E+00
    0.25093E-03    0.47830E+00
    0.25600E-03    0.48775E+00
    0.26117E-03    0.49739E+00
    0.26645E-03    0.50722E+00
    0.27183E-03    0.51724E+00
    0.27732E-03    0.52746E+00
    0.28292E-03    0.53788E+00
    0.28864E-03    0.54850E+00
    0.29447E-03    0.55934E+00
    0.30042E-03    0.57039E+00
    0.30649E-03    0.58166E+00
    0.31268E-03    0.59315E+00
    0.31899E-03    0.60486E+00
    0.32544E-03    0.61681E+00
    0.33201E-03    0.62899E+00
    0.33872E-03    0.64141E+00
    0.34556E-03    0.65408E+00
    0.35254E-03    0.66700E+00
    0.35966E-03    0.68017E+00
    0.36693E-03    0.69360E+00
    0.37434E-03    0.70730E+00
    0.38190E-03    0.72126E+00
    0.38962E-03    0.73550E+00
    0.39749E-03    0.75002E+00
    0.40552E-03    0.76483E+00
    0.41371E-03    0.77992E+00
    0.42207E-03    0.79532E+00
    0.43060E-03    0.81101E+00
    0.43929E-03    0.82702E+00
    0.44817E-03    0.84334E+00
    0.45722E-03    0.85998E+00
    0.46646E-03    0.87694E+00
    0.47588E-03    0.89424E+00
    0.48550E-03    0.91188E+00
    0.49530E-03    0.92987E+00
    0.50531E-03    0.94821E+00
    0.51552E-03    0.96691E+00
    0.52593E-03    0.98597E+00
    0.53656E-03    0.10054E+01
    0.54739E-03    0.10252E+01
    0.55845E-03    0.10454E+01
    0.56973E-03    0.10660E+01
    0.58124E-03    0.10870E+01
    0.59299E-03    0.11085E+01
    0.60496E-03    0.11303E+01
    0.61719E-03    0.11526E+01
    0.62965E-03    0.11753E+01
    0.64237E-03    0.11984E+01
    0.65535E-03    0.12220E+01
    0.66859E-03    0.12461E+01
    0.68210E-03    0.12706E+01
    0.69588E-03    0.12956E+01
    0.70993E-03    0.13211E+01
    0.72427E-03    0.13470E+01
    0.73891E-03    0.13735E+01
    0.75383E-03    0.14005E+01
    0.76906E-03    0.14281E+01
    0.78460E-03    0.14561E+01
    0.80045E-03    0.14847E+01
    0.81662E-03    0.15139E+01
    0.83311E-03    0.15436E+01
    0.84994E-03    0.15739E+01
    0.86711E-03    0.16048E+01
    0.88463E-03    0.16363E+01
    0.90250E-03    0.16684E+01
    0.92073E-03    0.17011E+01
    0.93933E-03    0.17344E+01
    0.95831E-03    0.17684E+01
    0.97767E-03    0.18030E+01
    0.99742E-03    0.18383E+01
    0.10176E-02    0.18743E+01
    0.10381E-02    0.19110E+01
    0.10591E-02    0.19483E+01
    0.10805E-02    0.19864E+01
    0.11023E-02    0.20252E+01
    0.11246E-02    0.20647E+01
    0.11473E-02    0.21050E+01
    0.11705E-02    0.21461E+01
    0.11941E-02    0.21879E+01
    0.12182E-02    0.22306E+01
    0.12429E-02    0.22740E+01
    0.12680E-02    0.23182E+01
    0.12936E-02    0.23633E+01
    0.13197E-02    0.24092E+01
    0.13464E-02    0.24560E+01
    0.13736E-02    0.25037E+01
    0.14013E-02    0.25522E+01
    0.14296E-02    0.26017E+01
    0.14585E-02    0.26520E+01
    0.14880E-02    0.27033E+01
    0.15180E-02    0.27556E+01
    0.15487E-02    0.28088E+01
    0.15800E-02    0.28629E+01
    0.16119E-02    0.29181E+01
    0.16445E-02    0.29743E+01
    0.16777E-02    0.30315E+01
    0.17116E-02    0.30897E+01
    0.17462E-02    0.31490E+01
    0.17814E-02    0.32093E+01
    0.18174E-02    0.32708E+01
    0.18541E-02    0.33333E+01
    0.18916E-02    0.33969E+01
    0.19298E-02    0.34617E+01
    0.19688E-02    0.35276E+01
    0.20086E-02    0.35946E+01
    0.20491E-02    0.36629E+01
    0.20905E-02    0.37323E+01
    0.21328E-02    0.38029E+01
    0.21758E-02    0.38747E+01
    0.22198E-02    0.39477E+01
    0.22646E-02    0.40220E+01
    0.23104E-02    0.40975E+01
    0.23571E-02    0.41743E+01
    0.24047E-02    0.42523E+01
    0.24533E-02    0.43317E+01
    0.25028E-02    0.44123E+01
    0.25534E-02    0.44943E+01
    0.26050E-02    0.45776E+01
    0.26576E-02    0.46622E+01
    0.27113E-02    0.47482E+01
    0.27660E-02    0.48355E+01
    0.28219E-02    0.49242E+01
    0.28789E-02    0.50142E+01
    0.29371E-02    0.51056E+01
    0.29964E-02    0.51984E+01
    0.30569E-02    0.52926E+01
    0.31187E-02    0.53882E+01
    0.31817E-02    0.54852E+01
    0.32460E-02    0.55836E+01
    0.33115E-02    0.56833E+01
    0.33784E-02    0.57845E+01
    0.34467E-02    0.58871E+01
    0.35163E-02    0.59911E+01
    0.35874E-02    0.60965E+01
    0.36598E-02    0.62033E+01
    0.37338E-02    0.63115E+01
    0.38092E-02    0.64211E+01
    0.38861E-02    0.65320E+01
    0.39646E-02    0.66444E+01
    0.40447E-02    0.67581E+01
    0.41264E-02    0.68731E+01
    0.42098E-02    0.69895E+01
    0.42948E-02    0.71072E+01
    0.43816E-02    0.72263E+01
    0.44701E-02    0.73466E+01
    0.45604E-02    0.74682E+01
    0.46525E-02    0.75911E+01
    0.47465E-02    0.77152E+01
    0.48424E-02    0.78405E+01
    0.49402E-02    0.79670E+01
    0.50400E-02    0.80947E+01
    0.51419E-02    0.82235E+01
    0.52457E-02    0.83534E+01
    0.53517E-02    0.84844E+01
    0.54598E-02    0.86164E+01
    0.55701E-02    0.87495E+01
    0.56826E-02    0.88835E+01
    0.57974E-02    0.90184E+01
    0.59145E-02    0.91542E+01
    0.60340E-02    0.92908E+01
    0.61559E-02    0.94283E+01
    0.62803E-02    0.95664E+01
    0.64072E-02    0.97053E+01
    0.65366E-02    0.98448E+01
    0.66686E-02    0.99849E+01
    0.68033E-02    0.10125E+02
    0.69408E-02    0.10267E+02
    0.70810E-02    0.10408E+02
    0.72240E-02    0.10550E+02
    0.73700E-02    0.10692E+02
    0.75189E-02    0.10834E+02
    0.76708E-02    0.10976E+02
    0.78257E-02    0.11118E+02
    0.79838E-02    0.11260E+02
    0.81451E-02    0.11402E+02
    0.83096E-02    0.11544E+02
    0.84775E-02    0.11685E+02
    0.86488E-02    0.11826E+02
    0.88235E-02    0.11966E+02
    0.90017E-02    0.12106E+02
    0.91836E-02    0.12244E+02
    0.93691E-02    0.12382E+02
    0.95583E-02    0.12518E+02
    0.97514E-02    0.12654E+02
    0.99484E-02    0.12787E+02
    0.10149E-01    0.12920E+02
    0.10354E-01    0.13050E+02
    0.10564E-01    0.13179E+02
    0.10777E-01    0.13305E+02
    0.10995E-01    0.13430E+02
    0.11217E-01    0.13552E+02
    0.11443E-01    0.13671E+02
    0.11675E-01    0.13788E+02
    0.11910E-01    0.13902E+02
    0.12151E-01    0.14012E+02
    0.12397E-01    0.14119E+02
    0.12647E-01    0.14223E+02
    0.12902E-01    0.14323E+02
    0.13163E-01    0.14419E+02
    0.13429E-01    0.14511E+02
    0.13700E-01    0.14598E+02
    0.13977E-01    0.14681E+02
    0.14259E-01    0.14759E+02
    0.14547E-01    0.14832E+02
    0.14841E-01    0.14900E+02
    0.15141E-01    0.14962E+02
    0.15447E-01    0.15019E+02
    0.15759E-01    0.15069E+02
    0.16077E-01    0.15114E+02
    0.16402E-01    0.15151E+02
    0.16734E-01    0.15183E+02
    0.17072E-01    0.15207E+02
    0.17416E-01    0.15225E+02
    0.17768E-01    0.15235E+02
    0.18127E-01    0.15237E+02
    0.18493E-01    0.15232E+02
    0.18867E-01    0.15220E+02
    0.19248E-01    0.15199E+02
    0.19637E-01    0.15170E+02
    0.20034E-01    0.15133E+02
    0.20438E-01    0.15087E+02
    0.20851E-01    0.15033E+02
    0.21272E-01    0.14971E+02
    0.21702E-01    0.14899E+02
    0.22141E-01    0.14820E+02
    0.22588E-01    0.14731E+02
    0.23044E-01    0.14634E+02
    0.23510E-01    0.14528E+02
    0.23985E-01    0.14414E+02
    0.24469E-01    0.14291E+02
    0.24964E-01    0.14160E+02
    0.25468E-01    0.14020E+02
    0.25982E-01    0.13873E+02
    0.26507E-01    0.13718E+02
    0.27043E-01    0.13555E+02
    0.27589E-01    0.13386E+02
    0.28146E-01    0.13209E+02
    0.28715E-01    0.13026E+02
    0.29295E-01    0.12837E+02
    0.29887E-01    0.12642E+02
    0.30490E-01    0.12442E+02
    0.31106E-01    0.12237E+02
    0.31735E-01    0.12029E+02
    0.32376E-01    0.11816E+02
    0.33030E-01    0.11601E+02
    0.33697E-01    0.11383E+02
    0.34378E-01    0.11163E+02
    0.35072E-01    0.10942E+02
    0.35781E-01    0.10720E+02
    0.36504E-01    0.10499E+02
    0.37241E-01    0.10278E+02
    0.37993E-01    0.10058E+02
    0.38761E-01    0.98401E+01
    0.39544E-01    0.96245E+01
    0.40343E-01    0.94119E+01
    0.41158E-01    0.92028E+01
    0.41989E-01    0.89976E+01
    0.42838E-01    0.87968E+01
    0.43703E-01    0.86008E+01
    0.44586E-01    0.84099E+01
    0.45486E-01    0.82244E+01
    0.46405E-01    0.80445E+01
    0.47343E-01    0.78703E+01
    0.48299E-01    0.77019E+01
    0.49275E-01    0.75393E+01
    0.50270E-01    0.73824E+01
    0.51286E-01    0.72311E+01
    0.52322E-01    0.70850E+01
    0.53379E-01    0.69440E+01
    0.54457E-01    0.68075E+01
    0.55557E-01    0.66751E+01
    0.56680E-01    0.65463E+01
    0.57825E-01    0.64203E+01
    0.58993E-01    0.62966E+01
    0.60184E-01    0.61744E+01
    0.61400E-01    0.60530E+01
    0.62641E-01    0.59316E+01
    0.63906E-01    0.58095E+01
    0.65197E-01    0.56858E+01
    0.66514E-01    0.55600E+01
    0.67858E-01    0.54315E+01
    0.69229E-01    0.52996E+01
    0.70627E-01    0.51641E+01
    0.72054E-01    0.50247E+01
    0.73510E-01    0.48813E+01
    0.74994E-01    0.47340E+01
    0.76509E-01    0.45833E+01
    0.78055E-01    0.44296E+01
    0.79632E-01    0.42737E+01
    0.81241E-01    0.41165E+01
    0.82882E-01    0.39590E+01
    0.84556E-01    0.38025E+01
    0.86264E-01    0.36482E+01
    0.88007E-01    0.34975E+01
    0.89785E-01    0.33517E+01
    0.91598E-01    0.32120E+01
    0.93449E-01    0.30795E+01
    0.95337E-01    0.29552E+01
    0.97263E-01    0.28399E+01
    0.99227E-01    0.27339E+01
    0.10123E+00    0.26377E+01
    0.10328E+00    0.25511E+01
    0.10536E+00    0.24737E+01
    0.10749E+00    0.24048E+01
    0.10966E+00    0.23435E+01
    0.11188E+00    0.22886E+01
    0.11414E+00    0.22384E+01
    0.11644E+00    0.21915E+01
    0.11880E+00    0.21460E+01
    0.12120E+00    0.21002E+01
    0.12365E+00    0.20524E+01
    0.12614E+00    0.20012E+01
    0.12869E+00    0.19455E+01
    0.13129E+00    0.18848E+01
    0.13394E+00    0.18191E+01
    0.13665E+00    0.17487E+01
    0.13941E+00    0.16748E+01
    0.14223E+00    0.15987E+01
    0.14510E+00    0.15223E+01
    0.14803E+00    0.14476E+01
    0.15102E+00    0.13764E+01
    0.15407E+00    0.13104E+01
    0.15718E+00    0.12508E+01
    0.16036E+00    0.11984E+01
    0.16360E+00    0.11534E+01
    0.16690E+00    0.11155E+01
    0.17028E+00    0.10836E+01
    0.17371E+00    0.10562E+01
    0.17722E+00    0.10317E+01
    0.18080E+00    0.10080E+01
    0.18446E+00    0.98336E+00
    0.18818E+00    0.95608E+00
    0.19198E+00    0.92523E+00
    0.19586E+00    0.89058E+00
    0.19982E+00    0.85266E+00
    0.20386E+00    0.81265E+00
    0.20797E+00    0.77220E+00
    0.21218E+00    0.73315E+00
    0.21646E+00    0.69711E+00
    0.22083E+00    0.66524E+00
    0.22530E+00    0.63806E+00
    0.22985E+00    0.61539E+00
    0.23449E+00    0.59636E+00
    0.23923E+00    0.57960E+00
    0.24406E+00    0.56357E+00
    0.24899E+00    0.54682E+00
    0.25402E+00    0.52832E+00
    0.25915E+00    0.50772E+00
    0.26439E+00    0.48544E+00
    0.26973E+00    0.46243E+00
    0.27518E+00    0.43996E+00
    0.28074E+00    0.41922E+00
    0.28641E+00    0.40095E+00
    0.29219E+00    0.38530E+00
    0.29810E+00    0.37183E+00
    0.30412E+00    0.35963E+00
    0.31026E+00    0.34770E+00
    0.31653E+00    0.33520E+00
    0.32292E+00    0.32179E+00
    0.32945E+00    0.30770E+00
    0.33610E+00    0.29353E+00
    0.34289E+00    0.28008E+00
    0.34982E+00    0.26788E+00
    0.35689E+00    0.25709E+00
    0.36409E+00    0.24744E+00
    0.37145E+00    0.23836E+00
    0.37895E+00    0.22931E+00
    0.38661E+00    0.21999E+00
    0.39442E+00    0.21048E+00
    0.40239E+00    0.20110E+00
    0.41052E+00    0.19226E+00
    0.41881E+00    0.18416E+00
    0.42727E+00    0.17675E+00
    0.43590E+00    0.16977E+00
    0.44471E+00    0.16293E+00
    0.45369E+00    0.15609E+00
    0.46286E+00    0.14932E+00
    0.47221E+00    0.14280E+00
    0.48174E+00    0.13669E+00
    0.49148E+00    0.13098E+00
    0.50141E+00    0.12557E+00
    0.51153E+00    0.12032E+00
    0.52187E+00    0.11517E+00
    0.53241E+00    0.11018E+00
    0.54317E+00    0.10541E+00
    0.55414E+00    0.10090E+00
    0.56533E+00    0.96622E-01
    0.57675E+00    0.92498E-01
    0.58840E+00    0.88502E-01
    0.60029E+00    0.84653E-01
    0.61242E+00    0.80979E-01
    0.62479E+00    0.77480E-01
    0.63741E+00    0.74126E-01
    0.65029E+00    0.70909E-01
    0.66342E+00    0.67822E-01
    0.67683E+00    0.64862E-01
    0.69050E+00    0.62025E-01
    0.70445E+00    0.59306E-01
    0.71868E+00    0.56701E-01
    0.73320E+00    0.54206E-01
    0.74801E+00    0.51816E-01
    0.76312E+00    0.49529E-01
    0.77854E+00    0.47339E-01
    0.79426E+00    0.45243E-01
    0.81031E+00    0.43236E-01
    0.82668E+00    0.41316E-01
    0.84338E+00    0.39478E-01
    0.86041E+00    0.37718E-01
    0.87780E+00    0.36035E-01
    0.89553E+00    0.34424E-01
    0.91362E+00    0.32883E-01
    0.93208E+00    0.31408E-01
    0.95091E+00    0.29997E-01
    0.97011E+00    0.28647E-01
    0.98971E+00    0.27356E-01
    0.10097E+01    0.26121E-01
    0.10301E+01    0.24940E-01
    0.10509E+01    0.23810E-01
    0.10721E+01    0.22730E-01
    0.10938E+01    0.21698E-01
    0.11159E+01    0.20711E-01
    0.11384E+01    0.19767E-01
    0.11614E+01    0.18866E-01
    0.11849E+01    0.18004E-01
    0.12088E+01    0.17180E-01
    0.12333E+01    0.16393E-01
    0.12582E+01    0.15641E-01
    0.12836E+01    0.14922E-01
    0.13095E+01    0.14235E-01
    0.13360E+01    0.13580E-01
    0.13630E+01    0.12953E-01
    0.13905E+01    0.12355E-01
    0.14186E+01    0.11783E-01
    0.14472E+01    0.11237E-01
    0.14765E+01    0.10716E-01
    0.15063E+01    0.10218E-01
    0.15367E+01    0.97427E-02
    0.15678E+01    0.92890E-02
    0.15994E+01    0.88558E-02
    0.16318E+01    0.84423E-02
    0.16647E+01    0.80476E-02
    0.16984E+01    0.76709E-02
    0.17327E+01    0.73114E-02
    0.17677E+01    0.69683E-02
    0.18034E+01    0.66409E-02
    0.18398E+01    0.63285E-02
    0.18770E+01    0.60305E-02
    0.19149E+01    0.57461E-02
    0.19536E+01    0.54748E-02
    0.19930E+01    0.52161E-02
    0.20333E+01    0.49692E-02
    0.20744E+01    0.47338E-02
    0.21163E+01    0.45092E-02
    0.21590E+01    0.42951E-02
    0.22026E+01    0.40909E-02
    0.22471E+01    0.38962E-02
    0.22925E+01    0.37106E-02
    0.23388E+01    0.35336E-02
    0.23861E+01    0.33648E-02
    0.24343E+01    0.32040E-02
    0.24835E+01    0.30507E-02
    0.25336E+01    0.29045E-02
    0.25848E+01    0.27652E-02
    0.26370E+01    0.26325E-02
    0.26903E+01    0.25060E-02
    0.27447E+01    0.23854E-02
    0.28001E+01    0.22706E-02
    0.28567E+01    0.21611E-02
    0.29144E+01    0.20568E-02
    0.29733E+01    0.19575E-02
    0.30333E+01    0.18629E-02
    0.30946E+01    0.17727E-02
    0.31571E+01    0.16868E-02
    0.32209E+01    0.16050E-02
    0.32860E+01    0.15271E-02
    0.33523E+01    0.14529E-02
    0.34201E+01    0.13822E-02
    0.34892E+01    0.13149E-02
    0.35596E+01    0.12509E-02
    0.36316E+01    0.11899E-02
    0.37049E+01    0.11318E-02
    0.37798E+01    0.10765E-02
    0.38561E+01    0.10238E-02
    0.39340E+01    0.97370E-03
    0.40135E+01    0.92600E-03
    0.40946E+01    0.88059E-03
    0.41773E+01    0.83737E-03
    0.42617E+01    0.79624E-03
    0.43478E+01    0.75710E-03
    0.44356E+01    0.71985E-03
    0.45252E+01    0.68441E-03
    0.46166E+01    0.65069E-03
    0.47099E+01    0.61860E-03
    0.48050E+01    0.58807E-03
    0.49021E+01    0.55903E-03
    0.50011E+01    0.53139E-03
    0.51021E+01    0.50510E-03
    0.52052E+01    0.48009E-03
    0.53104E+01    0.45630E-03
    0.54176E+01    0.43366E-03
    0.55271E+01    0.41213E-03
    0.56387E+01    0.39165E-03
    0.57526E+01    0.37217E-03
    0.58689E+01    0.35365E-03
    0.59874E+01    0.33603E-03
    0.61084E+01    0.31927E-03
    0.62318E+01    0.30334E-03
    0.63577E+01    0.28820E-03
    0.64861E+01    0.27379E-03
    0.66171E+01    0.26010E-03
    0.67508E+01    0.24709E-03
    0.68872E+01    0.23472E-03
    0.70263E+01    0.22296E-03
    0.71682E+01    0.21178E-03
    0.73130E+01    0.20116E-03
    0.74608E+01    0.19106E-03
    0.76115E+01    0.18146E-03
    0.77653E+01    0.17234E-03
    0.79221E+01    0.16367E-03
    0.80822E+01    0.15544E-03
    0.82454E+01    0.14761E-03
    0.84120E+01    0.14017E-03
    0.85819E+01    0.13310E-03
    0.87553E+01    0.12639E-03
    0.89322E+01    0.12000E-03
    0.91126E+01    0.11394E-03
    0.92967E+01    0.10818E-03
    0.94845E+01    0.10271E-03
    0.96761E+01    0.97507E-04
    0.98716E+01    0.92568E-04
    0.10071E+02    0.87876E-04
    0.10274E+02    0.83418E-04
    0.10482E+02    0.79184E-04
    0.10694E+02    0.75163E-04
    0.10910E+02    0.71343E-04
    0.11130E+02    0.67715E-04
    0.11355E+02    0.64270E-04
    0.11584E+02    0.60998E-04
    0.11818E+02    0.57891E-04
    0.12057E+02    0.54940E-04
    0.12301E+02    0.52138E-04
    0.12549E+02    0.49477E-04
    0.12803E+02    0.46950E-04
    0.13061E+02    0.44552E-04
    0.13325E+02    0.42274E-04
    0.13594E+02    0.40112E-04
    0.13869E+02    0.38059E-04
    0.14149E+02    0.36110E-04
    0.14435E+02    0.34260E-04
    0.14727E+02    0.32504E-04
    0.15024E+02    0.30837E-04
    0.15328E+02    0.29255E-04
    0.15637E+02    0.27753E-04
    0.15953E+02    0.26327E-04
    0.16275E+02    0.24974E-04
    0.16604E+02    0.23690E-04
    0.16940E+02    0.22471E-04
    0.17282E+02    0.21315E-04
    0.17631E+02    0.20217E-04
    0.17987E+02    0.19175E-04
    0.18351E+02    0.18187E-04
    0.18721E+02    0.17249E-04
    0.19099E+02    0.16359E-04
    0.19485E+02    0.15514E-04
    0.19879E+02    0.14713E-04
    0.20280E+02    0.13953E-04
    0.20690E+02    0.13231E-04
    0.21108E+02    0.12547E-04
    0.21535E+02    0.11897E-04
    0.21970E+02    0.11281E-04
    0.22413E+02    0.10697E-04
    0.22866E+02    0.10143E-04
    0.23328E+02    0.96166E-05
    0.23799E+02    0.91178E-05
    0.24280E+02    0.86446E-05
    0.24771E+02    0.81957E-05
    0.25271E+02    0.77700E-05
    0.25782E+02    0.73662E-05
    0.26302E+02    0.69832E-05
    0.26834E+02    0.66199E-05
    0.27376E+02    0.62754E-05
    0.27929E+02    0.59487E-05
    0.28493E+02    0.56389E-05
    0.29069E+02    0.53450E-05
    0.29656E+02    0.50664E-05
    0.30255E+02    0.48021E-05
    0.30866E+02    0.45516E-05
    0.31490E+02    0.43140E-05
    0.32126E+02    0.40887E-05
    0.32775E+02    0.38751E-05
    0.33437E+02    0.36725E-05
    0.34112E+02    0.34805E-05
    0.34801E+02    0.32984E-05
    0.35504E+02    0.31258E-05
    0.36222E+02    0.29621E-05
    0.36953E+02    0.28069E-05
    0.37700E+02    0.26599E-05
    0.38462E+02    0.25204E-05
    0.39239E+02    0.23882E-05
    0.40031E+02    0.22629E-05
    0.40840E+02    0.21441E-05
    0.41665E+02    0.20315E-05
    0.42507E+02    0.19248E-05
    0.43365E+02    0.18237E-05
    0.44241E+02    0.17278E-05
    0.45135E+02    0.16369E-05
    0.46047E+02    0.15508E-05
    0.46977E+02    0.14691E-05
    0.47926E+02    0.13918E-05
    0.48894E+02    0.13185E-05
    0.49882E+02    0.12490E-05
    0.50890E+02    0.11831E-05
    0.51918E+02    0.11207E-05
    0.52966E+02    0.10616E-05
    0.54036E+02    0.10055E-05
    0.55128E+02    0.95245E-06
    0.56242E+02    0.90213E-06
    0.57378E+02    0.85445E-06
    0.58537E+02    0.80927E-06
    0.59720E+02    0.76647E-06
    0.60926E+02    0.72591E-06
    0.62157E+02    0.68748E-06
    0.63412E+02    0.65107E-06
    0.64693E+02    0.61657E-06
    0.66000E+02    0.58389E-06
    0.67334E+02    0.55293E-06
    0.68694E+02    0.52360E-06
    0.70082E+02    0.49581E-06
    0.71497E+02    0.46949E-06
    0.72942E+02    0.44455E-06
    0.74415E+02    0.42093E-06
    0.75918E+02    0.39855E-06
    0.77452E+02    0.37735E-06
    0.79017E+02    0.35728E-06
    0.80613E+02    0.33826E-06
    0.82241E+02    0.32025E-06
    0.83903E+02    0.30318E-06
    0.85598E+02    0.28703E-06
    0.87327E+02    0.27172E-06
    0.89091E+02    0.25722E-06
    0.90891E+02    0.24350E-06
    0.92727E+02    0.23050E-06
    0.94600E+02    0.21818E-06
    0.96511E+02    0.20652E-06
    0.98461E+02    0.19548E-06
    0.10045E+03    0.18502E-06
    0.10248E+03    0.17512E-06
    0.10455E+03    0.16574E-06
    0.10666E+03    0.15686E-06
    0.10882E+03    0.14845E-06
    0.11101E+03    0.14049E-06
    0.11326E+03    0.13295E-06
    0.11554E+03    0.12581E-06
    0.11788E+03    0.11906E-06
    0.12026E+03    0.11266E-06
    0.12269E+03    0.10660E-06
    0.12517E+03    0.10086E-06
    0.12770E+03    0.95432E-07
    0.13028E+03    0.90292E-07
    0.13291E+03    0.85426E-07
    0.13559E+03    0.80819E-07
    0.13833E+03    0.76459E-07
    0.14113E+03    0.72331E-07
    0.14398E+03    0.68424E-07
    0.14689E+03    0.64725E-07
    0.14985E+03    0.61224E-07
    0.15288E+03    0.57910E-07
    0.15597E+03    0.54772E-07
    0.15912E+03    0.51802E-07
    0.16233E+03    0.48990E-07
    0.16561E+03    0.46329E-07
    0.16896E+03    0.43810E-07
    0.17237E+03    0.41425E-07
    0.17585E+03    0.39169E-07
    0.17941E+03    0.37034E-07
    0.18303E+03    0.35014E-07
    0.18673E+03    0.33103E-07
    0.19050E+03    0.31296E-07
    0.19435E+03    0.29587E-07
    0.19828E+03    0.27971E-07
    0.20228E+03    0.26443E-07
