#           k/h    P           
    0.10000E-03    0.33767E+00
    0.10202E-03    0.34433E+00
    0.10408E-03    0.35112E+00
    0.10618E-03    0.35804E+00
    0.10833E-03    0.36510E+00
    0.11052E-03    0.37229E+00
    0.11275E-03    0.37963E+00
    0.11503E-03    0.38711E+00
    0.11735E-03    0.39474E+00
    0.11972E-03    0.40251E+00
    0.12214E-03    0.41044E+00
    0.12461E-03    0.41852E+00
    0.12712E-03    0.42676E+00
    0.12969E-03    0.43516E+00
    0.13231E-03    0.44373E+00
    0.13499E-03    0.45246E+00
    0.13771E-03    0.46136E+00
    0.14049E-03    0.47044E+00
    0.14333E-03    0.47969E+00
    0.14623E-03    0.48912E+00
    0.14918E-03    0.49873E+00
    0.15220E-03    0.50854E+00
    0.15527E-03    0.51853E+00
    0.15841E-03    0.52871E+00
    0.16161E-03    0.53909E+00
    0.16487E-03    0.54968E+00
    0.16820E-03    0.56047E+00
    0.17160E-03    0.57146E+00
    0.17507E-03    0.58267E+00
    0.17860E-03    0.59410E+00
    0.18221E-03    0.60574E+00
    0.18589E-03    0.61761E+00
    0.18965E-03    0.62971E+00
    0.19348E-03    0.64203E+00
    0.19739E-03    0.65460E+00
    0.20138E-03    0.66740E+00
    0.20544E-03    0.68045E+00
    0.20959E-03    0.69375E+00
    0.21383E-03    0.70731E+00
    0.21815E-03    0.72112E+00
    0.22255E-03    0.73519E+00
    0.22705E-03    0.74953E+00
    0.23164E-03    0.76414E+00
    0.23632E-03    0.77903E+00
    0.24109E-03    0.79420E+00
    0.24596E-03    0.80965E+00
    0.25093E-03    0.82540E+00
    0.25600E-03    0.84144E+00
    0.26117E-03    0.85778E+00
    0.26645E-03    0.87442E+00
    0.27183E-03    0.89137E+00
    0.27732E-03    0.90864E+00
    0.28292E-03    0.92623E+00
    0.28864E-03    0.94415E+00
    0.29447E-03    0.96239E+00
    0.30042E-03    0.98097E+00
    0.30649E-03    0.99989E+00
    0.31268E-03    0.10191E+01
    0.31899E-03    0.10388E+01
    0.32544E-03    0.10587E+01
    0.33201E-03    0.10791E+01
    0.33872E-03    0.10998E+01
    0.34556E-03    0.11208E+01
    0.35254E-03    0.11423E+01
    0.35966E-03    0.11641E+01
    0.36693E-03    0.11863E+01
    0.37434E-03    0.12089E+01
    0.38190E-03    0.12319E+01
    0.38962E-03    0.12552E+01
    0.39749E-03    0.12790E+01
    0.40552E-03    0.13032E+01
    0.41371E-03    0.13278E+01
    0.42207E-03    0.13529E+01
    0.43060E-03    0.13783E+01
    0.43929E-03    0.14042E+01
    0.44817E-03    0.14305E+01
    0.45722E-03    0.14572E+01
    0.46646E-03    0.14844E+01
    0.47588E-03    0.15120E+01
    0.48550E-03    0.15401E+01
    0.49530E-03    0.15685E+01
    0.50531E-03    0.15975E+01
    0.51552E-03    0.16269E+01
    0.52593E-03    0.16567E+01
    0.53656E-03    0.16870E+01
    0.54739E-03    0.17177E+01
    0.55845E-03    0.17489E+01
    0.56973E-03    0.17806E+01
    0.58124E-03    0.18126E+01
    0.59299E-03    0.18452E+01
    0.60496E-03    0.18782E+01
    0.61719E-03    0.19116E+01
    0.62965E-03    0.19455E+01
    0.64237E-03    0.19798E+01
    0.65535E-03    0.20145E+01
    0.66859E-03    0.20497E+01
    0.68210E-03    0.20853E+01
    0.69588E-03    0.21213E+01
    0.70993E-03    0.21577E+01
    0.72427E-03    0.21945E+01
    0.73891E-03    0.22317E+01
    0.75383E-03    0.22693E+01
    0.76906E-03    0.23072E+01
    0.78460E-03    0.23455E+01
    0.80045E-03    0.23841E+01
    0.81662E-03    0.24230E+01
    0.83311E-03    0.24623E+01
    0.84994E-03    0.25018E+01
    0.86711E-03    0.25415E+01
    0.88463E-03    0.25815E+01
    0.90250E-03    0.26217E+01
    0.92073E-03    0.26621E+01
    0.93933E-03    0.27026E+01
    0.95831E-03    0.27432E+01
    0.97767E-03    0.27840E+01
    0.99742E-03    0.28247E+01
    0.10176E-02    0.28655E+01
    0.10381E-02    0.29063E+01
    0.10591E-02    0.29470E+01
    0.10805E-02    0.29876E+01
    0.11023E-02    0.30280E+01
    0.11246E-02    0.30682E+01
    0.11473E-02    0.31081E+01
    0.11705E-02    0.31477E+01
    0.11941E-02    0.31869E+01
    0.12182E-02    0.32257E+01
    0.12429E-02    0.32639E+01
    0.12680E-02    0.33016E+01
    0.12936E-02    0.33386E+01
    0.13197E-02    0.33749E+01
    0.13464E-02    0.34103E+01
    0.13736E-02    0.34449E+01
    0.14013E-02    0.34785E+01
    0.14296E-02    0.35110E+01
    0.14585E-02    0.35424E+01
    0.14880E-02    0.35725E+01
    0.15180E-02    0.36013E+01
    0.15487E-02    0.36286E+01
    0.15800E-02    0.36544E+01
    0.16119E-02    0.36785E+01
    0.16445E-02    0.37008E+01
    0.16777E-02    0.37213E+01
    0.17116E-02    0.37398E+01
    0.17462E-02    0.37562E+01
    0.17814E-02    0.37704E+01
    0.18174E-02    0.37823E+01
    0.18541E-02    0.37918E+01
    0.18916E-02    0.37987E+01
    0.19298E-02    0.38030E+01
    0.19688E-02    0.38045E+01
    0.20086E-02    0.38032E+01
    0.20491E-02    0.37989E+01
    0.20905E-02    0.37915E+01
    0.21328E-02    0.37810E+01
    0.21758E-02    0.37672E+01
    0.22198E-02    0.37501E+01
    0.22646E-02    0.37296E+01
    0.23104E-02    0.37057E+01
    0.23571E-02    0.36782E+01
    0.24047E-02    0.36472E+01
    0.24533E-02    0.36126E+01
    0.25028E-02    0.35744E+01
    0.25534E-02    0.35328E+01
    0.26050E-02    0.34870E+01
    0.26576E-02    0.34376E+01
    0.27113E-02    0.33875E+01
    0.27660E-02    0.33354E+01
    0.28219E-02    0.32773E+01
    0.28789E-02    0.32145E+01
    0.29371E-02    0.31493E+01
    0.29964E-02    0.30811E+01
    0.30569E-02    0.30100E+01
    0.31187E-02    0.29362E+01
    0.31817E-02    0.28601E+01
    0.32460E-02    0.27816E+01
    0.33115E-02    0.27013E+01
    0.33784E-02    0.26191E+01
    0.34467E-02    0.25349E+01
    0.35163E-02    0.24496E+01
    0.35874E-02    0.23638E+01
    0.36598E-02    0.22775E+01
    0.37338E-02    0.21908E+01
    0.38092E-02    0.21042E+01
    0.38861E-02    0.20180E+01
    0.39646E-02    0.19325E+01
    0.40447E-02    0.18479E+01
    0.41264E-02    0.17646E+01
    0.42098E-02    0.16831E+01
    0.42948E-02    0.16034E+01
    0.43816E-02    0.15258E+01
    0.44701E-02    0.14506E+01
    0.45604E-02    0.13780E+01
    0.46525E-02    0.13082E+01
    0.47465E-02    0.12414E+01
    0.48424E-02    0.11777E+01
    0.49402E-02    0.11173E+01
    0.50400E-02    0.10601E+01
    0.51419E-02    0.10063E+01
    0.52457E-02    0.95595E+00
    0.53517E-02    0.90892E+00
    0.54598E-02    0.86523E+00
    0.55701E-02    0.82480E+00
    0.56826E-02    0.78754E+00
    0.57974E-02    0.75334E+00
    0.59145E-02    0.72206E+00
    0.60340E-02    0.69353E+00
    0.61559E-02    0.66757E+00
    0.62803E-02    0.64398E+00
    0.64072E-02    0.62256E+00
    0.65366E-02    0.60308E+00
    0.66686E-02    0.58529E+00
    0.68033E-02    0.56897E+00
    0.69408E-02    0.55384E+00
    0.70810E-02    0.53967E+00
    0.72240E-02    0.52620E+00
    0.73700E-02    0.51318E+00
    0.75189E-02    0.50039E+00
    0.76708E-02    0.48761E+00
    0.78257E-02    0.47466E+00
    0.79838E-02    0.46137E+00
    0.81451E-02    0.44762E+00
    0.83096E-02    0.43334E+00
    0.84775E-02    0.41849E+00
    0.86488E-02    0.40308E+00
    0.88235E-02    0.38716E+00
    0.90017E-02    0.37083E+00
    0.91836E-02    0.35423E+00
    0.93691E-02    0.33751E+00
    0.95583E-02    0.32086E+00
    0.97514E-02    0.30446E+00
    0.99484E-02    0.28849E+00
    0.10149E-01    0.27312E+00
    0.10354E-01    0.25849E+00
    0.10564E-01    0.24471E+00
    0.10777E-01    0.23186E+00
    0.10995E-01    0.21997E+00
    0.11217E-01    0.20903E+00
    0.11443E-01    0.19899E+00
    0.11675E-01    0.18977E+00
    0.11910E-01    0.18125E+00
    0.12151E-01    0.17332E+00
    0.12397E-01    0.16582E+00
    0.12647E-01    0.15862E+00
    0.12902E-01    0.15160E+00
    0.13163E-01    0.14465E+00
    0.13429E-01    0.13772E+00
    0.13700E-01    0.13076E+00
    0.13977E-01    0.12378E+00
    0.14259E-01    0.11685E+00
    0.14547E-01    0.11003E+00
    0.14841E-01    0.10341E+00
    0.15141E-01    0.97087E-01
    0.15447E-01    0.91140E-01
    0.15759E-01    0.85626E-01
    0.16077E-01    0.80568E-01
    0.16402E-01    0.75955E-01
    0.16734E-01    0.71741E-01
    0.17072E-01    0.67856E-01
    0.17416E-01    0.64211E-01
    0.17768E-01    0.60718E-01
    0.18127E-01    0.57300E-01
    0.18493E-01    0.53907E-01
    0.18867E-01    0.50521E-01
    0.19248E-01    0.47163E-01
    0.19637E-01    0.43878E-01
    0.20034E-01    0.40731E-01
    0.20438E-01    0.37785E-01
    0.20851E-01    0.35090E-01
    0.21272E-01    0.32666E-01
    0.21702E-01    0.30506E-01
    0.22141E-01    0.28571E-01
    0.22588E-01    0.26804E-01
    0.23044E-01    0.25142E-01
    0.23510E-01    0.23527E-01
    0.23985E-01    0.21927E-01
    0.24469E-01    0.20331E-01
    0.24964E-01    0.18761E-01
    0.25468E-01    0.17251E-01
    0.25982E-01    0.15842E-01
    0.26507E-01    0.14564E-01
    0.27043E-01    0.13433E-01
    0.27589E-01    0.12439E-01
    0.28146E-01    0.11561E-01
    0.28715E-01    0.10760E-01
    0.29295E-01    0.10003E-01
    0.29887E-01    0.92590E-02
    0.30490E-01    0.85180E-02
    0.31106E-01    0.77847E-02
    0.31735E-01    0.70802E-02
    0.32376E-01    0.64282E-02
    0.33030E-01    0.58479E-02
    0.33697E-01    0.53402E-02
    0.34378E-01    0.48913E-02
    0.35072E-01    0.44709E-02
    0.35781E-01    0.40548E-02
    0.36504E-01    0.36318E-02
    0.37241E-01    0.32220E-02
    0.37993E-01    0.28542E-02
    0.38761E-01    0.25574E-02
    0.39544E-01    0.23307E-02
    0.40343E-01    0.21505E-02
    0.41158E-01    0.19803E-02
    0.41989E-01    0.17970E-02
    0.42838E-01    0.16098E-02
    0.43703E-01    0.14434E-02
    0.44586E-01    0.13172E-02
    0.45486E-01    0.12208E-02
    0.46405E-01    0.11318E-02
    0.47343E-01    0.10326E-02
    0.48299E-01    0.93269E-03
    0.49275E-01    0.84910E-03
    0.50270E-01    0.78478E-03
    0.51286E-01    0.72347E-03
    0.52322E-01    0.65279E-03
    0.53379E-01    0.58390E-03
    0.54457E-01    0.53298E-03
    0.55557E-01    0.49919E-03
    0.56680E-01    0.46237E-03
    0.57825E-01    0.41459E-03
    0.58993E-01    0.37224E-03
    0.60184E-01    0.34648E-03
    0.61400E-01    0.32552E-03
    0.62641E-01    0.29388E-03
    0.63906E-01    0.25925E-03
    0.65197E-01    0.23684E-03
    0.66514E-01    0.22222E-03
    0.67858E-01    0.20183E-03
    0.69229E-01    0.17881E-03
    0.70627E-01    0.16274E-03
    0.72054E-01    0.14973E-03
    0.73510E-01    0.13382E-03
    0.74994E-01    0.11933E-03
    0.76509E-01    0.10828E-03
    0.78055E-01    0.96978E-04
    0.79632E-01    0.86375E-04
    0.81241E-01    0.78100E-04
    0.82882E-01    0.69646E-04
    0.84556E-01    0.61404E-04
    0.86264E-01    0.55278E-04
    0.88007E-01    0.49812E-04
    0.89785E-01    0.43859E-04
    0.91598E-01    0.39049E-04
    0.93449E-01    0.35672E-04
    0.95337E-01    0.31513E-04
    0.97263E-01    0.28021E-04
    0.99227E-01    0.25992E-04
    0.10123E+00    0.22595E-04
    0.10328E+00    0.20622E-04
    0.10536E+00    0.19154E-04
    0.10749E+00    0.16963E-04
    0.10966E+00    0.15734E-04
    0.11188E+00    0.14183E-04
    0.11414E+00    0.12973E-04
    0.11644E+00    0.11501E-04
    0.11880E+00    0.10759E-04
    0.12120E+00    0.95266E-05
    0.12365E+00    0.87686E-05
    0.12614E+00    0.79070E-05
    0.12869E+00    0.69275E-05
    0.13129E+00    0.63572E-05
    0.13394E+00    0.54885E-05
    0.13665E+00    0.50414E-05
    0.13941E+00    0.43831E-05
    0.14223E+00    0.38942E-05
    0.14510E+00    0.34410E-05
    0.14803E+00    0.30262E-05
    0.15102E+00    0.26772E-05
    0.15407E+00    0.23740E-05
    0.15718E+00    0.21817E-05
    0.16036E+00    0.18802E-05
    0.16360E+00    0.17696E-05
    0.16690E+00    0.15373E-05
    0.17028E+00    0.14188E-05
    0.17371E+00    0.12536E-05
    0.17722E+00    0.11621E-05
    0.18080E+00    0.10290E-05
    0.18446E+00    0.94096E-06
    0.18818E+00    0.84117E-06
    0.19198E+00    0.73978E-06
    0.19586E+00    0.63459E-06
    0.19982E+00    0.58984E-06
    0.20386E+00    0.50374E-06
    0.20797E+00    0.44882E-06
    0.21218E+00    0.40547E-06
    0.21646E+00    0.34160E-06
    0.22083E+00    0.32053E-06
    0.22530E+00    0.28774E-06
    0.22985E+00    0.25463E-06
    0.23449E+00    0.23007E-06
    0.23923E+00    0.20123E-06
    0.24406E+00    0.18201E-06
    0.24899E+00    0.16346E-06
    0.25402E+00    0.14398E-06
    0.25915E+00    0.12488E-06
    0.26439E+00    0.11421E-06
    0.26973E+00    0.10286E-06
    0.27518E+00    0.88114E-07
    0.28074E+00    0.76212E-07
    0.28641E+00    0.66759E-07
    0.29219E+00    0.63234E-07
    0.29810E+00    0.57526E-07
    0.30412E+00    0.49499E-07
    0.31026E+00    0.43171E-07
    0.31653E+00    0.38360E-07
    0.32292E+00    0.34159E-07
    0.32945E+00    0.29531E-07
    0.33610E+00    0.27509E-07
    0.34289E+00    0.24460E-07
    0.34982E+00    0.21526E-07
    0.35689E+00    0.19236E-07
    0.36409E+00    0.17396E-07
    0.37145E+00    0.15577E-07
    0.37895E+00    0.13702E-07
    0.38661E+00    0.11742E-07
    0.39442E+00    0.10346E-07
    0.40239E+00    0.90223E-08
    0.41052E+00    0.82907E-08
    0.41881E+00    0.70829E-08
    0.42727E+00    0.66556E-08
    0.43590E+00    0.57484E-08
    0.44471E+00    0.48575E-08
    0.45369E+00    0.44983E-08
    0.46286E+00    0.39196E-08
    0.47221E+00    0.36631E-08
    0.48174E+00    0.29890E-08
    0.49148E+00    0.28687E-08
    0.50141E+00    0.24500E-08
    0.51153E+00    0.21384E-08
    0.52187E+00    0.20071E-08
    0.53241E+00    0.15881E-08
    0.54317E+00    0.15104E-08
    0.55414E+00    0.13155E-08
    0.56533E+00    0.12018E-08
    0.57675E+00    0.10474E-08
    0.58840E+00    0.94619E-09
    0.60029E+00    0.84753E-09
    0.61242E+00    0.75372E-09
    0.62479E+00    0.66640E-09
    0.63741E+00    0.58655E-09
    0.65029E+00    0.51466E-09
    0.66342E+00    0.45078E-09
    0.67683E+00    0.39466E-09
    0.69050E+00    0.34585E-09
    0.70445E+00    0.30360E-09
    0.71868E+00    0.26692E-09
    0.73320E+00    0.23494E-09
    0.74801E+00    0.20696E-09
    0.76312E+00    0.18240E-09
    0.77854E+00    0.16076E-09
    0.79426E+00    0.14165E-09
    0.81031E+00    0.12474E-09
    0.82668E+00    0.10974E-09
    0.84338E+00    0.96411E-10
    0.86041E+00    0.84580E-10
    0.87780E+00    0.74117E-10
    0.89553E+00    0.64903E-10
    0.91362E+00    0.56816E-10
    0.93208E+00    0.49742E-10
    0.95091E+00    0.43570E-10
    0.97011E+00    0.38198E-10
    0.98971E+00    0.33532E-10
    0.10097E+01    0.29486E-10
    0.10301E+01    0.25983E-10
    0.10509E+01    0.22948E-10
    0.10721E+01    0.20306E-10
    0.10938E+01    0.17996E-10
    0.11159E+01    0.15966E-10
    0.11384E+01    0.14175E-10
    0.11614E+01    0.12589E-10
    0.11849E+01    0.11179E-10
    0.12088E+01    0.99222E-11
    0.12333E+01    0.87987E-11
    0.12582E+01    0.77923E-11
    0.12836E+01    0.68908E-11
    0.13095E+01    0.60862E-11
    0.13360E+01    0.53708E-11
    0.13630E+01    0.47369E-11
    0.13905E+01    0.41769E-11
    0.14186E+01    0.36834E-11
    0.14472E+01    0.32497E-11
    0.14765E+01    0.28692E-11
    0.15063E+01    0.25360E-11
    0.15367E+01    0.22446E-11
    0.15678E+01    0.19897E-11
    0.15994E+01    0.17654E-11
    0.16318E+01    0.15672E-11
    0.16647E+01    0.13910E-11
    0.16984E+01    0.12340E-11
    0.17327E+01    0.10933E-11
    0.17677E+01    0.96707E-12
    0.18034E+01    0.85347E-12
    0.18398E+01    0.75112E-12
    0.18770E+01    0.65884E-12
    0.19149E+01    0.57588E-12
    0.19536E+01    0.50190E-12
    0.19930E+01    0.43642E-12
    0.20333E+01    0.37887E-12
    0.20744E+01    0.32859E-12
    0.21163E+01    0.28489E-12
    0.21590E+01    0.24710E-12
    0.22026E+01    0.21453E-12
    0.22471E+01    0.18656E-12
    0.22925E+01    0.16262E-12
    0.23388E+01    0.14212E-12
    0.23861E+01    0.12448E-12
    0.24343E+01    0.10921E-12
    0.24835E+01    0.95945E-13
    0.25336E+01    0.84351E-13
    0.25848E+01    0.74179E-13
    0.26370E+01    0.65220E-13
    0.26903E+01    0.57304E-13
    0.27447E+01    0.50289E-13
    0.28001E+01    0.44060E-13
    0.28567E+01    0.38533E-13
    0.29144E+01    0.33658E-13
    0.29733E+01    0.29383E-13
    0.30333E+01    0.25654E-13
    0.30946E+01    0.22414E-13
    0.31571E+01    0.19611E-13
    0.32209E+01    0.17193E-13
    0.32860E+01    0.15114E-13
    0.33523E+01    0.13332E-13
    0.34201E+01    0.11806E-13
    0.34892E+01    0.10499E-13
    0.35596E+01    0.93637E-14
    0.36316E+01    0.83663E-14
    0.37049E+01    0.74792E-14
    0.37798E+01    0.66817E-14
    0.38561E+01    0.59579E-14
    0.39340E+01    0.52959E-14
    0.40135E+01    0.46870E-14
    0.40946E+01    0.41251E-14
    0.41773E+01    0.36059E-14
    0.42617E+01    0.31289E-14
    0.43478E+01    0.26969E-14
    0.44356E+01    0.23112E-14
    0.45252E+01    0.19709E-14
    0.46166E+01    0.16740E-14
    0.47099E+01    0.14173E-14
    0.48050E+01    0.11973E-14
    0.49021E+01    0.10100E-14
    0.50011E+01    0.85156E-15
    0.51021E+01    0.71823E-15
    0.52052E+01    0.60656E-15
    0.53104E+01    0.51350E-15
    0.54176E+01    0.43626E-15
    0.55271E+01    0.37238E-15
    0.56387E+01    0.31970E-15
    0.57526E+01    0.27638E-15
    0.58689E+01    0.24087E-15
    0.59874E+01    0.21186E-15
    0.61084E+01    0.18828E-15
    0.62318E+01    0.16925E-15
    0.63577E+01    0.15385E-15
    0.64861E+01    0.14101E-15
    0.66171E+01    0.12987E-15
    0.67508E+01    0.11980E-15
    0.68872E+01    0.11031E-15
    0.70263E+01    0.10105E-15
    0.71682E+01    0.91786E-16
    0.73130E+01    0.82395E-16
    0.74608E+01    0.72854E-16
    0.76115E+01    0.63240E-16
    0.77653E+01    0.53842E-16
    0.79221E+01    0.45136E-16
    0.80822E+01    0.37424E-16
    0.82454E+01    0.30829E-16
    0.84120E+01    0.25345E-16
    0.85819E+01    0.20888E-16
    0.87553E+01    0.17336E-16
    0.89322E+01    0.14553E-16
    0.91126E+01    0.12414E-16
    0.92967E+01    0.10807E-16
    0.94845E+01    0.96219E-17
    0.96761E+01    0.87334E-17
    0.98716E+01    0.80513E-17
    0.10071E+02    0.75112E-17
    0.10274E+02    0.70646E-17
    0.10482E+02    0.66741E-17
    0.10694E+02    0.63098E-17
    0.10910E+02    0.59476E-17
    0.11130E+02    0.55687E-17
    0.11355E+02    0.51600E-17
    0.11584E+02    0.47221E-17
    0.11818E+02    0.42737E-17
    0.12057E+02    0.38317E-17
    0.12301E+02    0.34093E-17
    0.12549E+02    0.30157E-17
    0.12803E+02    0.26564E-17
    0.13061E+02    0.23343E-17
    0.13325E+02    0.20498E-17
    0.13594E+02    0.18019E-17
    0.13869E+02    0.15884E-17
    0.14149E+02    0.14049E-17
    0.14435E+02    0.12443E-17
    0.14727E+02    0.11012E-17
    0.15024E+02    0.97162E-18
    0.15328E+02    0.85282E-18
    0.15637E+02    0.74301E-18
    0.15953E+02    0.64113E-18
    0.16275E+02    0.54671E-18
    0.16604E+02    0.45968E-18
    0.16940E+02    0.38028E-18
    0.17282E+02    0.30953E-18
    0.17631E+02    0.24900E-18
    0.17987E+02    0.19896E-18
    0.18351E+02    0.15870E-18
    0.18721E+02    0.12700E-18
    0.19099E+02    0.10248E-18
    0.19485E+02    0.83808E-19
    0.19879E+02    0.69803E-19
    0.20280E+02    0.59512E-19
    0.20690E+02    0.52197E-19
    0.21108E+02    0.47190E-19
    0.21535E+02    0.43793E-19
    0.21970E+02    0.41512E-19
    0.22413E+02    0.39996E-19
    0.22866E+02    0.38977E-19
    0.23328E+02    0.38231E-19
    0.23799E+02    0.37557E-19
    0.24280E+02    0.36772E-19
    0.24771E+02    0.35706E-19
    0.25271E+02    0.34216E-19
    0.25782E+02    0.32223E-19
    0.26302E+02    0.29738E-19
    0.26834E+02    0.26825E-19
    0.27376E+02    0.23589E-19
    0.27929E+02    0.20168E-19
    0.28493E+02    0.16721E-19
    0.29069E+02    0.13407E-19
    0.29656E+02    0.10370E-19
    0.30255E+02    0.77169E-20
    0.30866E+02    0.55104E-20
    0.31490E+02    0.37853E-20
    0.32126E+02    0.25341E-20
    0.32775E+02    0.16770E-20
    0.33437E+02    0.11127E-20
    0.34112E+02    0.75089E-21
    0.34801E+02    0.52272E-21
    0.35504E+02    0.38074E-21
    0.36222E+02    0.29433E-21
    0.36953E+02    0.24494E-21
    0.37700E+02    0.22256E-21
    0.38462E+02    0.22181E-21
    0.39239E+02    0.23893E-21
    0.40031E+02    0.27343E-21
    0.40840E+02    0.32679E-21
    0.41665E+02    0.40096E-21
    0.42507E+02    0.49649E-21
    0.43365E+02    0.60987E-21
    0.44241E+02    0.73056E-21
    0.45135E+02    0.83892E-21
    0.46047E+02    0.90784E-21
    0.46977E+02    0.91674E-21
    0.47926E+02    0.86805E-21
    0.48894E+02    0.77585E-21
    0.49882E+02    0.65890E-21
    0.50890E+02    0.53525E-21
    0.51918E+02    0.41866E-21
    0.52966E+02    0.31740E-21
    0.54036E+02    0.23479E-21
    0.55128E+02    0.18796E-21
    0.56242E+02    0.18788E-21
    0.57378E+02    0.18780E-21
    0.58537E+02    0.18772E-21
    0.59720E+02    0.18764E-21
    0.60926E+02    0.18756E-21
    0.62157E+02    0.18749E-21
    0.63412E+02    0.18741E-21
    0.64693E+02    0.18733E-21
    0.66000E+02    0.18725E-21
    0.67334E+02    0.18717E-21
    0.68694E+02    0.18709E-21
    0.70082E+02    0.18701E-21
    0.71497E+02    0.18694E-21
    0.72942E+02    0.18686E-21
    0.74415E+02    0.18678E-21
    0.75918E+02    0.18670E-21
    0.77452E+02    0.18662E-21
    0.79017E+02    0.18654E-21
    0.80613E+02    0.18647E-21
    0.82241E+02    0.18639E-21
    0.83903E+02    0.18631E-21
    0.85598E+02    0.18623E-21
    0.87327E+02    0.18615E-21
    0.89091E+02    0.18607E-21
    0.90891E+02    0.18600E-21
    0.92727E+02    0.18592E-21
    0.94600E+02    0.18584E-21
    0.96511E+02    0.18576E-21
    0.98461E+02    0.18568E-21
    0.10045E+03    0.18561E-21
    0.10248E+03    0.18553E-21
    0.10455E+03    0.18545E-21
    0.10666E+03    0.18537E-21
    0.10882E+03    0.18529E-21
    0.11101E+03    0.18522E-21
    0.11326E+03    0.18514E-21
    0.11554E+03    0.18506E-21
    0.11788E+03    0.18498E-21
    0.12026E+03    0.18491E-21
    0.12269E+03    0.18483E-21
    0.12517E+03    0.18475E-21
    0.12770E+03    0.18467E-21
    0.13028E+03    0.18459E-21
    0.13291E+03    0.18452E-21
    0.13559E+03    0.18444E-21
    0.13833E+03    0.18436E-21
    0.14113E+03    0.18429E-21
    0.14398E+03    0.18421E-21
    0.14689E+03    0.18413E-21
    0.14985E+03    0.18405E-21
    0.15288E+03    0.18398E-21
    0.15597E+03    0.18390E-21
    0.15912E+03    0.18382E-21
    0.16233E+03    0.18374E-21
    0.16561E+03    0.18367E-21
    0.16896E+03    0.18359E-21
    0.17237E+03    0.18351E-21
    0.17585E+03    0.18344E-21
    0.17941E+03    0.18336E-21
    0.18303E+03    0.18328E-21
    0.18673E+03    0.18320E-21
    0.19050E+03    0.18313E-21
    0.19435E+03    0.18305E-21
    0.19828E+03    0.18297E-21
    0.20228E+03    0.18290E-21
    0.20637E+03    0.18282E-21
    0.21054E+03    0.18274E-21
    0.21479E+03    0.18267E-21
    0.21913E+03    0.18259E-21
    0.22356E+03    0.18251E-21
