    0.10000E-03    0.25191E+00
    0.10202E-03    0.25689E+00
    0.10408E-03    0.26197E+00
    0.10618E-03    0.26714E+00
    0.10833E-03    0.27243E+00
    0.11052E-03    0.27781E+00
    0.11275E-03    0.28330E+00
    0.11503E-03    0.28890E+00
    0.11735E-03    0.29462E+00
    0.11972E-03    0.30044E+00
    0.12214E-03    0.30638E+00
    0.12461E-03    0.31244E+00
    0.12712E-03    0.31861E+00
    0.12969E-03    0.32491E+00
    0.13231E-03    0.33133E+00
    0.13499E-03    0.33788E+00
    0.13771E-03    0.34456E+00
    0.14049E-03    0.35138E+00
    0.14333E-03    0.35832E+00
    0.14623E-03    0.36540E+00
    0.14918E-03    0.37263E+00
    0.15220E-03    0.37999E+00
    0.15527E-03    0.38750E+00
    0.15841E-03    0.39516E+00
    0.16161E-03    0.40298E+00
    0.16487E-03    0.41094E+00
    0.16820E-03    0.41906E+00
    0.17160E-03    0.42735E+00
    0.17507E-03    0.43579E+00
    0.17860E-03    0.44441E+00
    0.18221E-03    0.45319E+00
    0.18589E-03    0.46215E+00
    0.18965E-03    0.47128E+00
    0.19348E-03    0.48059E+00
    0.19739E-03    0.49009E+00
    0.20138E-03    0.49978E+00
    0.20544E-03    0.50966E+00
    0.20959E-03    0.51973E+00
    0.21383E-03    0.53000E+00
    0.21815E-03    0.54047E+00
    0.22255E-03    0.55115E+00
    0.22705E-03    0.56204E+00
    0.23164E-03    0.57315E+00
    0.23632E-03    0.58447E+00
    0.24109E-03    0.59602E+00
    0.24596E-03    0.60780E+00
    0.25093E-03    0.61980E+00
    0.25600E-03    0.63205E+00
    0.26117E-03    0.64454E+00
    0.26645E-03    0.65727E+00
    0.27183E-03    0.67025E+00
    0.27732E-03    0.68349E+00
    0.28292E-03    0.69699E+00
    0.28864E-03    0.71076E+00
    0.29447E-03    0.72480E+00
    0.30042E-03    0.73911E+00
    0.30649E-03    0.75371E+00
    0.31268E-03    0.76860E+00
    0.31899E-03    0.78377E+00
    0.32544E-03    0.79925E+00
    0.33201E-03    0.81503E+00
    0.33872E-03    0.83112E+00
    0.34556E-03    0.84753E+00
    0.35254E-03    0.86426E+00
    0.35966E-03    0.88133E+00
    0.36693E-03    0.89872E+00
    0.37434E-03    0.91646E+00
    0.38190E-03    0.93455E+00
    0.38962E-03    0.95299E+00
    0.39749E-03    0.97180E+00
    0.40552E-03    0.99097E+00
    0.41371E-03    0.10105E+01
    0.42207E-03    0.10305E+01
    0.43060E-03    0.10508E+01
    0.43929E-03    0.10715E+01
    0.44817E-03    0.10926E+01
    0.45722E-03    0.11142E+01
    0.46646E-03    0.11362E+01
    0.47588E-03    0.11586E+01
    0.48550E-03    0.11814E+01
    0.49530E-03    0.12047E+01
    0.50531E-03    0.12284E+01
    0.51552E-03    0.12526E+01
    0.52593E-03    0.12773E+01
    0.53656E-03    0.13025E+01
    0.54739E-03    0.13281E+01
    0.55845E-03    0.13543E+01
    0.56973E-03    0.13810E+01
    0.58124E-03    0.14082E+01
    0.59299E-03    0.14359E+01
    0.60496E-03    0.14641E+01
    0.61719E-03    0.14930E+01
    0.62965E-03    0.15223E+01
    0.64237E-03    0.15523E+01
    0.65535E-03    0.15828E+01
    0.66859E-03    0.16139E+01
    0.68210E-03    0.16456E+01
    0.69588E-03    0.16780E+01
    0.70993E-03    0.17109E+01
    0.72427E-03    0.17446E+01
    0.73891E-03    0.17788E+01
    0.75383E-03    0.18137E+01
    0.76906E-03    0.18493E+01
    0.78460E-03    0.18856E+01
    0.80045E-03    0.19226E+01
    0.81662E-03    0.19603E+01
    0.83311E-03    0.19987E+01
    0.84994E-03    0.20379E+01
    0.86711E-03    0.20778E+01
    0.88463E-03    0.21185E+01
    0.90250E-03    0.21599E+01
    0.92073E-03    0.22022E+01
    0.93933E-03    0.22452E+01
    0.95831E-03    0.22891E+01
    0.97767E-03    0.23339E+01
    0.99742E-03    0.23794E+01
    0.10176E-02    0.24259E+01
    0.10381E-02    0.24732E+01
    0.10591E-02    0.25214E+01
    0.10805E-02    0.25705E+01
    0.11023E-02    0.26206E+01
    0.11246E-02    0.26716E+01
    0.11473E-02    0.27235E+01
    0.11705E-02    0.27765E+01
    0.11941E-02    0.28304E+01
    0.12182E-02    0.28853E+01
    0.12429E-02    0.29413E+01
    0.12680E-02    0.29983E+01
    0.12936E-02    0.30564E+01
    0.13197E-02    0.31155E+01
    0.13464E-02    0.31757E+01
    0.13736E-02    0.32370E+01
    0.14013E-02    0.32995E+01
    0.14296E-02    0.33631E+01
    0.14585E-02    0.34279E+01
    0.14880E-02    0.34938E+01
    0.15180E-02    0.35609E+01
    0.15487E-02    0.36293E+01
    0.15800E-02    0.36988E+01
    0.16119E-02    0.37696E+01
    0.16445E-02    0.38417E+01
    0.16777E-02    0.39151E+01
    0.17116E-02    0.39897E+01
    0.17462E-02    0.40657E+01
    0.17814E-02    0.41430E+01
    0.18174E-02    0.42217E+01
    0.18541E-02    0.43017E+01
    0.18916E-02    0.43831E+01
    0.19298E-02    0.44659E+01
    0.19688E-02    0.45501E+01
    0.20086E-02    0.46357E+01
    0.20491E-02    0.47228E+01
    0.20905E-02    0.48113E+01
    0.21328E-02    0.49013E+01
    0.21758E-02    0.49928E+01
    0.22198E-02    0.50858E+01
    0.22646E-02    0.51803E+01
    0.23104E-02    0.52763E+01
    0.23571E-02    0.53739E+01
    0.24047E-02    0.54730E+01
    0.24533E-02    0.55736E+01
    0.25028E-02    0.56759E+01
    0.25534E-02    0.57797E+01
    0.26050E-02    0.58851E+01
    0.26576E-02    0.59920E+01
    0.27113E-02    0.61006E+01
    0.27660E-02    0.62108E+01
    0.28219E-02    0.63225E+01
    0.28789E-02    0.64359E+01
    0.29371E-02    0.65509E+01
    0.29964E-02    0.66675E+01
    0.30569E-02    0.67857E+01
    0.31187E-02    0.69055E+01
    0.31817E-02    0.70269E+01
    0.32460E-02    0.71500E+01
    0.33115E-02    0.72746E+01
    0.33784E-02    0.74007E+01
    0.34467E-02    0.75285E+01
    0.35163E-02    0.76578E+01
    0.35874E-02    0.77887E+01
    0.36598E-02    0.79211E+01
    0.37338E-02    0.80550E+01
    0.38092E-02    0.81904E+01
    0.38861E-02    0.83273E+01
    0.39646E-02    0.84656E+01
    0.40447E-02    0.86054E+01
    0.41264E-02    0.87466E+01
    0.42098E-02    0.88892E+01
    0.42948E-02    0.90331E+01
    0.43816E-02    0.91783E+01
    0.44701E-02    0.93248E+01
    0.45604E-02    0.94725E+01
    0.46525E-02    0.96215E+01
    0.47465E-02    0.97716E+01
    0.48424E-02    0.99228E+01
    0.49402E-02    0.10075E+02
    0.50400E-02    0.10228E+02
    0.51419E-02    0.10383E+02
    0.52457E-02    0.10538E+02
    0.53517E-02    0.10694E+02
    0.54598E-02    0.10851E+02
    0.55701E-02    0.11008E+02
    0.56826E-02    0.11167E+02
    0.57974E-02    0.11326E+02
    0.59145E-02    0.11485E+02
    0.60340E-02    0.11645E+02
    0.61559E-02    0.11805E+02
    0.62803E-02    0.11966E+02
    0.64072E-02    0.12127E+02
    0.65366E-02    0.12288E+02
    0.66686E-02    0.12449E+02
    0.68033E-02    0.12609E+02
    0.69408E-02    0.12770E+02
    0.70810E-02    0.12931E+02
    0.72240E-02    0.13091E+02
    0.73700E-02    0.13251E+02
    0.75189E-02    0.13410E+02
    0.76708E-02    0.13568E+02
    0.78257E-02    0.13726E+02
    0.79838E-02    0.13882E+02
    0.81451E-02    0.14037E+02
    0.83096E-02    0.14192E+02
    0.84775E-02    0.14344E+02
    0.86488E-02    0.14495E+02
    0.88235E-02    0.14645E+02
    0.90017E-02    0.14792E+02
    0.91836E-02    0.14938E+02
    0.93691E-02    0.15081E+02
    0.95583E-02    0.15222E+02
    0.97514E-02    0.15360E+02
    0.99484E-02    0.15495E+02
    0.10149E-01    0.15628E+02
    0.10354E-01    0.15757E+02
    0.10564E-01    0.15882E+02
    0.10777E-01    0.16005E+02
    0.10995E-01    0.16123E+02
    0.11217E-01    0.16237E+02
    0.11443E-01    0.16347E+02
    0.11675E-01    0.16453E+02
    0.11910E-01    0.16554E+02
    0.12151E-01    0.16650E+02
    0.12397E-01    0.16741E+02
    0.12647E-01    0.16826E+02
    0.12902E-01    0.16907E+02
    0.13163E-01    0.16981E+02
    0.13429E-01    0.17049E+02
    0.13700E-01    0.17111E+02
    0.13977E-01    0.17167E+02
    0.14259E-01    0.17216E+02
    0.14547E-01    0.17258E+02
    0.14841E-01    0.17293E+02
    0.15141E-01    0.17321E+02
    0.15447E-01    0.17342E+02
    0.15759E-01    0.17354E+02
    0.16077E-01    0.17359E+02
    0.16402E-01    0.17356E+02
    0.16734E-01    0.17345E+02
    0.17072E-01    0.17326E+02
    0.17416E-01    0.17298E+02
    0.17768E-01    0.17261E+02
    0.18127E-01    0.17216E+02
    0.18493E-01    0.17163E+02
    0.18867E-01    0.17100E+02
    0.19248E-01    0.17029E+02
    0.19637E-01    0.16948E+02
    0.20034E-01    0.16859E+02
    0.20438E-01    0.16761E+02
    0.20851E-01    0.16654E+02
    0.21272E-01    0.16539E+02
    0.21702E-01    0.16414E+02
    0.22141E-01    0.16282E+02
    0.22588E-01    0.16140E+02
    0.23044E-01    0.15991E+02
    0.23510E-01    0.15833E+02
    0.23985E-01    0.15668E+02
    0.24469E-01    0.15495E+02
    0.24964E-01    0.15315E+02
    0.25468E-01    0.15127E+02
    0.25982E-01    0.14934E+02
    0.26507E-01    0.14734E+02
    0.27043E-01    0.14528E+02
    0.27589E-01    0.14317E+02
    0.28146E-01    0.14102E+02
    0.28715E-01    0.13882E+02
    0.29295E-01    0.13658E+02
    0.29887E-01    0.13431E+02
    0.30490E-01    0.13201E+02
    0.31106E-01    0.12969E+02
    0.31735E-01    0.12736E+02
    0.32376E-01    0.12502E+02
    0.33030E-01    0.12268E+02
    0.33697E-01    0.12034E+02
    0.34378E-01    0.11802E+02
    0.35072E-01    0.11571E+02
    0.35781E-01    0.11342E+02
    0.36504E-01    0.11117E+02
    0.37241E-01    0.10895E+02
    0.37993E-01    0.10677E+02
    0.38761E-01    0.10463E+02
    0.39544E-01    0.10255E+02
    0.40343E-01    0.10053E+02
    0.41158E-01    0.98563E+01
    0.41989E-01    0.96661E+01
    0.42838E-01    0.94826E+01
    0.43703E-01    0.93059E+01
    0.44586E-01    0.91363E+01
    0.45486E-01    0.89737E+01
    0.46405E-01    0.88183E+01
    0.47343E-01    0.86698E+01
    0.48299E-01    0.85282E+01
    0.49275E-01    0.83931E+01
    0.50270E-01    0.82641E+01
    0.51286E-01    0.81408E+01
    0.52322E-01    0.80226E+01
    0.53379E-01    0.79087E+01
    0.54457E-01    0.77985E+01
    0.55557E-01    0.76910E+01
    0.56680E-01    0.75854E+01
    0.57825E-01    0.74806E+01
    0.58993E-01    0.73755E+01
    0.60184E-01    0.72692E+01
    0.61400E-01    0.71606E+01
    0.62641E-01    0.70487E+01
    0.63906E-01    0.69324E+01
    0.65197E-01    0.68109E+01
    0.66514E-01    0.66834E+01
    0.67858E-01    0.65493E+01
    0.69229E-01    0.64082E+01
    0.70627E-01    0.62600E+01
    0.72054E-01    0.61047E+01
    0.73510E-01    0.59425E+01
    0.74994E-01    0.57736E+01
    0.76509E-01    0.55998E+01
    0.78055E-01    0.54218E+01
    0.79632E-01    0.52409E+01
    0.81241E-01    0.50588E+01
    0.82882E-01    0.48772E+01
    0.84556E-01    0.46978E+01
    0.86264E-01    0.45226E+01
    0.88007E-01    0.43531E+01
    0.89785E-01    0.41913E+01
    0.91598E-01    0.40384E+01
    0.93449E-01    0.38958E+01
    0.95337E-01    0.37644E+01
    0.97263E-01    0.36447E+01
    0.99227E-01    0.35370E+01
    0.10123E+00    0.34411E+01
    0.10328E+00    0.33563E+01
    0.10536E+00    0.32815E+01
    0.10749E+00    0.32153E+01
    0.10966E+00    0.31559E+01
    0.11188E+00    0.31011E+01
    0.11414E+00    0.30487E+01
    0.11644E+00    0.29962E+01
    0.11880E+00    0.29412E+01
    0.12120E+00    0.28816E+01
    0.12365E+00    0.28157E+01
    0.12614E+00    0.27425E+01
    0.12869E+00    0.26614E+01
    0.13129E+00    0.25728E+01
    0.13394E+00    0.24776E+01
    0.13665E+00    0.23777E+01
    0.13941E+00    0.22755E+01
    0.14223E+00    0.21737E+01
    0.14510E+00    0.20750E+01
    0.14803E+00    0.19819E+01
    0.15102E+00    0.18966E+01
    0.15407E+00    0.18206E+01
    0.15718E+00    0.17546E+01
    0.16036E+00    0.16987E+01
    0.16360E+00    0.16518E+01
    0.16690E+00    0.16121E+01
    0.17028E+00    0.15775E+01
    0.17371E+00    0.15453E+01
    0.17722E+00    0.15125E+01
    0.18080E+00    0.14768E+01
    0.18446E+00    0.14363E+01
    0.18818E+00    0.13902E+01
    0.19198E+00    0.13385E+01
    0.19586E+00    0.12827E+01
    0.19982E+00    0.12247E+01
    0.20386E+00    0.11671E+01
    0.20797E+00    0.11127E+01
    0.21218E+00    0.10633E+01
    0.21646E+00    0.10203E+01
    0.22083E+00    0.98399E+00
    0.22530E+00    0.95361E+00
    0.22985E+00    0.92749E+00
    0.23449E+00    0.90351E+00
    0.23923E+00    0.87936E+00
    0.24406E+00    0.85318E+00
    0.24899E+00    0.82394E+00
    0.25402E+00    0.79170E+00
    0.25915E+00    0.75747E+00
    0.26439E+00    0.72300E+00
    0.26973E+00    0.69017E+00
    0.27518E+00    0.66045E+00
    0.28074E+00    0.63459E+00
    0.28641E+00    0.61234E+00
    0.29219E+00    0.59269E+00
    0.29810E+00    0.57416E+00
    0.30412E+00    0.55531E+00
    0.31026E+00    0.53523E+00
    0.31653E+00    0.51383E+00
    0.32292E+00    0.49176E+00
    0.32945E+00    0.47013E+00
    0.33610E+00    0.44998E+00
    0.34289E+00    0.43190E+00
    0.34982E+00    0.41579E+00
    0.35689E+00    0.40099E+00
    0.36409E+00    0.38662E+00
    0.37145E+00    0.37202E+00
    0.37895E+00    0.35700E+00
    0.38661E+00    0.34189E+00
    0.39442E+00    0.32728E+00
    0.40239E+00    0.31368E+00
    0.41052E+00    0.30120E+00
    0.41881E+00    0.28961E+00
    0.42727E+00    0.27844E+00
    0.43590E+00    0.26736E+00
    0.44471E+00    0.25630E+00
    0.45369E+00    0.24548E+00
    0.46286E+00    0.23517E+00
    0.47221E+00    0.22551E+00
    0.48174E+00    0.21642E+00
    0.49148E+00    0.20768E+00
    0.50141E+00    0.19913E+00
    0.51153E+00    0.19077E+00
    0.52187E+00    0.18271E+00
    0.53241E+00    0.17505E+00
    0.54317E+00    0.16778E+00
    0.55414E+00    0.16081E+00
    0.56533E+00    0.15406E+00
    0.57675E+00    0.14753E+00
    0.58840E+00    0.14126E+00
    0.60029E+00    0.13526E+00
    0.61242E+00    0.12950E+00
    0.62479E+00    0.12398E+00
    0.63741E+00    0.11870E+00
    0.65029E+00    0.11363E+00
    0.66342E+00    0.10876E+00
    0.67683E+00    0.10410E+00
    0.69050E+00    0.99626E-01
    0.70445E+00    0.95333E-01
    0.71868E+00    0.91215E-01
    0.73320E+00    0.87263E-01
    0.74801E+00    0.83474E-01
    0.76312E+00    0.79839E-01
    0.77854E+00    0.76355E-01
    0.79426E+00    0.73015E-01
    0.81031E+00    0.69814E-01
    0.82668E+00    0.66747E-01
    0.84338E+00    0.63808E-01
    0.86041E+00    0.60994E-01
    0.87780E+00    0.58298E-01
    0.89553E+00    0.55717E-01
    0.91362E+00    0.53246E-01
    0.93208E+00    0.50880E-01
    0.95091E+00    0.48615E-01
    0.97011E+00    0.46447E-01
    0.98971E+00    0.44372E-01
    0.10097E+01    0.42386E-01
    0.10301E+01    0.40486E-01
    0.10509E+01    0.38667E-01
    0.10721E+01    0.36928E-01
    0.10938E+01    0.35263E-01
    0.11159E+01    0.33671E-01
    0.11384E+01    0.32148E-01
    0.11614E+01    0.30692E-01
    0.11849E+01    0.29299E-01
    0.12088E+01    0.27967E-01
    0.12333E+01    0.26694E-01
    0.12582E+01    0.25476E-01
    0.12836E+01    0.24312E-01
    0.13095E+01    0.23200E-01
    0.13360E+01    0.22136E-01
    0.13630E+01    0.21120E-01
    0.13905E+01    0.20149E-01
    0.14186E+01    0.19221E-01
    0.14472E+01    0.18335E-01
    0.14765E+01    0.17488E-01
    0.15063E+01    0.16679E-01
    0.15367E+01    0.15907E-01
    0.15678E+01    0.15169E-01
    0.15994E+01    0.14465E-01
    0.16318E+01    0.13792E-01
    0.16647E+01    0.13150E-01
    0.16984E+01    0.12536E-01
    0.17327E+01    0.11951E-01
    0.17677E+01    0.11392E-01
    0.18034E+01    0.10859E-01
    0.18398E+01    0.10349E-01
    0.18770E+01    0.98634E-02
    0.19149E+01    0.93997E-02
    0.19536E+01    0.89571E-02
    0.19930E+01    0.85348E-02
    0.20333E+01    0.81318E-02
    0.20744E+01    0.77474E-02
    0.21163E+01    0.73807E-02
    0.21590E+01    0.70309E-02
    0.22026E+01    0.66973E-02
    0.22471E+01    0.63791E-02
    0.22925E+01    0.60757E-02
    0.23388E+01    0.57864E-02
    0.23861E+01    0.55106E-02
    0.24343E+01    0.52476E-02
    0.24835E+01    0.49969E-02
    0.25336E+01    0.47579E-02
    0.25848E+01    0.45301E-02
    0.26370E+01    0.43130E-02
    0.26903E+01    0.41060E-02
    0.27447E+01    0.39088E-02
    0.28001E+01    0.37208E-02
    0.28567E+01    0.35417E-02
    0.29144E+01    0.33710E-02
    0.29733E+01    0.32084E-02
    0.30333E+01    0.30534E-02
    0.30946E+01    0.29058E-02
    0.31571E+01    0.27652E-02
    0.32209E+01    0.26312E-02
    0.32860E+01    0.25036E-02
    0.33523E+01    0.23821E-02
    0.34201E+01    0.22663E-02
    0.34892E+01    0.21561E-02
    0.35596E+01    0.20512E-02
    0.36316E+01    0.19512E-02
    0.37049E+01    0.18560E-02
    0.37798E+01    0.17654E-02
    0.38561E+01    0.16791E-02
    0.39340E+01    0.15970E-02
    0.40135E+01    0.15188E-02
    0.40946E+01    0.14444E-02
    0.41773E+01    0.13736E-02
    0.42617E+01    0.13061E-02
    0.43478E+01    0.12420E-02
    0.44356E+01    0.11809E-02
    0.45252E+01    0.11228E-02
    0.46166E+01    0.10674E-02
    0.47099E+01    0.10148E-02
    0.48050E+01    0.96473E-03
    0.49021E+01    0.91708E-03
    0.50011E+01    0.87174E-03
    0.51021E+01    0.82861E-03
    0.52052E+01    0.78758E-03
    0.53104E+01    0.74856E-03
    0.54176E+01    0.71143E-03
    0.55271E+01    0.67612E-03
    0.56387E+01    0.64253E-03
    0.57526E+01    0.61059E-03
    0.58689E+01    0.58021E-03
    0.59874E+01    0.55132E-03
    0.61084E+01    0.52385E-03
    0.62318E+01    0.49773E-03
    0.63577E+01    0.47289E-03
    0.64861E+01    0.44927E-03
    0.66171E+01    0.42682E-03
    0.67508E+01    0.40547E-03
    0.68872E+01    0.38518E-03
    0.70263E+01    0.36589E-03
    0.71682E+01    0.34755E-03
    0.73130E+01    0.33012E-03
    0.74608E+01    0.31355E-03
    0.76115E+01    0.29780E-03
    0.77653E+01    0.28283E-03
    0.79221E+01    0.26860E-03
    0.80822E+01    0.25508E-03
    0.82454E+01    0.24224E-03
    0.84120E+01    0.23003E-03
    0.85819E+01    0.21843E-03
    0.87553E+01    0.20740E-03
    0.89322E+01    0.19693E-03
    0.91126E+01    0.18698E-03
    0.92967E+01    0.17752E-03
    0.94845E+01    0.16854E-03
    0.96761E+01    0.16001E-03
    0.98716E+01    0.15190E-03
    0.10071E+02    0.14420E-03
    0.10274E+02    0.13689E-03
    0.10482E+02    0.12994E-03
    0.10694E+02    0.12334E-03
    0.10910E+02    0.11707E-03
    0.11130E+02    0.11112E-03
    0.11355E+02    0.10546E-03
    0.11584E+02    0.10010E-03
    0.11818E+02    0.94996E-04
    0.12057E+02    0.90154E-04
    0.12301E+02    0.85556E-04
    0.12549E+02    0.81190E-04
    0.12803E+02    0.77045E-04
    0.13061E+02    0.73108E-04
    0.13325E+02    0.69371E-04
    0.13594E+02    0.65823E-04
    0.13869E+02    0.62455E-04
    0.14149E+02    0.59257E-04
    0.14435E+02    0.56221E-04
    0.14727E+02    0.53339E-04
    0.15024E+02    0.50604E-04
    0.15328E+02    0.48007E-04
    0.15637E+02    0.45543E-04
    0.15953E+02    0.43203E-04
    0.16275E+02    0.40983E-04
    0.16604E+02    0.38875E-04
    0.16940E+02    0.36875E-04
    0.17282E+02    0.34977E-04
    0.17631E+02    0.33176E-04
    0.17987E+02    0.31466E-04
    0.18351E+02    0.29844E-04
    0.18721E+02    0.28304E-04
    0.19099E+02    0.26844E-04
    0.19485E+02    0.25458E-04
    0.19879E+02    0.24143E-04
    0.20280E+02    0.22895E-04
    0.20690E+02    0.21711E-04
    0.21108E+02    0.20588E-04
    0.21535E+02    0.19522E-04
    0.21970E+02    0.18511E-04
    0.22413E+02    0.17552E-04
    0.22866E+02    0.16643E-04
    0.23328E+02    0.15780E-04
    0.23799E+02    0.14961E-04
    0.24280E+02    0.14184E-04
    0.24771E+02    0.13448E-04
    0.25271E+02    0.12749E-04
    0.25782E+02    0.12087E-04
    0.26302E+02    0.11458E-04
    0.26834E+02    0.10862E-04
    0.27376E+02    0.10297E-04
    0.27929E+02    0.97606E-05
    0.28493E+02    0.92521E-05
    0.29069E+02    0.87699E-05
    0.29656E+02    0.83126E-05
    0.30255E+02    0.78790E-05
    0.30866E+02    0.74679E-05
    0.31490E+02    0.70780E-05
    0.32126E+02    0.67083E-05
    0.32775E+02    0.63578E-05
    0.33437E+02    0.60254E-05
    0.34112E+02    0.57103E-05
    0.34801E+02    0.54115E-05
    0.35504E+02    0.51283E-05
    0.36222E+02    0.48597E-05
    0.36953E+02    0.46052E-05
    0.37700E+02    0.43638E-05
    0.38462E+02    0.41350E-05
    0.39239E+02    0.39181E-05
    0.40031E+02    0.37125E-05
    0.40840E+02    0.35176E-05
    0.41665E+02    0.33329E-05
    0.42507E+02    0.31578E-05
    0.43365E+02    0.29918E-05
    0.44241E+02    0.28345E-05
    0.45135E+02    0.26853E-05
    0.46047E+02    0.25440E-05
    0.46977E+02    0.24101E-05
    0.47926E+02    0.22831E-05
    0.48894E+02    0.21628E-05
    0.49882E+02    0.20488E-05
    0.50890E+02    0.19408E-05
    0.51918E+02    0.18384E-05
    0.52966E+02    0.17413E-05
    0.54036E+02    0.16494E-05
    0.55128E+02    0.15623E-05
    0.56242E+02    0.14797E-05
    0.57378E+02    0.14015E-05
    0.58537E+02    0.13274E-05
    0.59720E+02    0.12571E-05
    0.60926E+02    0.11906E-05
    0.62157E+02    0.11275E-05
    0.63412E+02    0.10678E-05
    0.64693E+02    0.10112E-05
    0.66000E+02    0.95758E-06
    0.67334E+02    0.90678E-06
    0.68694E+02    0.85866E-06
    0.70082E+02    0.81307E-06
    0.71497E+02    0.76989E-06
    0.72942E+02    0.72898E-06
    0.74415E+02    0.69022E-06
    0.75918E+02    0.65351E-06
    0.77452E+02    0.61874E-06
    0.79017E+02    0.58580E-06
    0.80613E+02    0.55461E-06
    0.82241E+02    0.52506E-06
    0.83903E+02    0.49707E-06
    0.85598E+02    0.47056E-06
    0.87327E+02    0.44545E-06
    0.89091E+02    0.42167E-06
    0.90891E+02    0.39915E-06
    0.92727E+02    0.37782E-06
    0.94600E+02    0.35763E-06
    0.96511E+02    0.33850E-06
    0.98461E+02    0.32038E-06
    0.10045E+03    0.30323E-06
    0.10248E+03    0.28699E-06
    0.10455E+03    0.27161E-06
    0.10666E+03    0.25704E-06
    0.10882E+03    0.24325E-06
    0.11101E+03    0.23020E-06
    0.11326E+03    0.21783E-06
    0.11554E+03    0.20612E-06
    0.11788E+03    0.19504E-06
    0.12026E+03    0.18455E-06
    0.12269E+03    0.17461E-06
    0.12517E+03    0.16521E-06
    0.12770E+03    0.15630E-06
    0.13028E+03    0.14787E-06
    0.13291E+03    0.13989E-06
    0.13559E+03    0.13233E-06
    0.13833E+03    0.12518E-06
    0.14113E+03    0.11841E-06
    0.14398E+03    0.11200E-06
    0.14689E+03    0.10594E-06
    0.14985E+03    0.10020E-06
    0.15288E+03    0.94765E-07
    0.15597E+03    0.89623E-07
    0.15912E+03    0.84756E-07
    0.16233E+03    0.80151E-07
    0.16561E+03    0.75792E-07
    0.16896E+03    0.71667E-07
    0.17237E+03    0.67763E-07
    0.17585E+03    0.64068E-07
    0.17941E+03    0.60571E-07
    0.18303E+03    0.57261E-07
    0.18673E+03    0.54129E-07
    0.19050E+03    0.51164E-07
    0.19435E+03    0.48358E-07
    0.19828E+03    0.45703E-07
    0.20228E+03    0.43191E-07
    0.20637E+03    0.40815E-07
    0.21054E+03    0.38567E-07
    0.21479E+03    0.36443E-07
    0.21913E+03    0.34434E-07
    0.22356E+03    0.32535E-07
    0.22807E+03    0.30740E-07
    0.23268E+03    0.29044E-07
