    0.10000E-03    0.18775E+00
    0.10202E-03    0.19146E+00
    0.10408E-03    0.19524E+00
    0.10618E-03    0.19910E+00
    0.10833E-03    0.20304E+00
    0.11052E-03    0.20705E+00
    0.11275E-03    0.21115E+00
    0.11503E-03    0.21532E+00
    0.11735E-03    0.21958E+00
    0.11972E-03    0.22392E+00
    0.12214E-03    0.22835E+00
    0.12461E-03    0.23286E+00
    0.12712E-03    0.23746E+00
    0.12969E-03    0.24216E+00
    0.13231E-03    0.24695E+00
    0.13499E-03    0.25183E+00
    0.13771E-03    0.25681E+00
    0.14049E-03    0.26188E+00
    0.14333E-03    0.26706E+00
    0.14623E-03    0.27234E+00
    0.14918E-03    0.27772E+00
    0.15220E-03    0.28321E+00
    0.15527E-03    0.28881E+00
    0.15841E-03    0.29452E+00
    0.16161E-03    0.30034E+00
    0.16487E-03    0.30628E+00
    0.16820E-03    0.31234E+00
    0.17160E-03    0.31851E+00
    0.17507E-03    0.32480E+00
    0.17860E-03    0.33123E+00
    0.18221E-03    0.33777E+00
    0.18589E-03    0.34445E+00
    0.18965E-03    0.35126E+00
    0.19348E-03    0.35820E+00
    0.19739E-03    0.36528E+00
    0.20138E-03    0.37250E+00
    0.20544E-03    0.37986E+00
    0.20959E-03    0.38737E+00
    0.21383E-03    0.39503E+00
    0.21815E-03    0.40283E+00
    0.22255E-03    0.41079E+00
    0.22705E-03    0.41891E+00
    0.23164E-03    0.42719E+00
    0.23632E-03    0.43563E+00
    0.24109E-03    0.44424E+00
    0.24596E-03    0.45302E+00
    0.25093E-03    0.46197E+00
    0.25600E-03    0.47110E+00
    0.26117E-03    0.48041E+00
    0.26645E-03    0.48990E+00
    0.27183E-03    0.49958E+00
    0.27732E-03    0.50945E+00
    0.28292E-03    0.51952E+00
    0.28864E-03    0.52978E+00
    0.29447E-03    0.54025E+00
    0.30042E-03    0.55092E+00
    0.30649E-03    0.56180E+00
    0.31268E-03    0.57290E+00
    0.31899E-03    0.58422E+00
    0.32544E-03    0.59576E+00
    0.33201E-03    0.60752E+00
    0.33872E-03    0.61952E+00
    0.34556E-03    0.63176E+00
    0.35254E-03    0.64423E+00
    0.35966E-03    0.65696E+00
    0.36693E-03    0.66993E+00
    0.37434E-03    0.68316E+00
    0.38190E-03    0.69664E+00
    0.38962E-03    0.71040E+00
    0.39749E-03    0.72442E+00
    0.40552E-03    0.73872E+00
    0.41371E-03    0.75331E+00
    0.42207E-03    0.76817E+00
    0.43060E-03    0.78333E+00
    0.43929E-03    0.79879E+00
    0.44817E-03    0.81456E+00
    0.45722E-03    0.83063E+00
    0.46646E-03    0.84702E+00
    0.47588E-03    0.86373E+00
    0.48550E-03    0.88077E+00
    0.49530E-03    0.89814E+00
    0.50531E-03    0.91585E+00
    0.51552E-03    0.93391E+00
    0.52593E-03    0.95233E+00
    0.53656E-03    0.97111E+00
    0.54739E-03    0.99025E+00
    0.55845E-03    0.10098E+01
    0.56973E-03    0.10297E+01
    0.58124E-03    0.10500E+01
    0.59299E-03    0.10706E+01
    0.60496E-03    0.10917E+01
    0.61719E-03    0.11132E+01
    0.62965E-03    0.11352E+01
    0.64237E-03    0.11575E+01
    0.65535E-03    0.11803E+01
    0.66859E-03    0.12036E+01
    0.68210E-03    0.12272E+01
    0.69588E-03    0.12514E+01
    0.70993E-03    0.12760E+01
    0.72427E-03    0.13011E+01
    0.73891E-03    0.13267E+01
    0.75383E-03    0.13528E+01
    0.76906E-03    0.13794E+01
    0.78460E-03    0.14065E+01
    0.80045E-03    0.14341E+01
    0.81662E-03    0.14623E+01
    0.83311E-03    0.14910E+01
    0.84994E-03    0.15203E+01
    0.86711E-03    0.15501E+01
    0.88463E-03    0.15805E+01
    0.90250E-03    0.16115E+01
    0.92073E-03    0.16431E+01
    0.93933E-03    0.16753E+01
    0.95831E-03    0.17081E+01
    0.97767E-03    0.17416E+01
    0.99742E-03    0.17757E+01
    0.10176E-02    0.18104E+01
    0.10381E-02    0.18459E+01
    0.10591E-02    0.18820E+01
    0.10805E-02    0.19187E+01
    0.11023E-02    0.19562E+01
    0.11246E-02    0.19944E+01
    0.11473E-02    0.20334E+01
    0.11705E-02    0.20730E+01
    0.11941E-02    0.21134E+01
    0.12182E-02    0.21546E+01
    0.12429E-02    0.21966E+01
    0.12680E-02    0.22393E+01
    0.12936E-02    0.22829E+01
    0.13197E-02    0.23272E+01
    0.13464E-02    0.23725E+01
    0.13736E-02    0.24185E+01
    0.14013E-02    0.24654E+01
    0.14296E-02    0.25132E+01
    0.14585E-02    0.25618E+01
    0.14880E-02    0.26114E+01
    0.15180E-02    0.26619E+01
    0.15487E-02    0.27133E+01
    0.15800E-02    0.27657E+01
    0.16119E-02    0.28190E+01
    0.16445E-02    0.28733E+01
    0.16777E-02    0.29285E+01
    0.17116E-02    0.29848E+01
    0.17462E-02    0.30421E+01
    0.17814E-02    0.31004E+01
    0.18174E-02    0.31598E+01
    0.18541E-02    0.32202E+01
    0.18916E-02    0.32817E+01
    0.19298E-02    0.33443E+01
    0.19688E-02    0.34080E+01
    0.20086E-02    0.34728E+01
    0.20491E-02    0.35387E+01
    0.20905E-02    0.36058E+01
    0.21328E-02    0.36741E+01
    0.21758E-02    0.37435E+01
    0.22198E-02    0.38141E+01
    0.22646E-02    0.38859E+01
    0.23104E-02    0.39589E+01
    0.23571E-02    0.40331E+01
    0.24047E-02    0.41086E+01
    0.24533E-02    0.41853E+01
    0.25028E-02    0.42633E+01
    0.25534E-02    0.43425E+01
    0.26050E-02    0.44231E+01
    0.26576E-02    0.45049E+01
    0.27113E-02    0.45880E+01
    0.27660E-02    0.46725E+01
    0.28219E-02    0.47582E+01
    0.28789E-02    0.48453E+01
    0.29371E-02    0.49337E+01
    0.29964E-02    0.50235E+01
    0.30569E-02    0.51145E+01
    0.31187E-02    0.52070E+01
    0.31817E-02    0.53008E+01
    0.32460E-02    0.53960E+01
    0.33115E-02    0.54925E+01
    0.33784E-02    0.55904E+01
    0.34467E-02    0.56896E+01
    0.35163E-02    0.57902E+01
    0.35874E-02    0.58922E+01
    0.36598E-02    0.59955E+01
    0.37338E-02    0.61001E+01
    0.38092E-02    0.62062E+01
    0.38861E-02    0.63135E+01
    0.39646E-02    0.64222E+01
    0.40447E-02    0.65322E+01
    0.41264E-02    0.66435E+01
    0.42098E-02    0.67562E+01
    0.42948E-02    0.68701E+01
    0.43816E-02    0.69853E+01
    0.44701E-02    0.71017E+01
    0.45604E-02    0.72194E+01
    0.46525E-02    0.73383E+01
    0.47465E-02    0.74584E+01
    0.48424E-02    0.75797E+01
    0.49402E-02    0.77021E+01
    0.50400E-02    0.78257E+01
    0.51419E-02    0.79503E+01
    0.52457E-02    0.80761E+01
    0.53517E-02    0.82028E+01
    0.54598E-02    0.83306E+01
    0.55701E-02    0.84593E+01
    0.56826E-02    0.85890E+01
    0.57974E-02    0.87196E+01
    0.59145E-02    0.88510E+01
    0.60340E-02    0.89833E+01
    0.61559E-02    0.91163E+01
    0.62803E-02    0.92500E+01
    0.64072E-02    0.93844E+01
    0.65366E-02    0.95194E+01
    0.66686E-02    0.96550E+01
    0.68033E-02    0.97910E+01
    0.69408E-02    0.99276E+01
    0.70810E-02    0.10064E+02
    0.72240E-02    0.10202E+02
    0.73700E-02    0.10339E+02
    0.75189E-02    0.10477E+02
    0.76708E-02    0.10614E+02
    0.78257E-02    0.10752E+02
    0.79838E-02    0.10890E+02
    0.81451E-02    0.11027E+02
    0.83096E-02    0.11165E+02
    0.84775E-02    0.11301E+02
    0.86488E-02    0.11438E+02
    0.88235E-02    0.11574E+02
    0.90017E-02    0.11709E+02
    0.91836E-02    0.11843E+02
    0.93691E-02    0.11977E+02
    0.95583E-02    0.12109E+02
    0.97514E-02    0.12240E+02
    0.99484E-02    0.12370E+02
    0.10149E-01    0.12499E+02
    0.10354E-01    0.12626E+02
    0.10564E-01    0.12751E+02
    0.10777E-01    0.12874E+02
    0.10995E-01    0.12995E+02
    0.11217E-01    0.13114E+02
    0.11443E-01    0.13230E+02
    0.11675E-01    0.13344E+02
    0.11910E-01    0.13455E+02
    0.12151E-01    0.13563E+02
    0.12397E-01    0.13668E+02
    0.12647E-01    0.13770E+02
    0.12902E-01    0.13868E+02
    0.13163E-01    0.13963E+02
    0.13429E-01    0.14053E+02
    0.13700E-01    0.14139E+02
    0.13977E-01    0.14221E+02
    0.14259E-01    0.14299E+02
    0.14547E-01    0.14371E+02
    0.14841E-01    0.14439E+02
    0.15141E-01    0.14501E+02
    0.15447E-01    0.14558E+02
    0.15759E-01    0.14609E+02
    0.16077E-01    0.14655E+02
    0.16402E-01    0.14694E+02
    0.16734E-01    0.14727E+02
    0.17072E-01    0.14754E+02
    0.17416E-01    0.14774E+02
    0.17768E-01    0.14787E+02
    0.18127E-01    0.14792E+02
    0.18493E-01    0.14791E+02
    0.18867E-01    0.14782E+02
    0.19248E-01    0.14765E+02
    0.19637E-01    0.14741E+02
    0.20034E-01    0.14708E+02
    0.20438E-01    0.14668E+02
    0.20851E-01    0.14620E+02
    0.21272E-01    0.14563E+02
    0.21702E-01    0.14498E+02
    0.22141E-01    0.14424E+02
    0.22588E-01    0.14342E+02
    0.23044E-01    0.14252E+02
    0.23510E-01    0.14153E+02
    0.23985E-01    0.14046E+02
    0.24469E-01    0.13930E+02
    0.24964E-01    0.13807E+02
    0.25468E-01    0.13675E+02
    0.25982E-01    0.13536E+02
    0.26507E-01    0.13388E+02
    0.27043E-01    0.13234E+02
    0.27589E-01    0.13072E+02
    0.28146E-01    0.12903E+02
    0.28715E-01    0.12728E+02
    0.29295E-01    0.12546E+02
    0.29887E-01    0.12359E+02
    0.30490E-01    0.12166E+02
    0.31106E-01    0.11968E+02
    0.31735E-01    0.11766E+02
    0.32376E-01    0.11560E+02
    0.33030E-01    0.11350E+02
    0.33697E-01    0.11138E+02
    0.34378E-01    0.10923E+02
    0.35072E-01    0.10706E+02
    0.35781E-01    0.10489E+02
    0.36504E-01    0.10271E+02
    0.37241E-01    0.10053E+02
    0.37993E-01    0.98358E+01
    0.38761E-01    0.96199E+01
    0.39544E-01    0.94059E+01
    0.40343E-01    0.91943E+01
    0.41158E-01    0.89856E+01
    0.41989E-01    0.87804E+01
    0.42838E-01    0.85793E+01
    0.43703E-01    0.83825E+01
    0.44586E-01    0.81905E+01
    0.45486E-01    0.80035E+01
    0.46405E-01    0.78220E+01
    0.47343E-01    0.76461E+01
    0.48299E-01    0.74759E+01
    0.49275E-01    0.73115E+01
    0.50270E-01    0.71529E+01
    0.51286E-01    0.70002E+01
    0.52322E-01    0.68530E+01
    0.53379E-01    0.67113E+01
    0.54457E-01    0.65747E+01
    0.55557E-01    0.64428E+01
    0.56680E-01    0.63152E+01
    0.57825E-01    0.61914E+01
    0.58993E-01    0.60707E+01
    0.60184E-01    0.59527E+01
    0.61400E-01    0.58365E+01
    0.62641E-01    0.57214E+01
    0.63906E-01    0.56068E+01
    0.65197E-01    0.54918E+01
    0.66514E-01    0.53758E+01
    0.67858E-01    0.52580E+01
    0.69229E-01    0.51379E+01
    0.70627E-01    0.50149E+01
    0.72054E-01    0.48885E+01
    0.73510E-01    0.47586E+01
    0.74994E-01    0.46250E+01
    0.76509E-01    0.44875E+01
    0.78055E-01    0.43466E+01
    0.79632E-01    0.42027E+01
    0.81241E-01    0.40564E+01
    0.82882E-01    0.39084E+01
    0.84556E-01    0.37598E+01
    0.86264E-01    0.36117E+01
    0.88007E-01    0.34652E+01
    0.89785E-01    0.33216E+01
    0.91598E-01    0.31821E+01
    0.93449E-01    0.30479E+01
    0.95337E-01    0.29202E+01
    0.97263E-01    0.27999E+01
    0.99227E-01    0.26878E+01
    0.10123E+00    0.25845E+01
    0.10328E+00    0.24902E+01
    0.10536E+00    0.24051E+01
    0.10749E+00    0.23289E+01
    0.10966E+00    0.22610E+01
    0.11188E+00    0.22008E+01
    0.11414E+00    0.21470E+01
    0.11644E+00    0.20985E+01
    0.11880E+00    0.20536E+01
    0.12120E+00    0.20109E+01
    0.12365E+00    0.19686E+01
    0.12614E+00    0.19251E+01
    0.12869E+00    0.18790E+01
    0.13129E+00    0.18291E+01
    0.13394E+00    0.17748E+01
    0.13665E+00    0.17156E+01
    0.13941E+00    0.16519E+01
    0.14223E+00    0.15845E+01
    0.14510E+00    0.15143E+01
    0.14803E+00    0.14431E+01
    0.15102E+00    0.13727E+01
    0.15407E+00    0.13047E+01
    0.15718E+00    0.12408E+01
    0.16036E+00    0.11825E+01
    0.16360E+00    0.11305E+01
    0.16690E+00    0.10854E+01
    0.17028E+00    0.10470E+01
    0.17371E+00    0.10147E+01
    0.17722E+00    0.98733E+00
    0.18080E+00    0.96336E+00
    0.18446E+00    0.94107E+00
    0.18818E+00    0.91868E+00
    0.19198E+00    0.89459E+00
    0.19586E+00    0.86763E+00
    0.19982E+00    0.83726E+00
    0.20386E+00    0.80361E+00
    0.20797E+00    0.76750E+00
    0.21218E+00    0.73026E+00
    0.21646E+00    0.69349E+00
    0.22083E+00    0.65879E+00
    0.22530E+00    0.62741E+00
    0.22985E+00    0.60012E+00
    0.23449E+00    0.57706E+00
    0.23923E+00    0.55775E+00
    0.24406E+00    0.54116E+00
    0.24899E+00    0.52597E+00
    0.25402E+00    0.51078E+00
    0.25915E+00    0.49447E+00
    0.26439E+00    0.47643E+00
    0.26973E+00    0.45667E+00
    0.27518E+00    0.43582E+00
    0.28074E+00    0.41489E+00
    0.28641E+00    0.39500E+00
    0.29219E+00    0.37702E+00
    0.29810E+00    0.36136E+00
    0.30412E+00    0.34790E+00
    0.31026E+00    0.33601E+00
    0.31653E+00    0.32484E+00
    0.32292E+00    0.31354E+00
    0.32945E+00    0.30160E+00
    0.33610E+00    0.28896E+00
    0.34289E+00    0.27598E+00
    0.34982E+00    0.26330E+00
    0.35689E+00    0.25151E+00
    0.36409E+00    0.24092E+00
    0.37145E+00    0.23149E+00
    0.37895E+00    0.22283E+00
    0.38661E+00    0.21447E+00
    0.39442E+00    0.20601E+00
    0.40239E+00    0.19736E+00
    0.41052E+00    0.18869E+00
    0.41881E+00    0.18033E+00
    0.42727E+00    0.17255E+00
    0.43590E+00    0.16541E+00
    0.44471E+00    0.15878E+00
    0.45369E+00    0.15242E+00
    0.46286E+00    0.14613E+00
    0.47221E+00    0.13988E+00
    0.48174E+00    0.13379E+00
    0.49148E+00    0.12799E+00
    0.50141E+00    0.12256E+00
    0.51153E+00    0.11745E+00
    0.52187E+00    0.11255E+00
    0.53241E+00    0.10778E+00
    0.54317E+00    0.10313E+00
    0.55414E+00    0.98649E-01
    0.56533E+00    0.94396E-01
    0.57675E+00    0.90363E-01
    0.58840E+00    0.86505E-01
    0.60029E+00    0.82781E-01
    0.61242E+00    0.79185E-01
    0.62479E+00    0.75736E-01
    0.63741E+00    0.72438E-01
    0.65029E+00    0.69282E-01
    0.66342E+00    0.66263E-01
    0.67683E+00    0.63372E-01
    0.69050E+00    0.60605E-01
    0.70445E+00    0.57955E-01
    0.71868E+00    0.55417E-01
    0.73320E+00    0.52986E-01
    0.74801E+00    0.50656E-01
    0.76312E+00    0.48425E-01
    0.77854E+00    0.46286E-01
    0.79426E+00    0.44238E-01
    0.81031E+00    0.42277E-01
    0.82668E+00    0.40399E-01
    0.84338E+00    0.38601E-01
    0.86041E+00    0.36879E-01
    0.87780E+00    0.35232E-01
    0.89553E+00    0.33656E-01
    0.91362E+00    0.32148E-01
    0.93208E+00    0.30706E-01
    0.95091E+00    0.29326E-01
    0.97011E+00    0.28006E-01
    0.98971E+00    0.26744E-01
    0.10097E+01    0.25537E-01
    0.10301E+01    0.24382E-01
    0.10509E+01    0.23279E-01
    0.10721E+01    0.22223E-01
    0.10938E+01    0.21214E-01
    0.11159E+01    0.20249E-01
    0.11384E+01    0.19327E-01
    0.11614E+01    0.18446E-01
    0.11849E+01    0.17603E-01
    0.12088E+01    0.16798E-01
    0.12333E+01    0.16028E-01
    0.12582E+01    0.15293E-01
    0.12836E+01    0.14590E-01
    0.13095E+01    0.13919E-01
    0.13360E+01    0.13278E-01
    0.13630E+01    0.12665E-01
    0.13905E+01    0.12080E-01
    0.14186E+01    0.11521E-01
    0.14472E+01    0.10987E-01
    0.14765E+01    0.10478E-01
    0.15063E+01    0.99909E-02
    0.15367E+01    0.95263E-02
    0.15678E+01    0.90827E-02
    0.15994E+01    0.86591E-02
    0.16318E+01    0.82549E-02
    0.16647E+01    0.78690E-02
    0.16984E+01    0.75006E-02
    0.17327E+01    0.71491E-02
    0.17677E+01    0.68137E-02
    0.18034E+01    0.64935E-02
    0.18398E+01    0.61881E-02
    0.18770E+01    0.58966E-02
    0.19149E+01    0.56186E-02
    0.19536E+01    0.53534E-02
    0.19930E+01    0.51003E-02
    0.20333E+01    0.48590E-02
    0.20744E+01    0.46288E-02
    0.21163E+01    0.44092E-02
    0.21590E+01    0.41999E-02
    0.22026E+01    0.40002E-02
    0.22471E+01    0.38098E-02
    0.22925E+01    0.36283E-02
    0.23388E+01    0.34552E-02
    0.23861E+01    0.32903E-02
    0.24343E+01    0.31330E-02
    0.24835E+01    0.29830E-02
    0.25336E+01    0.28401E-02
    0.25848E+01    0.27039E-02
    0.26370E+01    0.25741E-02
    0.26903E+01    0.24504E-02
    0.27447E+01    0.23325E-02
    0.28001E+01    0.22202E-02
    0.28567E+01    0.21132E-02
    0.29144E+01    0.20112E-02
    0.29733E+01    0.19140E-02
    0.30333E+01    0.18215E-02
    0.30946E+01    0.17333E-02
    0.31571E+01    0.16494E-02
    0.32209E+01    0.15694E-02
    0.32860E+01    0.14932E-02
    0.33523E+01    0.14207E-02
    0.34201E+01    0.13516E-02
    0.34892E+01    0.12858E-02
    0.35596E+01    0.12231E-02
    0.36316E+01    0.11635E-02
    0.37049E+01    0.11067E-02
    0.37798E+01    0.10526E-02
    0.38561E+01    0.10011E-02
    0.39340E+01    0.95214E-03
    0.40135E+01    0.90549E-03
    0.40946E+01    0.86109E-03
    0.41773E+01    0.81882E-03
    0.42617E+01    0.77860E-03
    0.43478E+01    0.74032E-03
    0.44356E+01    0.70389E-03
    0.45252E+01    0.66922E-03
    0.46166E+01    0.63623E-03
    0.47099E+01    0.60484E-03
    0.48050E+01    0.57498E-03
    0.49021E+01    0.54657E-03
    0.50011E+01    0.51954E-03
    0.51021E+01    0.49382E-03
    0.52052E+01    0.46936E-03
    0.53104E+01    0.44610E-03
    0.54176E+01    0.42397E-03
    0.55271E+01    0.40293E-03
    0.56387E+01    0.38291E-03
    0.57526E+01    0.36388E-03
    0.58689E+01    0.34578E-03
    0.59874E+01    0.32857E-03
    0.61084E+01    0.31220E-03
    0.62318E+01    0.29664E-03
    0.63577E+01    0.28184E-03
    0.64861E+01    0.26777E-03
    0.66171E+01    0.25438E-03
    0.67508E+01    0.24166E-03
    0.68872E+01    0.22956E-03
    0.70263E+01    0.21806E-03
    0.71682E+01    0.20713E-03
    0.73130E+01    0.19673E-03
    0.74608E+01    0.18685E-03
    0.76115E+01    0.17746E-03
    0.77653E+01    0.16854E-03
    0.79221E+01    0.16006E-03
    0.80822E+01    0.15200E-03
    0.82454E+01    0.14434E-03
    0.84120E+01    0.13707E-03
    0.85819E+01    0.13015E-03
    0.87553E+01    0.12358E-03
    0.89322E+01    0.11734E-03
    0.91126E+01    0.11142E-03
    0.92967E+01    0.10578E-03
    0.94845E+01    0.10043E-03
    0.96761E+01    0.95348E-04
    0.98716E+01    0.90519E-04
    0.10071E+02    0.85930E-04
    0.10274E+02    0.81572E-04
    0.10482E+02    0.77432E-04
    0.10694E+02    0.73499E-04
    0.10910E+02    0.69763E-04
    0.11130E+02    0.66216E-04
    0.11355E+02    0.62846E-04
    0.11584E+02    0.59646E-04
    0.11818E+02    0.56608E-04
    0.12057E+02    0.53722E-04
    0.12301E+02    0.50982E-04
    0.12549E+02    0.48381E-04
    0.12803E+02    0.45910E-04
    0.13061E+02    0.43565E-04
    0.13325E+02    0.41339E-04
    0.13594E+02    0.39225E-04
    0.13869E+02    0.37218E-04
    0.14149E+02    0.35312E-04
    0.14435E+02    0.33503E-04
    0.14727E+02    0.31786E-04
    0.15024E+02    0.30156E-04
    0.15328E+02    0.28609E-04
    0.15637E+02    0.27140E-04
    0.15953E+02    0.25746E-04
    0.16275E+02    0.24423E-04
    0.16604E+02    0.23167E-04
    0.16940E+02    0.21976E-04
    0.17282E+02    0.20844E-04
    0.17631E+02    0.19771E-04
    0.17987E+02    0.18752E-04
    0.18351E+02    0.17785E-04
    0.18721E+02    0.16868E-04
    0.19099E+02    0.15997E-04
    0.19485E+02    0.15171E-04
    0.19879E+02    0.14388E-04
    0.20280E+02    0.13644E-04
    0.20690E+02    0.12938E-04
    0.21108E+02    0.12269E-04
    0.21535E+02    0.11634E-04
    0.21970E+02    0.11032E-04
    0.22413E+02    0.10460E-04
    0.22866E+02    0.99180E-05
    0.23328E+02    0.94037E-05
    0.23799E+02    0.89158E-05
    0.24280E+02    0.84531E-05
    0.24771E+02    0.80142E-05
    0.25271E+02    0.75979E-05
    0.25782E+02    0.72030E-05
    0.26302E+02    0.68285E-05
    0.26834E+02    0.64733E-05
    0.27376E+02    0.61364E-05
    0.27929E+02    0.58170E-05
    0.28493E+02    0.55140E-05
    0.29069E+02    0.52267E-05
    0.29656E+02    0.49542E-05
    0.30255E+02    0.46959E-05
    0.30866E+02    0.44509E-05
    0.31490E+02    0.42186E-05
    0.32126E+02    0.39983E-05
    0.32775E+02    0.37894E-05
    0.33437E+02    0.35913E-05
    0.34112E+02    0.34035E-05
    0.34801E+02    0.32255E-05
    0.35504E+02    0.30567E-05
    0.36222E+02    0.28966E-05
    0.36953E+02    0.27449E-05
    0.37700E+02    0.26010E-05
    0.38462E+02    0.24647E-05
    0.39239E+02    0.23354E-05
    0.40031E+02    0.22129E-05
    0.40840E+02    0.20967E-05
    0.41665E+02    0.19866E-05
    0.42507E+02    0.18823E-05
    0.43365E+02    0.17833E-05
    0.44241E+02    0.16896E-05
    0.45135E+02    0.16007E-05
    0.46047E+02    0.15165E-05
    0.46977E+02    0.14367E-05
    0.47926E+02    0.13610E-05
    0.48894E+02    0.12893E-05
    0.49882E+02    0.12214E-05
    0.50890E+02    0.11570E-05
    0.51918E+02    0.10959E-05
    0.52966E+02    0.10381E-05
    0.54036E+02    0.98332E-06
    0.55128E+02    0.93139E-06
    0.56242E+02    0.88219E-06
    0.57378E+02    0.83556E-06
    0.58537E+02    0.79138E-06
    0.59720E+02    0.74952E-06
    0.60926E+02    0.70986E-06
    0.62157E+02    0.67228E-06
    0.63412E+02    0.63668E-06
    0.64693E+02    0.60295E-06
    0.66000E+02    0.57099E-06
    0.67334E+02    0.54071E-06
    0.68694E+02    0.51203E-06
    0.70082E+02    0.48486E-06
    0.71497E+02    0.45912E-06
    0.72942E+02    0.43473E-06
    0.74415E+02    0.41163E-06
    0.75918E+02    0.38975E-06
    0.77452E+02    0.36902E-06
    0.79017E+02    0.34939E-06
    0.80613E+02    0.33079E-06
    0.82241E+02    0.31318E-06
    0.83903E+02    0.29649E-06
    0.85598E+02    0.28069E-06
    0.87327E+02    0.26572E-06
    0.89091E+02    0.25155E-06
    0.90891E+02    0.23812E-06
    0.92727E+02    0.22541E-06
    0.94600E+02    0.21337E-06
    0.96511E+02    0.20196E-06
    0.98461E+02    0.19116E-06
    0.10045E+03    0.18094E-06
    0.10248E+03    0.17125E-06
    0.10455E+03    0.16208E-06
    0.10666E+03    0.15340E-06
    0.10882E+03    0.14518E-06
    0.11101E+03    0.13739E-06
    0.11326E+03    0.13002E-06
    0.11554E+03    0.12304E-06
    0.11788E+03    0.11643E-06
    0.12026E+03    0.11017E-06
    0.12269E+03    0.10425E-06
    0.12517E+03    0.98639E-07
    0.12770E+03    0.93329E-07
    0.13028E+03    0.88302E-07
    0.13291E+03    0.83543E-07
    0.13559E+03    0.79038E-07
    0.13833E+03    0.74774E-07
    0.14113E+03    0.70738E-07
    0.14398E+03    0.66917E-07
    0.14689E+03    0.63300E-07
    0.14985E+03    0.59876E-07
    0.15288E+03    0.56635E-07
    0.15597E+03    0.53567E-07
    0.15912E+03    0.50662E-07
    0.16233E+03    0.47913E-07
    0.16561E+03    0.45310E-07
    0.16896E+03    0.42846E-07
    0.17237E+03    0.40515E-07
    0.17585E+03    0.38308E-07
    0.17941E+03    0.36220E-07
    0.18303E+03    0.34244E-07
    0.18673E+03    0.32376E-07
    0.19050E+03    0.30608E-07
    0.19435E+03    0.28937E-07
    0.19828E+03    0.27356E-07
    0.20228E+03    0.25862E-07
