    0.10000E-03    0.14941E+00
    0.10202E-03    0.15236E+00
    0.10408E-03    0.15538E+00
    0.10618E-03    0.15845E+00
    0.10833E-03    0.16158E+00
    0.11052E-03    0.16477E+00
    0.11275E-03    0.16803E+00
    0.11503E-03    0.17135E+00
    0.11735E-03    0.17474E+00
    0.11972E-03    0.17820E+00
    0.12214E-03    0.18172E+00
    0.12461E-03    0.18531E+00
    0.12712E-03    0.18898E+00
    0.12969E-03    0.19271E+00
    0.13231E-03    0.19652E+00
    0.13499E-03    0.20041E+00
    0.13771E-03    0.20437E+00
    0.14049E-03    0.20841E+00
    0.14333E-03    0.21253E+00
    0.14623E-03    0.21673E+00
    0.14918E-03    0.22102E+00
    0.15220E-03    0.22539E+00
    0.15527E-03    0.22984E+00
    0.15841E-03    0.23438E+00
    0.16161E-03    0.23902E+00
    0.16487E-03    0.24374E+00
    0.16820E-03    0.24856E+00
    0.17160E-03    0.25348E+00
    0.17507E-03    0.25849E+00
    0.17860E-03    0.26360E+00
    0.18221E-03    0.26881E+00
    0.18589E-03    0.27412E+00
    0.18965E-03    0.27954E+00
    0.19348E-03    0.28506E+00
    0.19739E-03    0.29070E+00
    0.20138E-03    0.29644E+00
    0.20544E-03    0.30230E+00
    0.20959E-03    0.30828E+00
    0.21383E-03    0.31437E+00
    0.21815E-03    0.32059E+00
    0.22255E-03    0.32692E+00
    0.22705E-03    0.33338E+00
    0.23164E-03    0.33997E+00
    0.23632E-03    0.34669E+00
    0.24109E-03    0.35354E+00
    0.24596E-03    0.36053E+00
    0.25093E-03    0.36766E+00
    0.25600E-03    0.37492E+00
    0.26117E-03    0.38233E+00
    0.26645E-03    0.38989E+00
    0.27183E-03    0.39759E+00
    0.27732E-03    0.40545E+00
    0.28292E-03    0.41346E+00
    0.28864E-03    0.42163E+00
    0.29447E-03    0.42996E+00
    0.30042E-03    0.43845E+00
    0.30649E-03    0.44712E+00
    0.31268E-03    0.45595E+00
    0.31899E-03    0.46496E+00
    0.32544E-03    0.47414E+00
    0.33201E-03    0.48351E+00
    0.33872E-03    0.49306E+00
    0.34556E-03    0.50280E+00
    0.35254E-03    0.51273E+00
    0.35966E-03    0.52286E+00
    0.36693E-03    0.53319E+00
    0.37434E-03    0.54372E+00
    0.38190E-03    0.55446E+00
    0.38962E-03    0.56541E+00
    0.39749E-03    0.57657E+00
    0.40552E-03    0.58796E+00
    0.41371E-03    0.59957E+00
    0.42207E-03    0.61140E+00
    0.43060E-03    0.62347E+00
    0.43929E-03    0.63578E+00
    0.44817E-03    0.64833E+00
    0.45722E-03    0.66113E+00
    0.46646E-03    0.67418E+00
    0.47588E-03    0.68749E+00
    0.48550E-03    0.70105E+00
    0.49530E-03    0.71489E+00
    0.50531E-03    0.72899E+00
    0.51552E-03    0.74338E+00
    0.52593E-03    0.75804E+00
    0.53656E-03    0.77299E+00
    0.54739E-03    0.78824E+00
    0.55845E-03    0.80379E+00
    0.56973E-03    0.81964E+00
    0.58124E-03    0.83580E+00
    0.59299E-03    0.85228E+00
    0.60496E-03    0.86908E+00
    0.61719E-03    0.88621E+00
    0.62965E-03    0.90367E+00
    0.64237E-03    0.92148E+00
    0.65535E-03    0.93964E+00
    0.66859E-03    0.95815E+00
    0.68210E-03    0.97702E+00
    0.69588E-03    0.99626E+00
    0.70993E-03    0.10159E+01
    0.72427E-03    0.10359E+01
    0.73891E-03    0.10563E+01
    0.75383E-03    0.10771E+01
    0.76906E-03    0.10983E+01
    0.78460E-03    0.11199E+01
    0.80045E-03    0.11419E+01
    0.81662E-03    0.11643E+01
    0.83311E-03    0.11872E+01
    0.84994E-03    0.12106E+01
    0.86711E-03    0.12344E+01
    0.88463E-03    0.12586E+01
    0.90250E-03    0.12833E+01
    0.92073E-03    0.13085E+01
    0.93933E-03    0.13342E+01
    0.95831E-03    0.13604E+01
    0.97767E-03    0.13871E+01
    0.99742E-03    0.14143E+01
    0.10176E-02    0.14420E+01
    0.10381E-02    0.14703E+01
    0.10591E-02    0.14991E+01
    0.10805E-02    0.15284E+01
    0.11023E-02    0.15584E+01
    0.11246E-02    0.15889E+01
    0.11473E-02    0.16199E+01
    0.11705E-02    0.16516E+01
    0.11941E-02    0.16839E+01
    0.12182E-02    0.17168E+01
    0.12429E-02    0.17503E+01
    0.12680E-02    0.17845E+01
    0.12936E-02    0.18193E+01
    0.13197E-02    0.18547E+01
    0.13464E-02    0.18909E+01
    0.13736E-02    0.19277E+01
    0.14013E-02    0.19652E+01
    0.14296E-02    0.20034E+01
    0.14585E-02    0.20424E+01
    0.14880E-02    0.20820E+01
    0.15180E-02    0.21224E+01
    0.15487E-02    0.21636E+01
    0.15800E-02    0.22055E+01
    0.16119E-02    0.22482E+01
    0.16445E-02    0.22917E+01
    0.16777E-02    0.23360E+01
    0.17116E-02    0.23811E+01
    0.17462E-02    0.24270E+01
    0.17814E-02    0.24738E+01
    0.18174E-02    0.25214E+01
    0.18541E-02    0.25699E+01
    0.18916E-02    0.26193E+01
    0.19298E-02    0.26696E+01
    0.19688E-02    0.27207E+01
    0.20086E-02    0.27728E+01
    0.20491E-02    0.28258E+01
    0.20905E-02    0.28798E+01
    0.21328E-02    0.29347E+01
    0.21758E-02    0.29906E+01
    0.22198E-02    0.30475E+01
    0.22646E-02    0.31053E+01
    0.23104E-02    0.31642E+01
    0.23571E-02    0.32240E+01
    0.24047E-02    0.32849E+01
    0.24533E-02    0.33469E+01
    0.25028E-02    0.34099E+01
    0.25534E-02    0.34739E+01
    0.26050E-02    0.35390E+01
    0.26576E-02    0.36053E+01
    0.27113E-02    0.36726E+01
    0.27660E-02    0.37410E+01
    0.28219E-02    0.38105E+01
    0.28789E-02    0.38812E+01
    0.29371E-02    0.39530E+01
    0.29964E-02    0.40259E+01
    0.30569E-02    0.41000E+01
    0.31187E-02    0.41752E+01
    0.31817E-02    0.42516E+01
    0.32460E-02    0.43292E+01
    0.33115E-02    0.44080E+01
    0.33784E-02    0.44879E+01
    0.34467E-02    0.45690E+01
    0.35163E-02    0.46514E+01
    0.35874E-02    0.47349E+01
    0.36598E-02    0.48196E+01
    0.37338E-02    0.49055E+01
    0.38092E-02    0.49926E+01
    0.38861E-02    0.50809E+01
    0.39646E-02    0.51704E+01
    0.40447E-02    0.52612E+01
    0.41264E-02    0.53531E+01
    0.42098E-02    0.54462E+01
    0.42948E-02    0.55404E+01
    0.43816E-02    0.56359E+01
    0.44701E-02    0.57326E+01
    0.45604E-02    0.58304E+01
    0.46525E-02    0.59293E+01
    0.47465E-02    0.60295E+01
    0.48424E-02    0.61307E+01
    0.49402E-02    0.62331E+01
    0.50400E-02    0.63366E+01
    0.51419E-02    0.64412E+01
    0.52457E-02    0.65468E+01
    0.53517E-02    0.66535E+01
    0.54598E-02    0.67613E+01
    0.55701E-02    0.68701E+01
    0.56826E-02    0.69799E+01
    0.57974E-02    0.70906E+01
    0.59145E-02    0.72023E+01
    0.60340E-02    0.73150E+01
    0.61559E-02    0.74285E+01
    0.62803E-02    0.75429E+01
    0.64072E-02    0.76581E+01
    0.65366E-02    0.77741E+01
    0.66686E-02    0.78909E+01
    0.68033E-02    0.80084E+01
    0.69408E-02    0.81267E+01
    0.70810E-02    0.82455E+01
    0.72240E-02    0.83650E+01
    0.73700E-02    0.84850E+01
    0.75189E-02    0.86055E+01
    0.76708E-02    0.87265E+01
    0.78257E-02    0.88479E+01
    0.79838E-02    0.89696E+01
    0.81451E-02    0.90916E+01
    0.83096E-02    0.92138E+01
    0.84775E-02    0.93362E+01
    0.86488E-02    0.94587E+01
    0.88235E-02    0.95811E+01
    0.90017E-02    0.97036E+01
    0.91836E-02    0.98258E+01
    0.93691E-02    0.99478E+01
    0.95583E-02    0.10070E+02
    0.97514E-02    0.10191E+02
    0.99484E-02    0.10312E+02
    0.10149E-01    0.10432E+02
    0.10354E-01    0.10551E+02
    0.10564E-01    0.10670E+02
    0.10777E-01    0.10787E+02
    0.10995E-01    0.10904E+02
    0.11217E-01    0.11019E+02
    0.11443E-01    0.11133E+02
    0.11675E-01    0.11246E+02
    0.11910E-01    0.11357E+02
    0.12151E-01    0.11466E+02
    0.12397E-01    0.11573E+02
    0.12647E-01    0.11679E+02
    0.12902E-01    0.11782E+02
    0.13163E-01    0.11883E+02
    0.13429E-01    0.11981E+02
    0.13700E-01    0.12076E+02
    0.13977E-01    0.12169E+02
    0.14259E-01    0.12259E+02
    0.14547E-01    0.12345E+02
    0.14841E-01    0.12429E+02
    0.15141E-01    0.12508E+02
    0.15447E-01    0.12584E+02
    0.15759E-01    0.12656E+02
    0.16077E-01    0.12724E+02
    0.16402E-01    0.12787E+02
    0.16734E-01    0.12846E+02
    0.17072E-01    0.12901E+02
    0.17416E-01    0.12950E+02
    0.17768E-01    0.12995E+02
    0.18127E-01    0.13034E+02
    0.18493E-01    0.13067E+02
    0.18867E-01    0.13095E+02
    0.19248E-01    0.13117E+02
    0.19637E-01    0.13133E+02
    0.20034E-01    0.13143E+02
    0.20438E-01    0.13147E+02
    0.20851E-01    0.13144E+02
    0.21272E-01    0.13134E+02
    0.21702E-01    0.13118E+02
    0.22141E-01    0.13094E+02
    0.22588E-01    0.13064E+02
    0.23044E-01    0.13026E+02
    0.23510E-01    0.12982E+02
    0.23985E-01    0.12930E+02
    0.24469E-01    0.12870E+02
    0.24964E-01    0.12804E+02
    0.25468E-01    0.12730E+02
    0.25982E-01    0.12648E+02
    0.26507E-01    0.12559E+02
    0.27043E-01    0.12463E+02
    0.27589E-01    0.12360E+02
    0.28146E-01    0.12250E+02
    0.28715E-01    0.12133E+02
    0.29295E-01    0.12009E+02
    0.29887E-01    0.11878E+02
    0.30490E-01    0.11741E+02
    0.31106E-01    0.11598E+02
    0.31735E-01    0.11449E+02
    0.32376E-01    0.11295E+02
    0.33030E-01    0.11136E+02
    0.33697E-01    0.10972E+02
    0.34378E-01    0.10803E+02
    0.35072E-01    0.10630E+02
    0.35781E-01    0.10454E+02
    0.36504E-01    0.10275E+02
    0.37241E-01    0.10093E+02
    0.37993E-01    0.99091E+01
    0.38761E-01    0.97233E+01
    0.39544E-01    0.95363E+01
    0.40343E-01    0.93487E+01
    0.41158E-01    0.91608E+01
    0.41989E-01    0.89732E+01
    0.42838E-01    0.87863E+01
    0.43703E-01    0.86007E+01
    0.44586E-01    0.84166E+01
    0.45486E-01    0.82346E+01
    0.46405E-01    0.80549E+01
    0.47343E-01    0.78780E+01
    0.48299E-01    0.77041E+01
    0.49275E-01    0.75334E+01
    0.50270E-01    0.73661E+01
    0.51286E-01    0.72024E+01
    0.52322E-01    0.70424E+01
    0.53379E-01    0.68860E+01
    0.54457E-01    0.67332E+01
    0.55557E-01    0.65839E+01
    0.56680E-01    0.64379E+01
    0.57825E-01    0.62950E+01
    0.58993E-01    0.61549E+01
    0.60184E-01    0.60172E+01
    0.61400E-01    0.58816E+01
    0.62641E-01    0.57475E+01
    0.63906E-01    0.56143E+01
    0.65197E-01    0.54820E+01
    0.66514E-01    0.53498E+01
    0.67858E-01    0.52173E+01
    0.69229E-01    0.50839E+01
    0.70627E-01    0.49493E+01
    0.72054E-01    0.48129E+01
    0.73510E-01    0.46749E+01
    0.74994E-01    0.45346E+01
    0.76509E-01    0.43920E+01
    0.78055E-01    0.42473E+01
    0.79632E-01    0.41007E+01
    0.81241E-01    0.39525E+01
    0.82882E-01    0.38031E+01
    0.84556E-01    0.36533E+01
    0.86264E-01    0.35038E+01
    0.88007E-01    0.33554E+01
    0.89785E-01    0.32091E+01
    0.91598E-01    0.30658E+01
    0.93449E-01    0.29266E+01
    0.95337E-01    0.27924E+01
    0.97263E-01    0.26641E+01
    0.99227E-01    0.25425E+01
    0.10123E+00    0.24284E+01
    0.10328E+00    0.23222E+01
    0.10536E+00    0.22241E+01
    0.10749E+00    0.21344E+01
    0.10966E+00    0.20529E+01
    0.11188E+00    0.19792E+01
    0.11414E+00    0.19127E+01
    0.11644E+00    0.18527E+01
    0.11880E+00    0.17981E+01
    0.12120E+00    0.17479E+01
    0.12365E+00    0.17007E+01
    0.12614E+00    0.16553E+01
    0.12869E+00    0.16104E+01
    0.13129E+00    0.15646E+01
    0.13394E+00    0.15171E+01
    0.13665E+00    0.14670E+01
    0.13941E+00    0.14139E+01
    0.14223E+00    0.13578E+01
    0.14510E+00    0.12991E+01
    0.14803E+00    0.12385E+01
    0.15102E+00    0.11770E+01
    0.15407E+00    0.11159E+01
    0.15718E+00    0.10565E+01
    0.16036E+00    0.10002E+01
    0.16360E+00    0.94809E+00
    0.16690E+00    0.90098E+00
    0.17028E+00    0.85941E+00
    0.17371E+00    0.82345E+00
    0.17722E+00    0.79278E+00
    0.18080E+00    0.76667E+00
    0.18446E+00    0.74405E+00
    0.18818E+00    0.72364E+00
    0.19198E+00    0.70408E+00
    0.19586E+00    0.68403E+00
    0.19982E+00    0.66243E+00
    0.20386E+00    0.63859E+00
    0.20797E+00    0.61235E+00
    0.21218E+00    0.58406E+00
    0.21646E+00    0.55454E+00
    0.22083E+00    0.52491E+00
    0.22530E+00    0.49640E+00
    0.22985E+00    0.47010E+00
    0.23449E+00    0.44679E+00
    0.23923E+00    0.42679E+00
    0.24406E+00    0.40998E+00
    0.24899E+00    0.39578E+00
    0.25402E+00    0.38327E+00
    0.25915E+00    0.37140E+00
    0.26439E+00    0.35919E+00
    0.26973E+00    0.34595E+00
    0.27518E+00    0.33145E+00
    0.28074E+00    0.31592E+00
    0.28641E+00    0.29998E+00
    0.29219E+00    0.28446E+00
    0.29810E+00    0.27010E+00
    0.30412E+00    0.25741E+00
    0.31026E+00    0.24648E+00
    0.31653E+00    0.23704E+00
    0.32292E+00    0.22851E+00
    0.32945E+00    0.22024E+00
    0.33610E+00    0.21170E+00
    0.34289E+00    0.20266E+00
    0.34982E+00    0.19325E+00
    0.35689E+00    0.18384E+00
    0.36409E+00    0.17490E+00
    0.37145E+00    0.16679E+00
    0.37895E+00    0.15960E+00
    0.38661E+00    0.15316E+00
    0.39442E+00    0.14714E+00
    0.40239E+00    0.14119E+00
    0.41052E+00    0.13514E+00
    0.41881E+00    0.12900E+00
    0.42727E+00    0.12297E+00
    0.43590E+00    0.11728E+00
    0.44471E+00    0.11205E+00
    0.45369E+00    0.10727E+00
    0.46286E+00    0.10277E+00
    0.47221E+00    0.98397E-01
    0.48174E+00    0.94053E-01
    0.49148E+00    0.89776E-01
    0.50141E+00    0.85669E-01
    0.51153E+00    0.81815E-01
    0.52187E+00    0.78222E-01
    0.53241E+00    0.74826E-01
    0.54317E+00    0.71547E-01
    0.55414E+00    0.68353E-01
    0.56533E+00    0.65263E-01
    0.57675E+00    0.62320E-01
    0.58840E+00    0.59539E-01
    0.60029E+00    0.56900E-01
    0.61242E+00    0.54369E-01
    0.62479E+00    0.51928E-01
    0.63741E+00    0.49583E-01
    0.65029E+00    0.47347E-01
    0.66342E+00    0.45219E-01
    0.67683E+00    0.43184E-01
    0.69050E+00    0.41239E-01
    0.70445E+00    0.39378E-01
    0.71868E+00    0.37600E-01
    0.73320E+00    0.35899E-01
    0.74801E+00    0.34273E-01
    0.76312E+00    0.32720E-01
    0.77854E+00    0.31235E-01
    0.79426E+00    0.29816E-01
    0.81031E+00    0.28460E-01
    0.82668E+00    0.27164E-01
    0.84338E+00    0.25926E-01
    0.86041E+00    0.24743E-01
    0.87780E+00    0.23613E-01
    0.89553E+00    0.22534E-01
    0.91362E+00    0.21502E-01
    0.93208E+00    0.20517E-01
    0.95091E+00    0.19576E-01
    0.97011E+00    0.18678E-01
    0.98971E+00    0.17819E-01
    0.10097E+01    0.16999E-01
    0.10301E+01    0.16217E-01
    0.10509E+01    0.15469E-01
    0.10721E+01    0.14755E-01
    0.10938E+01    0.14073E-01
    0.11159E+01    0.13423E-01
    0.11384E+01    0.12801E-01
    0.11614E+01    0.12208E-01
    0.11849E+01    0.11642E-01
    0.12088E+01    0.11101E-01
    0.12333E+01    0.10585E-01
    0.12582E+01    0.10092E-01
    0.12836E+01    0.96223E-02
    0.13095E+01    0.91736E-02
    0.13360E+01    0.87454E-02
    0.13630E+01    0.83368E-02
    0.13905E+01    0.79469E-02
    0.14186E+01    0.75749E-02
    0.14472E+01    0.72199E-02
    0.14765E+01    0.68812E-02
    0.15063E+01    0.65581E-02
    0.15367E+01    0.62499E-02
    0.15678E+01    0.59558E-02
    0.15994E+01    0.56754E-02
    0.16318E+01    0.54078E-02
    0.16647E+01    0.51526E-02
    0.16984E+01    0.49093E-02
    0.17327E+01    0.46772E-02
    0.17677E+01    0.44558E-02
    0.18034E+01    0.42448E-02
    0.18398E+01    0.40435E-02
    0.18770E+01    0.38516E-02
    0.19149E+01    0.36686E-02
    0.19536E+01    0.34942E-02
    0.19930E+01    0.33278E-02
    0.20333E+01    0.31693E-02
    0.20744E+01    0.30182E-02
    0.21163E+01    0.28741E-02
    0.21590E+01    0.27368E-02
    0.22026E+01    0.26059E-02
    0.22471E+01    0.24811E-02
    0.22925E+01    0.23623E-02
    0.23388E+01    0.22490E-02
    0.23861E+01    0.21410E-02
    0.24343E+01    0.20382E-02
    0.24835E+01    0.19401E-02
    0.25336E+01    0.18468E-02
    0.25848E+01    0.17578E-02
    0.26370E+01    0.16730E-02
    0.26903E+01    0.15923E-02
    0.27447E+01    0.15154E-02
    0.28001E+01    0.14421E-02
    0.28567E+01    0.13723E-02
    0.29144E+01    0.13059E-02
    0.29733E+01    0.12425E-02
    0.30333E+01    0.11823E-02
    0.30946E+01    0.11249E-02
    0.31571E+01    0.10702E-02
    0.32209E+01    0.10181E-02
    0.32860E+01    0.96855E-03
    0.33523E+01    0.92136E-03
    0.34201E+01    0.87642E-03
    0.34892E+01    0.83364E-03
    0.35596E+01    0.79292E-03
    0.36316E+01    0.75415E-03
    0.37049E+01    0.71724E-03
    0.37798E+01    0.68212E-03
    0.38561E+01    0.64868E-03
    0.39340E+01    0.61686E-03
    0.40135E+01    0.58658E-03
    0.40946E+01    0.55776E-03
    0.41773E+01    0.53033E-03
    0.42617E+01    0.50423E-03
    0.43478E+01    0.47940E-03
    0.44356E+01    0.45577E-03
    0.45252E+01    0.43329E-03
    0.46166E+01    0.41190E-03
    0.47099E+01    0.39155E-03
    0.48050E+01    0.37219E-03
    0.49021E+01    0.35377E-03
    0.50011E+01    0.33625E-03
    0.51021E+01    0.31959E-03
    0.52052E+01    0.30374E-03
    0.53104E+01    0.28867E-03
    0.54176E+01    0.27433E-03
    0.55271E+01    0.26070E-03
    0.56387E+01    0.24773E-03
    0.57526E+01    0.23540E-03
    0.58689E+01    0.22368E-03
    0.59874E+01    0.21253E-03
    0.61084E+01    0.20193E-03
    0.62318E+01    0.19185E-03
    0.63577E+01    0.18227E-03
    0.64861E+01    0.17316E-03
    0.66171E+01    0.16450E-03
    0.67508E+01    0.15627E-03
    0.68872E+01    0.14844E-03
    0.70263E+01    0.14100E-03
    0.71682E+01    0.13393E-03
    0.73130E+01    0.12721E-03
    0.74608E+01    0.12082E-03
    0.76115E+01    0.11475E-03
    0.77653E+01    0.10898E-03
    0.79221E+01    0.10349E-03
    0.80822E+01    0.98279E-04
    0.82454E+01    0.93325E-04
    0.84120E+01    0.88619E-04
    0.85819E+01    0.84146E-04
    0.87553E+01    0.79896E-04
    0.89322E+01    0.75859E-04
    0.91126E+01    0.72022E-04
    0.92967E+01    0.68378E-04
    0.94845E+01    0.64916E-04
    0.96761E+01    0.61627E-04
    0.98716E+01    0.58503E-04
    0.10071E+02    0.55536E-04
    0.10274E+02    0.52718E-04
    0.10482E+02    0.50042E-04
    0.10694E+02    0.47500E-04
    0.10910E+02    0.45086E-04
    0.11130E+02    0.42794E-04
    0.11355E+02    0.40617E-04
    0.11584E+02    0.38550E-04
    0.11818E+02    0.36587E-04
    0.12057E+02    0.34722E-04
    0.12301E+02    0.32952E-04
    0.12549E+02    0.31271E-04
    0.12803E+02    0.29675E-04
    0.13061E+02    0.28159E-04
    0.13325E+02    0.26720E-04
    0.13594E+02    0.25353E-04
    0.13869E+02    0.24055E-04
    0.14149E+02    0.22823E-04
    0.14435E+02    0.21654E-04
    0.14727E+02    0.20544E-04
    0.15024E+02    0.19490E-04
    0.15328E+02    0.18490E-04
    0.15637E+02    0.17540E-04
    0.15953E+02    0.16639E-04
    0.16275E+02    0.15784E-04
    0.16604E+02    0.14972E-04
    0.16940E+02    0.14202E-04
    0.17282E+02    0.13471E-04
    0.17631E+02    0.12778E-04
    0.17987E+02    0.12119E-04
    0.18351E+02    0.11495E-04
    0.18721E+02    0.10902E-04
    0.19099E+02    0.10339E-04
    0.19485E+02    0.98055E-05
    0.19879E+02    0.92990E-05
    0.20280E+02    0.88185E-05
    0.20690E+02    0.83625E-05
    0.21108E+02    0.79299E-05
    0.21535E+02    0.75195E-05
    0.21970E+02    0.71301E-05
    0.22413E+02    0.67607E-05
    0.22866E+02    0.64103E-05
    0.23328E+02    0.60779E-05
    0.23799E+02    0.57626E-05
    0.24280E+02    0.54635E-05
    0.24771E+02    0.51798E-05
    0.25271E+02    0.49107E-05
    0.25782E+02    0.46555E-05
    0.26302E+02    0.44135E-05
    0.26834E+02    0.41839E-05
    0.27376E+02    0.39662E-05
    0.27929E+02    0.37597E-05
    0.28493E+02    0.35639E-05
    0.29069E+02    0.33782E-05
    0.29656E+02    0.32021E-05
    0.30255E+02    0.30351E-05
    0.30866E+02    0.28767E-05
    0.31490E+02    0.27265E-05
    0.32126E+02    0.25842E-05
    0.32775E+02    0.24492E-05
    0.33437E+02    0.23212E-05
    0.34112E+02    0.21998E-05
    0.34801E+02    0.20847E-05
    0.35504E+02    0.19757E-05
    0.36222E+02    0.18722E-05
    0.36953E+02    0.17742E-05
    0.37700E+02    0.16812E-05
    0.38462E+02    0.15931E-05
    0.39239E+02    0.15096E-05
    0.40031E+02    0.14304E-05
    0.40840E+02    0.13553E-05
    0.41665E+02    0.12842E-05
    0.42507E+02    0.12167E-05
    0.43365E+02    0.11528E-05
    0.44241E+02    0.10922E-05
    0.45135E+02    0.10348E-05
    0.46047E+02    0.98034E-06
    0.46977E+02    0.92875E-06
    0.47926E+02    0.87985E-06
    0.48894E+02    0.83351E-06
    0.49882E+02    0.78959E-06
    0.50890E+02    0.74797E-06
    0.51918E+02    0.70853E-06
    0.52966E+02    0.67115E-06
    0.54036E+02    0.63573E-06
    0.55128E+02    0.60217E-06
    0.56242E+02    0.57036E-06
    0.57378E+02    0.54023E-06
    0.58537E+02    0.51167E-06
    0.59720E+02    0.48461E-06
    0.60926E+02    0.45897E-06
    0.62157E+02    0.43468E-06
    0.63412E+02    0.41167E-06
    0.64693E+02    0.38986E-06
    0.66000E+02    0.36920E-06
    0.67334E+02    0.34963E-06
    0.68694E+02    0.33109E-06
    0.70082E+02    0.31352E-06
    0.71497E+02    0.29688E-06
    0.72942E+02    0.28112E-06
    0.74415E+02    0.26619E-06
    0.75918E+02    0.25204E-06
    0.77452E+02    0.23864E-06
    0.79017E+02    0.22595E-06
    0.80613E+02    0.21393E-06
    0.82241E+02    0.20254E-06
    0.83903E+02    0.19176E-06
    0.85598E+02    0.18154E-06
    0.87327E+02    0.17187E-06
    0.89091E+02    0.16271E-06
    0.90891E+02    0.15403E-06
    0.92727E+02    0.14581E-06
    0.94600E+02    0.13802E-06
    0.96511E+02    0.13065E-06
    0.98461E+02    0.12367E-06
    0.10045E+03    0.11706E-06
    0.10248E+03    0.11080E-06
    0.10455E+03    0.10487E-06
    0.10666E+03    0.99255E-07
    0.10882E+03    0.93938E-07
    0.11101E+03    0.88904E-07
    0.11326E+03    0.84137E-07
    0.11554E+03    0.79624E-07
    0.11788E+03    0.75350E-07
    0.12026E+03    0.71304E-07
    0.12269E+03    0.67473E-07
    0.12517E+03    0.63846E-07
    0.12770E+03    0.60412E-07
    0.13028E+03    0.57162E-07
    0.13291E+03    0.54084E-07
    0.13559E+03    0.51171E-07
    0.13833E+03    0.48413E-07
    0.14113E+03    0.45802E-07
    0.14398E+03    0.43331E-07
    0.14689E+03    0.40992E-07
    0.14985E+03    0.38778E-07
    0.15288E+03    0.36682E-07
    0.15597E+03    0.34698E-07
    0.15912E+03    0.32820E-07
    0.16233E+03    0.31042E-07
    0.16561E+03    0.29359E-07
    0.16896E+03    0.27766E-07
    0.17237E+03    0.26258E-07
    0.17585E+03    0.24831E-07
    0.17941E+03    0.23480E-07
    0.18303E+03    0.22201E-07
    0.18673E+03    0.20992E-07
    0.19050E+03    0.19847E-07
    0.19435E+03    0.18764E-07
    0.19828E+03    0.17740E-07
    0.20228E+03    0.16771E-07
    0.20637E+03    0.15855E-07
    0.21054E+03    0.14989E-07
