#           k/h    P           
    0.10000E-03    0.14970E+00
    0.10202E-03    0.15266E+00
    0.10408E-03    0.15567E+00
    0.10618E-03    0.15875E+00
    0.10833E-03    0.16189E+00
    0.11052E-03    0.16509E+00
    0.11275E-03    0.16835E+00
    0.11503E-03    0.17168E+00
    0.11735E-03    0.17508E+00
    0.11972E-03    0.17854E+00
    0.12214E-03    0.18207E+00
    0.12461E-03    0.18567E+00
    0.12712E-03    0.18934E+00
    0.12969E-03    0.19308E+00
    0.13231E-03    0.19690E+00
    0.13499E-03    0.20079E+00
    0.13771E-03    0.20476E+00
    0.14049E-03    0.20881E+00
    0.14333E-03    0.21294E+00
    0.14623E-03    0.21715E+00
    0.14918E-03    0.22144E+00
    0.15220E-03    0.22582E+00
    0.15527E-03    0.23028E+00
    0.15841E-03    0.23483E+00
    0.16161E-03    0.23947E+00
    0.16487E-03    0.24421E+00
    0.16820E-03    0.24903E+00
    0.17160E-03    0.25396E+00
    0.17507E-03    0.25898E+00
    0.17860E-03    0.26410E+00
    0.18221E-03    0.26932E+00
    0.18589E-03    0.27464E+00
    0.18965E-03    0.28007E+00
    0.19348E-03    0.28560E+00
    0.19739E-03    0.29125E+00
    0.20138E-03    0.29700E+00
    0.20544E-03    0.30287E+00
    0.20959E-03    0.30886E+00
    0.21383E-03    0.31496E+00
    0.21815E-03    0.32119E+00
    0.22255E-03    0.32754E+00
    0.22705E-03    0.33401E+00
    0.23164E-03    0.34061E+00
    0.23632E-03    0.34734E+00
    0.24109E-03    0.35420E+00
    0.24596E-03    0.36120E+00
    0.25093E-03    0.36834E+00
    0.25600E-03    0.37562E+00
    0.26117E-03    0.38304E+00
    0.26645E-03    0.39061E+00
    0.27183E-03    0.39833E+00
    0.27732E-03    0.40620E+00
    0.28292E-03    0.41422E+00
    0.28864E-03    0.42240E+00
    0.29447E-03    0.43075E+00
    0.30042E-03    0.43926E+00
    0.30649E-03    0.44793E+00
    0.31268E-03    0.45678E+00
    0.31899E-03    0.46580E+00
    0.32544E-03    0.47500E+00
    0.33201E-03    0.48439E+00
    0.33872E-03    0.49395E+00
    0.34556E-03    0.50371E+00
    0.35254E-03    0.51365E+00
    0.35966E-03    0.52380E+00
    0.36693E-03    0.53414E+00
    0.37434E-03    0.54468E+00
    0.38190E-03    0.55544E+00
    0.38962E-03    0.56640E+00
    0.39749E-03    0.57758E+00
    0.40552E-03    0.58898E+00
    0.41371E-03    0.60061E+00
    0.42207E-03    0.61246E+00
    0.43060E-03    0.62455E+00
    0.43929E-03    0.63687E+00
    0.44817E-03    0.64944E+00
    0.45722E-03    0.66225E+00
    0.46646E-03    0.67531E+00
    0.47588E-03    0.68864E+00
    0.48550E-03    0.70222E+00
    0.49530E-03    0.71607E+00
    0.50531E-03    0.73019E+00
    0.51552E-03    0.74458E+00
    0.52593E-03    0.75926E+00
    0.53656E-03    0.77423E+00
    0.54739E-03    0.78949E+00
    0.55845E-03    0.80505E+00
    0.56973E-03    0.82091E+00
    0.58124E-03    0.83709E+00
    0.59299E-03    0.85358E+00
    0.60496E-03    0.87039E+00
    0.61719E-03    0.88753E+00
    0.62965E-03    0.90501E+00
    0.64237E-03    0.92283E+00
    0.65535E-03    0.94099E+00
    0.66859E-03    0.95951E+00
    0.68210E-03    0.97839E+00
    0.69588E-03    0.99763E+00
    0.70993E-03    0.10173E+01
    0.72427E-03    0.10373E+01
    0.73891E-03    0.10577E+01
    0.75383E-03    0.10784E+01
    0.76906E-03    0.10996E+01
    0.78460E-03    0.11212E+01
    0.80045E-03    0.11433E+01
    0.81662E-03    0.11657E+01
    0.83311E-03    0.11886E+01
    0.84994E-03    0.12119E+01
    0.86711E-03    0.12357E+01
    0.88463E-03    0.12599E+01
    0.90250E-03    0.12846E+01
    0.92073E-03    0.13098E+01
    0.93933E-03    0.13354E+01
    0.95831E-03    0.13616E+01
    0.97767E-03    0.13883E+01
    0.99742E-03    0.14154E+01
    0.10176E-02    0.14431E+01
    0.10381E-02    0.14713E+01
    0.10591E-02    0.15001E+01
    0.10805E-02    0.15294E+01
    0.11023E-02    0.15592E+01
    0.11246E-02    0.15897E+01
    0.11473E-02    0.16207E+01
    0.11705E-02    0.16523E+01
    0.11941E-02    0.16844E+01
    0.12182E-02    0.17172E+01
    0.12429E-02    0.17507E+01
    0.12680E-02    0.17847E+01
    0.12936E-02    0.18194E+01
    0.13197E-02    0.18547E+01
    0.13464E-02    0.18907E+01
    0.13736E-02    0.19274E+01
    0.14013E-02    0.19647E+01
    0.14296E-02    0.20027E+01
    0.14585E-02    0.20415E+01
    0.14880E-02    0.20809E+01
    0.15180E-02    0.21211E+01
    0.15487E-02    0.21620E+01
    0.15800E-02    0.22037E+01
    0.16119E-02    0.22461E+01
    0.16445E-02    0.22894E+01
    0.16777E-02    0.23333E+01
    0.17116E-02    0.23781E+01
    0.17462E-02    0.24237E+01
    0.17814E-02    0.24701E+01
    0.18174E-02    0.25173E+01
    0.18541E-02    0.25654E+01
    0.18916E-02    0.26143E+01
    0.19298E-02    0.26641E+01
    0.19688E-02    0.27148E+01
    0.20086E-02    0.27664E+01
    0.20491E-02    0.28188E+01
    0.20905E-02    0.28722E+01
    0.21328E-02    0.29264E+01
    0.21758E-02    0.29816E+01
    0.22198E-02    0.30378E+01
    0.22646E-02    0.30949E+01
    0.23104E-02    0.31530E+01
    0.23571E-02    0.32120E+01
    0.24047E-02    0.32720E+01
    0.24533E-02    0.33330E+01
    0.25028E-02    0.33950E+01
    0.25534E-02    0.34581E+01
    0.26050E-02    0.35221E+01
    0.26576E-02    0.35872E+01
    0.27113E-02    0.36533E+01
    0.27660E-02    0.37204E+01
    0.28219E-02    0.37887E+01
    0.28789E-02    0.38579E+01
    0.29371E-02    0.39283E+01
    0.29964E-02    0.39997E+01
    0.30569E-02    0.40722E+01
    0.31187E-02    0.41458E+01
    0.31817E-02    0.42205E+01
    0.32460E-02    0.42963E+01
    0.33115E-02    0.43731E+01
    0.33784E-02    0.44511E+01
    0.34467E-02    0.45302E+01
    0.35163E-02    0.46104E+01
    0.35874E-02    0.46917E+01
    0.36598E-02    0.47741E+01
    0.37338E-02    0.48577E+01
    0.38092E-02    0.49423E+01
    0.38861E-02    0.50281E+01
    0.39646E-02    0.51150E+01
    0.40447E-02    0.52029E+01
    0.41264E-02    0.52921E+01
    0.42098E-02    0.53823E+01
    0.42948E-02    0.54736E+01
    0.43816E-02    0.55660E+01
    0.44701E-02    0.56595E+01
    0.45604E-02    0.57541E+01
    0.46525E-02    0.58498E+01
    0.47465E-02    0.59466E+01
    0.48424E-02    0.60444E+01
    0.49402E-02    0.61433E+01
    0.50400E-02    0.62432E+01
    0.51419E-02    0.63441E+01
    0.52457E-02    0.64461E+01
    0.53517E-02    0.65491E+01
    0.54598E-02    0.66531E+01
    0.55701E-02    0.67580E+01
    0.56826E-02    0.68639E+01
    0.57974E-02    0.69707E+01
    0.59145E-02    0.70785E+01
    0.60340E-02    0.71871E+01
    0.61559E-02    0.72966E+01
    0.62803E-02    0.74070E+01
    0.64072E-02    0.75181E+01
    0.65366E-02    0.76301E+01
    0.66686E-02    0.77428E+01
    0.68033E-02    0.78561E+01
    0.69408E-02    0.79702E+01
    0.70810E-02    0.80848E+01
    0.72240E-02    0.82000E+01
    0.73700E-02    0.83158E+01
    0.75189E-02    0.84320E+01
    0.76708E-02    0.85486E+01
    0.78257E-02    0.86655E+01
    0.79838E-02    0.87828E+01
    0.81451E-02    0.89002E+01
    0.83096E-02    0.90178E+01
    0.84775E-02    0.91354E+01
    0.86488E-02    0.92530E+01
    0.88235E-02    0.93704E+01
    0.90017E-02    0.94877E+01
    0.91836E-02    0.96047E+01
    0.93691E-02    0.97212E+01
    0.95583E-02    0.98373E+01
    0.97514E-02    0.99528E+01
    0.99484E-02    0.10068E+02
    0.10149E-01    0.10182E+02
    0.10354E-01    0.10295E+02
    0.10564E-01    0.10407E+02
    0.10777E-01    0.10518E+02
    0.10995E-01    0.10627E+02
    0.11217E-01    0.10736E+02
    0.11443E-01    0.10842E+02
    0.11675E-01    0.10947E+02
    0.11910E-01    0.11051E+02
    0.12151E-01    0.11152E+02
    0.12397E-01    0.11252E+02
    0.12647E-01    0.11349E+02
    0.12902E-01    0.11444E+02
    0.13163E-01    0.11536E+02
    0.13429E-01    0.11625E+02
    0.13700E-01    0.11712E+02
    0.13977E-01    0.11796E+02
    0.14259E-01    0.11876E+02
    0.14547E-01    0.11953E+02
    0.14841E-01    0.12027E+02
    0.15141E-01    0.12096E+02
    0.15447E-01    0.12162E+02
    0.15759E-01    0.12223E+02
    0.16077E-01    0.12280E+02
    0.16402E-01    0.12332E+02
    0.16734E-01    0.12379E+02
    0.17072E-01    0.12422E+02
    0.17416E-01    0.12459E+02
    0.17768E-01    0.12491E+02
    0.18127E-01    0.12517E+02
    0.18493E-01    0.12538E+02
    0.18867E-01    0.12552E+02
    0.19248E-01    0.12561E+02
    0.19637E-01    0.12563E+02
    0.20034E-01    0.12558E+02
    0.20438E-01    0.12547E+02
    0.20851E-01    0.12529E+02
    0.21272E-01    0.12504E+02
    0.21702E-01    0.12472E+02
    0.22141E-01    0.12432E+02
    0.22588E-01    0.12385E+02
    0.23044E-01    0.12331E+02
    0.23510E-01    0.12269E+02
    0.23985E-01    0.12200E+02
    0.24469E-01    0.12122E+02
    0.24964E-01    0.12038E+02
    0.25468E-01    0.11945E+02
    0.25982E-01    0.11845E+02
    0.26507E-01    0.11737E+02
    0.27043E-01    0.11622E+02
    0.27589E-01    0.11499E+02
    0.28146E-01    0.11369E+02
    0.28715E-01    0.11232E+02
    0.29295E-01    0.11087E+02
    0.29887E-01    0.10936E+02
    0.30490E-01    0.10778E+02
    0.31106E-01    0.10615E+02
    0.31735E-01    0.10445E+02
    0.32376E-01    0.10269E+02
    0.33030E-01    0.10088E+02
    0.33697E-01    0.99025E+01
    0.34378E-01    0.97122E+01
    0.35072E-01    0.95178E+01
    0.35781E-01    0.93198E+01
    0.36504E-01    0.91186E+01
    0.37241E-01    0.89147E+01
    0.37993E-01    0.87087E+01
    0.38761E-01    0.85010E+01
    0.39544E-01    0.82921E+01
    0.40343E-01    0.80826E+01
    0.41158E-01    0.78729E+01
    0.41989E-01    0.76636E+01
    0.42838E-01    0.74551E+01
    0.43703E-01    0.72480E+01
    0.44586E-01    0.70426E+01
    0.45486E-01    0.68395E+01
    0.46405E-01    0.66391E+01
    0.47343E-01    0.64416E+01
    0.48299E-01    0.62474E+01
    0.49275E-01    0.60567E+01
    0.50270E-01    0.58700E+01
    0.51286E-01    0.56872E+01
    0.52322E-01    0.55087E+01
    0.53379E-01    0.53345E+01
    0.54457E-01    0.51646E+01
    0.55557E-01    0.49990E+01
    0.56680E-01    0.48377E+01
    0.57825E-01    0.46806E+01
    0.58993E-01    0.45275E+01
    0.60184E-01    0.43783E+01
    0.61400E-01    0.42328E+01
    0.62641E-01    0.40905E+01
    0.63906E-01    0.39509E+01
    0.65197E-01    0.38147E+01
    0.66514E-01    0.36810E+01
    0.67858E-01    0.35496E+01
    0.69229E-01    0.34202E+01
    0.70627E-01    0.32925E+01
    0.72054E-01    0.31662E+01
    0.73510E-01    0.30415E+01
    0.74994E-01    0.29179E+01
    0.76509E-01    0.27954E+01
    0.78055E-01    0.26740E+01
    0.79632E-01    0.25539E+01
    0.81241E-01    0.24352E+01
    0.82882E-01    0.23182E+01
    0.84556E-01    0.22031E+01
    0.86264E-01    0.20903E+01
    0.88007E-01    0.19801E+01
    0.89785E-01    0.18730E+01
    0.91598E-01    0.17695E+01
    0.93449E-01    0.16699E+01
    0.95337E-01    0.15746E+01
    0.97263E-01    0.14841E+01
    0.99227E-01    0.13986E+01
    0.10123E+00    0.13184E+01
    0.10328E+00    0.12435E+01
    0.10536E+00    0.11740E+01
    0.10749E+00    0.11099E+01
    0.10966E+00    0.10510E+01
    0.11188E+00    0.99702E+00
    0.11414E+00    0.94756E+00
    0.11644E+00    0.90218E+00
    0.11880E+00    0.86037E+00
    0.12120E+00    0.82155E+00
    0.12365E+00    0.78511E+00
    0.12614E+00    0.75047E+00
    0.12869E+00    0.71704E+00
    0.13129E+00    0.68430E+00
    0.13394E+00    0.65183E+00
    0.13665E+00    0.61934E+00
    0.13941E+00    0.58665E+00
    0.14223E+00    0.55378E+00
    0.14510E+00    0.52086E+00
    0.14803E+00    0.48814E+00
    0.15102E+00    0.45600E+00
    0.15407E+00    0.42487E+00
    0.15718E+00    0.39519E+00
    0.16036E+00    0.36736E+00
    0.16360E+00    0.34170E+00
    0.16690E+00    0.31840E+00
    0.17028E+00    0.29754E+00
    0.17371E+00    0.27905E+00
    0.17722E+00    0.26275E+00
    0.18080E+00    0.24832E+00
    0.18446E+00    0.23538E+00
    0.18818E+00    0.22350E+00
    0.19198E+00    0.21226E+00
    0.19586E+00    0.20129E+00
    0.19982E+00    0.19029E+00
    0.20386E+00    0.17910E+00
    0.20797E+00    0.16770E+00
    0.21218E+00    0.15620E+00
    0.21646E+00    0.14480E+00
    0.22083E+00    0.13380E+00
    0.22530E+00    0.12348E+00
    0.22985E+00    0.11407E+00
    0.23449E+00    0.10570E+00
    0.23923E+00    0.98397E-01
    0.24406E+00    0.92077E-01
    0.24899E+00    0.86548E-01
    0.25402E+00    0.81565E-01
    0.25915E+00    0.76878E-01
    0.26439E+00    0.72278E-01
    0.26973E+00    0.67639E-01
    0.27518E+00    0.62942E-01
    0.28074E+00    0.58255E-01
    0.28641E+00    0.53707E-01
    0.29219E+00    0.49438E-01
    0.29810E+00    0.45557E-01
    0.30412E+00    0.42118E-01
    0.31026E+00    0.39106E-01
    0.31653E+00    0.36451E-01
    0.32292E+00    0.34046E-01
    0.32945E+00    0.31782E-01
    0.33610E+00    0.29579E-01
    0.34289E+00    0.27406E-01
    0.34982E+00    0.25287E-01
    0.35689E+00    0.23275E-01
    0.36409E+00    0.21426E-01
    0.37145E+00    0.19767E-01
    0.37895E+00    0.18289E-01
    0.38661E+00    0.16958E-01
    0.39442E+00    0.15729E-01
    0.40239E+00    0.14567E-01
    0.41052E+00    0.13453E-01
    0.41881E+00    0.12390E-01
    0.42727E+00    0.11392E-01
    0.43590E+00    0.10475E-01
    0.44471E+00    0.96432E-02
    0.45369E+00    0.88879E-02
    0.46286E+00    0.81931E-02
    0.47221E+00    0.75464E-02
    0.48174E+00    0.69418E-02
    0.49148E+00    0.63774E-02
    0.50141E+00    0.58538E-02
    0.51153E+00    0.53727E-02
    0.52187E+00    0.49337E-02
    0.53241E+00    0.45321E-02
    0.54317E+00    0.41611E-02
    0.55414E+00    0.38161E-02
    0.56533E+00    0.34959E-02
    0.57675E+00    0.32007E-02
    0.58840E+00    0.29309E-02
    0.60029E+00    0.26854E-02
    0.61242E+00    0.24597E-02
    0.62479E+00    0.22500E-02
    0.63741E+00    0.20559E-02
    0.65029E+00    0.18784E-02
    0.66342E+00    0.17164E-02
    0.67683E+00    0.15678E-02
    0.69050E+00    0.14315E-02
    0.70445E+00    0.13065E-02
    0.71868E+00    0.11920E-02
    0.73320E+00    0.10870E-02
    0.74801E+00    0.99089E-03
    0.76312E+00    0.90291E-03
    0.77854E+00    0.82241E-03
    0.79426E+00    0.74878E-03
    0.81031E+00    0.68147E-03
    0.82668E+00    0.61996E-03
    0.84338E+00    0.56378E-03
    0.86041E+00    0.51249E-03
    0.87780E+00    0.46569E-03
    0.89553E+00    0.42300E-03
    0.91362E+00    0.38407E-03
    0.93208E+00    0.34860E-03
    0.95091E+00    0.31629E-03
    0.97011E+00    0.28687E-03
    0.98971E+00    0.26009E-03
    0.10097E+01    0.23573E-03
    0.10301E+01    0.21357E-03
    0.10509E+01    0.19342E-03
    0.10721E+01    0.17511E-03
    0.10938E+01    0.15848E-03
    0.11159E+01    0.14337E-03
    0.11384E+01    0.12966E-03
    0.11614E+01    0.11721E-03
    0.11849E+01    0.10592E-03
    0.12088E+01    0.95684E-04
    0.12333E+01    0.86405E-04
    0.12582E+01    0.77997E-04
    0.12836E+01    0.70383E-04
    0.13095E+01    0.63489E-04
    0.13360E+01    0.57251E-04
    0.13630E+01    0.51608E-04
    0.13905E+01    0.46506E-04
    0.14186E+01    0.41894E-04
    0.14472E+01    0.37727E-04
    0.14765E+01    0.33964E-04
    0.15063E+01    0.30566E-04
    0.15367E+01    0.27499E-04
    0.15678E+01    0.24731E-04
    0.15994E+01    0.22235E-04
    0.16318E+01    0.19984E-04
    0.16647E+01    0.17955E-04
    0.16984E+01    0.16127E-04
    0.17327E+01    0.14480E-04
    0.17677E+01    0.12998E-04
    0.18034E+01    0.11663E-04
    0.18398E+01    0.10462E-04
    0.18770E+01    0.93812E-05
    0.19149E+01    0.84098E-05
    0.19536E+01    0.75365E-05
    0.19930E+01    0.67519E-05
    0.20333E+01    0.60471E-05
    0.20744E+01    0.54143E-05
    0.21163E+01    0.48462E-05
    0.21590E+01    0.43365E-05
    0.22026E+01    0.38792E-05
    0.22471E+01    0.34692E-05
    0.22925E+01    0.31016E-05
    0.23388E+01    0.27722E-05
    0.23861E+01    0.24770E-05
    0.24343E+01    0.22127E-05
    0.24835E+01    0.19760E-05
    0.25336E+01    0.17642E-05
    0.25848E+01    0.15746E-05
    0.26370E+01    0.14050E-05
    0.26903E+01    0.12533E-05
    0.27447E+01    0.11177E-05
    0.28001E+01    0.99654E-06
    0.28567E+01    0.88826E-06
    0.29144E+01    0.79153E-06
    0.29733E+01    0.70515E-06
    0.30333E+01    0.62804E-06
    0.30946E+01    0.55921E-06
    0.31571E+01    0.49780E-06
    0.32209E+01    0.44302E-06
    0.32860E+01    0.39418E-06
    0.33523E+01    0.35063E-06
    0.34201E+01    0.31181E-06
    0.34892E+01    0.27722E-06
    0.35596E+01    0.24642E-06
    0.36316E+01    0.21898E-06
    0.37049E+01    0.19455E-06
    0.37798E+01    0.17281E-06
    0.38561E+01    0.15346E-06
    0.39340E+01    0.13624E-06
    0.40135E+01    0.12093E-06
    0.40946E+01    0.10732E-06
    0.41773E+01    0.95215E-07
    0.42617E+01    0.84458E-07
    0.43478E+01    0.74900E-07
    0.44356E+01    0.66410E-07
    0.45252E+01    0.58869E-07
    0.46166E+01    0.52173E-07
    0.47099E+01    0.46229E-07
    0.48050E+01    0.40954E-07
    0.49021E+01    0.36273E-07
    0.50011E+01    0.32121E-07
    0.51021E+01    0.28438E-07
    0.52052E+01    0.25172E-07
    0.53104E+01    0.22277E-07
    0.54176E+01    0.19711E-07
    0.55271E+01    0.17438E-07
    0.56387E+01    0.15423E-07
    0.57526E+01    0.13639E-07
    0.58689E+01    0.12059E-07
    0.59874E+01    0.10660E-07
    0.61084E+01    0.94217E-08
    0.62318E+01    0.83257E-08
    0.63577E+01    0.73558E-08
    0.64861E+01    0.64978E-08
    0.66171E+01    0.57389E-08
    0.67508E+01    0.50677E-08
    0.68872E+01    0.44743E-08
    0.70263E+01    0.39496E-08
    0.71682E+01    0.34859E-08
    0.73130E+01    0.30762E-08
    0.74608E+01    0.27141E-08
    0.76115E+01    0.23943E-08
    0.77653E+01    0.21118E-08
    0.79221E+01    0.18624E-08
    0.80822E+01    0.16421E-08
    0.82454E+01    0.14477E-08
    0.84120E+01    0.12761E-08
    0.85819E+01    0.11247E-08
    0.87553E+01    0.99108E-09
    0.89322E+01    0.87321E-09
    0.91126E+01    0.76925E-09
    0.92967E+01    0.67757E-09
    0.94845E+01    0.59673E-09
    0.96761E+01    0.52547E-09
    0.98716E+01    0.46265E-09
    0.10071E+02    0.40729E-09
    0.10274E+02    0.35851E-09
    0.10482E+02    0.31553E-09
    0.10694E+02    0.27767E-09
    0.10910E+02    0.24433E-09
    0.11130E+02    0.21496E-09
    0.11355E+02    0.18910E-09
    0.11584E+02    0.16633E-09
    0.11818E+02    0.14629E-09
    0.12057E+02    0.12864E-09
    0.12301E+02    0.11311E-09
    0.12549E+02    0.99444E-10
    0.12803E+02    0.87417E-10
    0.13061E+02    0.76836E-10
    0.13325E+02    0.67528E-10
    0.13594E+02    0.59340E-10
    0.13869E+02    0.52139E-10
    0.14149E+02    0.45807E-10
    0.14435E+02    0.40240E-10
    0.14727E+02    0.35345E-10
    0.15024E+02    0.31043E-10
    0.15328E+02    0.27261E-10
    0.15637E+02    0.23938E-10
    0.15953E+02    0.21018E-10
    0.16275E+02    0.18453E-10
    0.16604E+02    0.16199E-10
    0.16940E+02    0.14219E-10
    0.17282E+02    0.12480E-10
    0.17631E+02    0.10953E-10
    0.17987E+02    0.96115E-11
    0.18351E+02    0.84337E-11
    0.18721E+02    0.73997E-11
    0.19099E+02    0.64919E-11
    0.19485E+02    0.56949E-11
    0.19879E+02    0.49954E-11
    0.20280E+02    0.43815E-11
    0.20690E+02    0.38427E-11
    0.21108E+02    0.33698E-11
    0.21535E+02    0.29550E-11
    0.21970E+02    0.25910E-11
    0.22413E+02    0.22716E-11
    0.22866E+02    0.19915E-11
    0.23328E+02    0.17458E-11
    0.23799E+02    0.15302E-11
    0.24280E+02    0.13412E-11
    0.24771E+02    0.11755E-11
    0.25271E+02    0.10302E-11
    0.25782E+02    0.90273E-12
    0.26302E+02    0.79102E-12
    0.26834E+02    0.69308E-12
    0.27376E+02    0.60724E-12
    0.27929E+02    0.53199E-12
    0.28493E+02    0.46604E-12
    0.29069E+02    0.40825E-12
    0.29656E+02    0.35760E-12
    0.30255E+02    0.31322E-12
    0.30866E+02    0.27433E-12
    0.31490E+02    0.24026E-12
    0.32126E+02    0.21041E-12
    0.32775E+02    0.18426E-12
    0.33437E+02    0.16134E-12
    0.34112E+02    0.14127E-12
    0.34801E+02    0.12369E-12
    0.35504E+02    0.10830E-12
    0.36222E+02    0.94810E-13
    0.36953E+02    0.82999E-13
    0.37700E+02    0.72656E-13
    0.38462E+02    0.63598E-13
    0.39239E+02    0.55667E-13
    0.40031E+02    0.48722E-13
    0.40840E+02    0.42642E-13
    0.41665E+02    0.37319E-13
    0.42507E+02    0.32659E-13
    0.43365E+02    0.28580E-13
    0.44241E+02    0.25009E-13
    0.45135E+02    0.21884E-13
    0.46047E+02    0.19148E-13
    0.46977E+02    0.16754E-13
    0.47926E+02    0.14658E-13
    0.48894E+02    0.12824E-13
    0.49882E+02    0.11220E-13
    0.50890E+02    0.98153E-14
    0.51918E+02    0.85866E-14
    0.52966E+02    0.75114E-14
    0.54036E+02    0.65707E-14
    0.55128E+02    0.57476E-14
    0.56242E+02    0.50274E-14
    0.57378E+02    0.43974E-14
    0.58537E+02    0.38461E-14
    0.59720E+02    0.33639E-14
    0.60926E+02    0.29420E-14
    0.62157E+02    0.25729E-14
    0.63412E+02    0.22500E-14
    0.64693E+02    0.19675E-14
    0.66000E+02    0.17204E-14
    0.67334E+02    0.15043E-14
    0.68694E+02    0.13153E-14
    0.70082E+02    0.11500E-14
    0.71497E+02    0.10054E-14
    0.72942E+02    0.87899E-15
    0.74415E+02    0.76844E-15
    0.75918E+02    0.67177E-15
    0.77452E+02    0.58725E-15
    0.79017E+02    0.51335E-15
    0.80613E+02    0.44874E-15
    0.82241E+02    0.39226E-15
    0.83903E+02    0.34287E-15
    0.85598E+02    0.29970E-15
    0.87327E+02    0.26195E-15
    0.89091E+02    0.22896E-15
    0.90891E+02    0.20011E-15
    0.92727E+02    0.17490E-15
    0.94600E+02    0.15285E-15
    0.96511E+02    0.13359E-15
    0.98461E+02    0.11674E-15
    0.10045E+03    0.10202E-15
    0.10248E+03    0.89151E-16
    0.10455E+03    0.77903E-16
    0.10666E+03    0.68072E-16
    0.10882E+03    0.59479E-16
    0.11101E+03    0.51969E-16
    0.11326E+03    0.45405E-16
    0.11554E+03    0.39669E-16
    0.11788E+03    0.34656E-16
    0.12026E+03    0.30275E-16
    0.12269E+03    0.26446E-16
    0.12517E+03    0.23102E-16
    0.12770E+03    0.20179E-16
    0.13028E+03    0.17626E-16
    0.13291E+03    0.15395E-16
    0.13559E+03    0.13446E-16
    0.13833E+03    0.11744E-16
    0.14113E+03    0.10257E-16
    0.14398E+03    0.89583E-17
    0.14689E+03    0.78239E-17
    0.14985E+03    0.68330E-17
    0.15288E+03    0.59675E-17
    0.15597E+03    0.52114E-17
    0.15912E+03    0.45509E-17
    0.16233E+03    0.39740E-17
    0.16561E+03    0.34701E-17
    0.16896E+03    0.30298E-17
    0.17237E+03    0.26453E-17
    0.17585E+03    0.23094E-17
    0.17941E+03    0.20161E-17
    0.18303E+03    0.17598E-17
    0.18673E+03    0.15361E-17
    0.19050E+03    0.13407E-17
    0.19435E+03    0.11702E-17
    0.19828E+03    0.10213E-17
    0.20228E+03    0.89131E-18
    0.20637E+03    0.77786E-18
    0.21054E+03    0.67884E-18
