    0.10000E-03    0.21267E+00
    0.10202E-03    0.21688E+00
    0.10408E-03    0.22116E+00
    0.10618E-03    0.22554E+00
    0.10833E-03    0.23000E+00
    0.11052E-03    0.23454E+00
    0.11275E-03    0.23918E+00
    0.11503E-03    0.24391E+00
    0.11735E-03    0.24873E+00
    0.11972E-03    0.25365E+00
    0.12214E-03    0.25866E+00
    0.12461E-03    0.26378E+00
    0.12712E-03    0.26899E+00
    0.12969E-03    0.27431E+00
    0.13231E-03    0.27973E+00
    0.13499E-03    0.28526E+00
    0.13771E-03    0.29090E+00
    0.14049E-03    0.29665E+00
    0.14333E-03    0.30252E+00
    0.14623E-03    0.30850E+00
    0.14918E-03    0.31460E+00
    0.15220E-03    0.32081E+00
    0.15527E-03    0.32716E+00
    0.15841E-03    0.33362E+00
    0.16161E-03    0.34022E+00
    0.16487E-03    0.34694E+00
    0.16820E-03    0.35380E+00
    0.17160E-03    0.36079E+00
    0.17507E-03    0.36793E+00
    0.17860E-03    0.37520E+00
    0.18221E-03    0.38261E+00
    0.18589E-03    0.39018E+00
    0.18965E-03    0.39789E+00
    0.19348E-03    0.40575E+00
    0.19739E-03    0.41377E+00
    0.20138E-03    0.42195E+00
    0.20544E-03    0.43029E+00
    0.20959E-03    0.43879E+00
    0.21383E-03    0.44746E+00
    0.21815E-03    0.45631E+00
    0.22255E-03    0.46533E+00
    0.22705E-03    0.47452E+00
    0.23164E-03    0.48390E+00
    0.23632E-03    0.49346E+00
    0.24109E-03    0.50321E+00
    0.24596E-03    0.51315E+00
    0.25093E-03    0.52329E+00
    0.25600E-03    0.53363E+00
    0.26117E-03    0.54418E+00
    0.26645E-03    0.55493E+00
    0.27183E-03    0.56589E+00
    0.27732E-03    0.57707E+00
    0.28292E-03    0.58847E+00
    0.28864E-03    0.60010E+00
    0.29447E-03    0.61195E+00
    0.30042E-03    0.62404E+00
    0.30649E-03    0.63637E+00
    0.31268E-03    0.64893E+00
    0.31899E-03    0.66175E+00
    0.32544E-03    0.67482E+00
    0.33201E-03    0.68815E+00
    0.33872E-03    0.70174E+00
    0.34556E-03    0.71559E+00
    0.35254E-03    0.72972E+00
    0.35966E-03    0.74413E+00
    0.36693E-03    0.75882E+00
    0.37434E-03    0.77380E+00
    0.38190E-03    0.78908E+00
    0.38962E-03    0.80466E+00
    0.39749E-03    0.82054E+00
    0.40552E-03    0.83673E+00
    0.41371E-03    0.85325E+00
    0.42207E-03    0.87008E+00
    0.43060E-03    0.88725E+00
    0.43929E-03    0.90476E+00
    0.44817E-03    0.92261E+00
    0.45722E-03    0.94081E+00
    0.46646E-03    0.95937E+00
    0.47588E-03    0.97829E+00
    0.48550E-03    0.99758E+00
    0.49530E-03    0.10173E+01
    0.50531E-03    0.10373E+01
    0.51552E-03    0.10578E+01
    0.52593E-03    0.10786E+01
    0.53656E-03    0.10999E+01
    0.54739E-03    0.11215E+01
    0.55845E-03    0.11436E+01
    0.56973E-03    0.11662E+01
    0.58124E-03    0.11892E+01
    0.59299E-03    0.12126E+01
    0.60496E-03    0.12365E+01
    0.61719E-03    0.12608E+01
    0.62965E-03    0.12856E+01
    0.64237E-03    0.13109E+01
    0.65535E-03    0.13367E+01
    0.66859E-03    0.13630E+01
    0.68210E-03    0.13898E+01
    0.69588E-03    0.14172E+01
    0.70993E-03    0.14450E+01
    0.72427E-03    0.14734E+01
    0.73891E-03    0.15024E+01
    0.75383E-03    0.15319E+01
    0.76906E-03    0.15620E+01
    0.78460E-03    0.15927E+01
    0.80045E-03    0.16240E+01
    0.81662E-03    0.16558E+01
    0.83311E-03    0.16883E+01
    0.84994E-03    0.17214E+01
    0.86711E-03    0.17552E+01
    0.88463E-03    0.17896E+01
    0.90250E-03    0.18247E+01
    0.92073E-03    0.18604E+01
    0.93933E-03    0.18968E+01
    0.95831E-03    0.19340E+01
    0.97767E-03    0.19718E+01
    0.99742E-03    0.20104E+01
    0.10176E-02    0.20497E+01
    0.10381E-02    0.20897E+01
    0.10591E-02    0.21305E+01
    0.10805E-02    0.21721E+01
    0.11023E-02    0.22145E+01
    0.11246E-02    0.22577E+01
    0.11473E-02    0.23017E+01
    0.11705E-02    0.23465E+01
    0.11941E-02    0.23922E+01
    0.12182E-02    0.24387E+01
    0.12429E-02    0.24861E+01
    0.12680E-02    0.25344E+01
    0.12936E-02    0.25836E+01
    0.13197E-02    0.26338E+01
    0.13464E-02    0.26848E+01
    0.13736E-02    0.27368E+01
    0.14013E-02    0.27898E+01
    0.14296E-02    0.28437E+01
    0.14585E-02    0.28987E+01
    0.14880E-02    0.29546E+01
    0.15180E-02    0.30116E+01
    0.15487E-02    0.30696E+01
    0.15800E-02    0.31287E+01
    0.16119E-02    0.31888E+01
    0.16445E-02    0.32500E+01
    0.16777E-02    0.33124E+01
    0.17116E-02    0.33758E+01
    0.17462E-02    0.34404E+01
    0.17814E-02    0.35061E+01
    0.18174E-02    0.35730E+01
    0.18541E-02    0.36411E+01
    0.18916E-02    0.37104E+01
    0.19298E-02    0.37808E+01
    0.19688E-02    0.38525E+01
    0.20086E-02    0.39255E+01
    0.20491E-02    0.39997E+01
    0.20905E-02    0.40752E+01
    0.21328E-02    0.41519E+01
    0.21758E-02    0.42300E+01
    0.22198E-02    0.43093E+01
    0.22646E-02    0.43900E+01
    0.23104E-02    0.44720E+01
    0.23571E-02    0.45554E+01
    0.24047E-02    0.46401E+01
    0.24533E-02    0.47262E+01
    0.25028E-02    0.48137E+01
    0.25534E-02    0.49026E+01
    0.26050E-02    0.49928E+01
    0.26576E-02    0.50845E+01
    0.27113E-02    0.51776E+01
    0.27660E-02    0.52722E+01
    0.28219E-02    0.53681E+01
    0.28789E-02    0.54655E+01
    0.29371E-02    0.55644E+01
    0.29964E-02    0.56647E+01
    0.30569E-02    0.57665E+01
    0.31187E-02    0.58697E+01
    0.31817E-02    0.59743E+01
    0.32460E-02    0.60804E+01
    0.33115E-02    0.61880E+01
    0.33784E-02    0.62971E+01
    0.34467E-02    0.64075E+01
    0.35163E-02    0.65195E+01
    0.35874E-02    0.66328E+01
    0.36598E-02    0.67476E+01
    0.37338E-02    0.68638E+01
    0.38092E-02    0.69814E+01
    0.38861E-02    0.71005E+01
    0.39646E-02    0.72209E+01
    0.40447E-02    0.73426E+01
    0.41264E-02    0.74658E+01
    0.42098E-02    0.75903E+01
    0.42948E-02    0.77160E+01
    0.43816E-02    0.78431E+01
    0.44701E-02    0.79715E+01
    0.45604E-02    0.81011E+01
    0.46525E-02    0.82319E+01
    0.47465E-02    0.83639E+01
    0.48424E-02    0.84970E+01
    0.49402E-02    0.86313E+01
    0.50400E-02    0.87667E+01
    0.51419E-02    0.89031E+01
    0.52457E-02    0.90406E+01
    0.53517E-02    0.91790E+01
    0.54598E-02    0.93184E+01
    0.55701E-02    0.94586E+01
    0.56826E-02    0.95997E+01
    0.57974E-02    0.97415E+01
    0.59145E-02    0.98841E+01
    0.60340E-02    0.10027E+02
    0.61559E-02    0.10171E+02
    0.62803E-02    0.10316E+02
    0.64072E-02    0.10461E+02
    0.65366E-02    0.10606E+02
    0.66686E-02    0.10752E+02
    0.68033E-02    0.10898E+02
    0.69408E-02    0.11044E+02
    0.70810E-02    0.11191E+02
    0.72240E-02    0.11337E+02
    0.73700E-02    0.11483E+02
    0.75189E-02    0.11630E+02
    0.76708E-02    0.11776E+02
    0.78257E-02    0.11921E+02
    0.79838E-02    0.12067E+02
    0.81451E-02    0.12211E+02
    0.83096E-02    0.12356E+02
    0.84775E-02    0.12499E+02
    0.86488E-02    0.12641E+02
    0.88235E-02    0.12783E+02
    0.90017E-02    0.12923E+02
    0.91836E-02    0.13062E+02
    0.93691E-02    0.13200E+02
    0.95583E-02    0.13335E+02
    0.97514E-02    0.13470E+02
    0.99484E-02    0.13602E+02
    0.10149E-01    0.13732E+02
    0.10354E-01    0.13860E+02
    0.10564E-01    0.13985E+02
    0.10777E-01    0.14108E+02
    0.10995E-01    0.14228E+02
    0.11217E-01    0.14345E+02
    0.11443E-01    0.14459E+02
    0.11675E-01    0.14570E+02
    0.11910E-01    0.14677E+02
    0.12151E-01    0.14780E+02
    0.12397E-01    0.14879E+02
    0.12647E-01    0.14974E+02
    0.12902E-01    0.15064E+02
    0.13163E-01    0.15150E+02
    0.13429E-01    0.15231E+02
    0.13700E-01    0.15307E+02
    0.13977E-01    0.15378E+02
    0.14259E-01    0.15443E+02
    0.14547E-01    0.15502E+02
    0.14841E-01    0.15556E+02
    0.15141E-01    0.15603E+02
    0.15447E-01    0.15644E+02
    0.15759E-01    0.15678E+02
    0.16077E-01    0.15705E+02
    0.16402E-01    0.15725E+02
    0.16734E-01    0.15738E+02
    0.17072E-01    0.15744E+02
    0.17416E-01    0.15742E+02
    0.17768E-01    0.15732E+02
    0.18127E-01    0.15714E+02
    0.18493E-01    0.15688E+02
    0.18867E-01    0.15654E+02
    0.19248E-01    0.15611E+02
    0.19637E-01    0.15560E+02
    0.20034E-01    0.15500E+02
    0.20438E-01    0.15432E+02
    0.20851E-01    0.15355E+02
    0.21272E-01    0.15269E+02
    0.21702E-01    0.15175E+02
    0.22141E-01    0.15071E+02
    0.22588E-01    0.14960E+02
    0.23044E-01    0.14839E+02
    0.23510E-01    0.14710E+02
    0.23985E-01    0.14573E+02
    0.24469E-01    0.14428E+02
    0.24964E-01    0.14274E+02
    0.25468E-01    0.14113E+02
    0.25982E-01    0.13945E+02
    0.26507E-01    0.13769E+02
    0.27043E-01    0.13587E+02
    0.27589E-01    0.13398E+02
    0.28146E-01    0.13203E+02
    0.28715E-01    0.13002E+02
    0.29295E-01    0.12797E+02
    0.29887E-01    0.12586E+02
    0.30490E-01    0.12372E+02
    0.31106E-01    0.12153E+02
    0.31735E-01    0.11932E+02
    0.32376E-01    0.11708E+02
    0.33030E-01    0.11483E+02
    0.33697E-01    0.11256E+02
    0.34378E-01    0.11028E+02
    0.35072E-01    0.10801E+02
    0.35781E-01    0.10574E+02
    0.36504E-01    0.10348E+02
    0.37241E-01    0.10124E+02
    0.37993E-01    0.99024E+01
    0.38761E-01    0.96840E+01
    0.39544E-01    0.94691E+01
    0.40343E-01    0.92584E+01
    0.41158E-01    0.90523E+01
    0.41989E-01    0.88512E+01
    0.42838E-01    0.86556E+01
    0.43703E-01    0.84658E+01
    0.44586E-01    0.82821E+01
    0.45486E-01    0.81048E+01
    0.46405E-01    0.79340E+01
    0.47343E-01    0.77698E+01
    0.48299E-01    0.76123E+01
    0.49275E-01    0.74613E+01
    0.50270E-01    0.73169E+01
    0.51286E-01    0.71787E+01
    0.52322E-01    0.70465E+01
    0.53379E-01    0.69198E+01
    0.54457E-01    0.67982E+01
    0.55557E-01    0.66812E+01
    0.56680E-01    0.65681E+01
    0.57825E-01    0.64582E+01
    0.58993E-01    0.63508E+01
    0.60184E-01    0.62449E+01
    0.61400E-01    0.61399E+01
    0.62641E-01    0.60348E+01
    0.63906E-01    0.59288E+01
    0.65197E-01    0.58210E+01
    0.66514E-01    0.57105E+01
    0.67858E-01    0.55967E+01
    0.69229E-01    0.54790E+01
    0.70627E-01    0.53567E+01
    0.72054E-01    0.52296E+01
    0.73510E-01    0.50975E+01
    0.74994E-01    0.49602E+01
    0.76509E-01    0.48181E+01
    0.78055E-01    0.46717E+01
    0.79632E-01    0.45215E+01
    0.81241E-01    0.43685E+01
    0.82882E-01    0.42138E+01
    0.84556E-01    0.40584E+01
    0.86264E-01    0.39039E+01
    0.88007E-01    0.37515E+01
    0.89785E-01    0.36028E+01
    0.91598E-01    0.34591E+01
    0.93449E-01    0.33217E+01
    0.95337E-01    0.31919E+01
    0.97263E-01    0.30706E+01
    0.99227E-01    0.29585E+01
    0.10123E+00    0.28562E+01
    0.10328E+00    0.27638E+01
    0.10536E+00    0.26812E+01
    0.10749E+00    0.26078E+01
    0.10966E+00    0.25429E+01
    0.11188E+00    0.24854E+01
    0.11414E+00    0.24339E+01
    0.11644E+00    0.23867E+01
    0.11880E+00    0.23420E+01
    0.12120E+00    0.22979E+01
    0.12365E+00    0.22525E+01
    0.12614E+00    0.22042E+01
    0.12869E+00    0.21515E+01
    0.13129E+00    0.20935E+01
    0.13394E+00    0.20296E+01
    0.13665E+00    0.19600E+01
    0.13941E+00    0.18854E+01
    0.14223E+00    0.18071E+01
    0.14510E+00    0.17268E+01
    0.14803E+00    0.16465E+01
    0.15102E+00    0.15684E+01
    0.15407E+00    0.14944E+01
    0.15718E+00    0.14262E+01
    0.16036E+00    0.13651E+01
    0.16360E+00    0.13117E+01
    0.16690E+00    0.12663E+01
    0.17028E+00    0.12280E+01
    0.17371E+00    0.11958E+01
    0.17722E+00    0.11680E+01
    0.18080E+00    0.11425E+01
    0.18446E+00    0.11172E+01
    0.18818E+00    0.10903E+01
    0.19198E+00    0.10602E+01
    0.19586E+00    0.10260E+01
    0.19982E+00    0.98773E+00
    0.20386E+00    0.94612E+00
    0.20797E+00    0.90263E+00
    0.21218E+00    0.85911E+00
    0.21646E+00    0.81749E+00
    0.22083E+00    0.77938E+00
    0.22530E+00    0.74589E+00
    0.22985E+00    0.71740E+00
    0.23449E+00    0.69351E+00
    0.23923E+00    0.67316E+00
    0.24406E+00    0.65484E+00
    0.24899E+00    0.63688E+00
    0.25402E+00    0.61781E+00
    0.25915E+00    0.59672E+00
    0.26439E+00    0.57346E+00
    0.26973E+00    0.54860E+00
    0.27518E+00    0.52328E+00
    0.28074E+00    0.49885E+00
    0.28641E+00    0.47646E+00
    0.29219E+00    0.45678E+00
    0.29810E+00    0.43980E+00
    0.30412E+00    0.42493E+00
    0.31026E+00    0.41119E+00
    0.31653E+00    0.39750E+00
    0.32292E+00    0.38313E+00
    0.32945E+00    0.36784E+00
    0.33610E+00    0.35199E+00
    0.34289E+00    0.33626E+00
    0.34982E+00    0.32144E+00
    0.35689E+00    0.30801E+00
    0.36409E+00    0.29602E+00
    0.37145E+00    0.28510E+00
    0.37895E+00    0.27468E+00
    0.38661E+00    0.26424E+00
    0.39442E+00    0.25355E+00
    0.40239E+00    0.24276E+00
    0.41052E+00    0.23223E+00
    0.41881E+00    0.22233E+00
    0.42727E+00    0.21321E+00
    0.43590E+00    0.20478E+00
    0.44471E+00    0.19675E+00
    0.45369E+00    0.18885E+00
    0.46286E+00    0.18099E+00
    0.47221E+00    0.17327E+00
    0.48174E+00    0.16587E+00
    0.49148E+00    0.15892E+00
    0.50141E+00    0.15238E+00
    0.51153E+00    0.14613E+00
    0.52187E+00    0.14006E+00
    0.53241E+00    0.13413E+00
    0.54317E+00    0.12840E+00
    0.55414E+00    0.12293E+00
    0.56533E+00    0.11774E+00
    0.57675E+00    0.11279E+00
    0.58840E+00    0.10801E+00
    0.60029E+00    0.10339E+00
    0.61242E+00    0.98946E-01
    0.62479E+00    0.94691E-01
    0.63741E+00    0.90617E-01
    0.65029E+00    0.86716E-01
    0.66342E+00    0.82980E-01
    0.67683E+00    0.79400E-01
    0.69050E+00    0.75969E-01
    0.70445E+00    0.72680E-01
    0.71868E+00    0.69528E-01
    0.73320E+00    0.66504E-01
    0.74801E+00    0.63605E-01
    0.76312E+00    0.60825E-01
    0.77854E+00    0.58160E-01
    0.79426E+00    0.55606E-01
    0.81031E+00    0.53159E-01
    0.82668E+00    0.50815E-01
    0.84338E+00    0.48569E-01
    0.86041E+00    0.46419E-01
    0.87780E+00    0.44360E-01
    0.89553E+00    0.42389E-01
    0.91362E+00    0.40502E-01
    0.93208E+00    0.38696E-01
    0.95091E+00    0.36968E-01
    0.97011E+00    0.35315E-01
    0.98971E+00    0.33733E-01
    0.10097E+01    0.32219E-01
    0.10301E+01    0.30770E-01
    0.10509E+01    0.29385E-01
    0.10721E+01    0.28059E-01
    0.10938E+01    0.26791E-01
    0.11159E+01    0.25579E-01
    0.11384E+01    0.24419E-01
    0.11614E+01    0.23310E-01
    0.11849E+01    0.22250E-01
    0.12088E+01    0.21237E-01
    0.12333E+01    0.20268E-01
    0.12582E+01    0.19341E-01
    0.12836E+01    0.18456E-01
    0.13095E+01    0.17610E-01
    0.13360E+01    0.16802E-01
    0.13630E+01    0.16029E-01
    0.13905E+01    0.15291E-01
    0.14186E+01    0.14586E-01
    0.14472E+01    0.13912E-01
    0.14765E+01    0.13269E-01
    0.15063E+01    0.12655E-01
    0.15367E+01    0.12068E-01
    0.15678E+01    0.11507E-01
    0.15994E+01    0.10972E-01
    0.16318E+01    0.10461E-01
    0.16647E+01    0.99733E-02
    0.16984E+01    0.95076E-02
    0.17327E+01    0.90630E-02
    0.17677E+01    0.86387E-02
    0.18034E+01    0.82337E-02
    0.18398E+01    0.78472E-02
    0.18770E+01    0.74783E-02
    0.19149E+01    0.71264E-02
    0.19536E+01    0.67906E-02
    0.19930E+01    0.64702E-02
    0.20333E+01    0.61645E-02
    0.20744E+01    0.58729E-02
    0.21163E+01    0.55948E-02
    0.21590E+01    0.53296E-02
    0.22026E+01    0.50766E-02
    0.22471E+01    0.48353E-02
    0.22925E+01    0.46053E-02
    0.23388E+01    0.43859E-02
    0.23861E+01    0.41768E-02
    0.24343E+01    0.39774E-02
    0.24835E+01    0.37873E-02
    0.25336E+01    0.36061E-02
    0.25848E+01    0.34334E-02
    0.26370E+01    0.32688E-02
    0.26903E+01    0.31119E-02
    0.27447E+01    0.29623E-02
    0.28001E+01    0.28198E-02
    0.28567E+01    0.26840E-02
    0.29144E+01    0.25546E-02
    0.29733E+01    0.24314E-02
    0.30333E+01    0.23139E-02
    0.30946E+01    0.22020E-02
    0.31571E+01    0.20954E-02
    0.32209E+01    0.19939E-02
    0.32860E+01    0.18971E-02
    0.33523E+01    0.18050E-02
    0.34201E+01    0.17173E-02
    0.34892E+01    0.16337E-02
    0.35596E+01    0.15542E-02
    0.36316E+01    0.14784E-02
    0.37049E+01    0.14062E-02
    0.37798E+01    0.13376E-02
    0.38561E+01    0.12722E-02
    0.39340E+01    0.12099E-02
    0.40135E+01    0.11507E-02
    0.40946E+01    0.10943E-02
    0.41773E+01    0.10406E-02
    0.42617E+01    0.98948E-03
    0.43478E+01    0.94086E-03
    0.44356E+01    0.89458E-03
    0.45252E+01    0.85054E-03
    0.46166E+01    0.80864E-03
    0.47099E+01    0.76877E-03
    0.48050E+01    0.73084E-03
    0.49021E+01    0.69474E-03
    0.50011E+01    0.66040E-03
    0.51021E+01    0.62773E-03
    0.52052E+01    0.59665E-03
    0.53104E+01    0.56708E-03
    0.54176E+01    0.53896E-03
    0.55271E+01    0.51220E-03
    0.56387E+01    0.48676E-03
    0.57526E+01    0.46255E-03
    0.58689E+01    0.43954E-03
    0.59874E+01    0.41765E-03
    0.61084E+01    0.39683E-03
    0.62318E+01    0.37704E-03
    0.63577E+01    0.35823E-03
    0.64861E+01    0.34034E-03
    0.66171E+01    0.32333E-03
    0.67508E+01    0.30716E-03
    0.68872E+01    0.29179E-03
    0.70263E+01    0.27718E-03
    0.71682E+01    0.26330E-03
    0.73130E+01    0.25010E-03
    0.74608E+01    0.23755E-03
    0.76115E+01    0.22562E-03
    0.77653E+01    0.21428E-03
    0.79221E+01    0.20351E-03
    0.80822E+01    0.19327E-03
    0.82454E+01    0.18353E-03
    0.84120E+01    0.17428E-03
    0.85819E+01    0.16549E-03
    0.87553E+01    0.15714E-03
    0.89322E+01    0.14920E-03
    0.91126E+01    0.14166E-03
    0.92967E+01    0.13449E-03
    0.94845E+01    0.12769E-03
    0.96761E+01    0.12122E-03
    0.98716E+01    0.11508E-03
    0.10071E+02    0.10924E-03
    0.10274E+02    0.10370E-03
    0.10482E+02    0.98436E-04
    0.10694E+02    0.93437E-04
    0.10910E+02    0.88689E-04
    0.11130E+02    0.84179E-04
    0.11355E+02    0.79897E-04
    0.11584E+02    0.75829E-04
    0.11818E+02    0.71967E-04
    0.12057E+02    0.68299E-04
    0.12301E+02    0.64816E-04
    0.12549E+02    0.61509E-04
    0.12803E+02    0.58369E-04
    0.13061E+02    0.55387E-04
    0.13325E+02    0.52556E-04
    0.13594E+02    0.49868E-04
    0.13869E+02    0.47316E-04
    0.14149E+02    0.44894E-04
    0.14435E+02    0.42594E-04
    0.14727E+02    0.40410E-04
    0.15024E+02    0.38338E-04
    0.15328E+02    0.36371E-04
    0.15637E+02    0.34503E-04
    0.15953E+02    0.32731E-04
    0.16275E+02    0.31049E-04
    0.16604E+02    0.29452E-04
    0.16940E+02    0.27937E-04
    0.17282E+02    0.26499E-04
    0.17631E+02    0.25134E-04
    0.17987E+02    0.23839E-04
    0.18351E+02    0.22610E-04
    0.18721E+02    0.21443E-04
    0.19099E+02    0.20337E-04
    0.19485E+02    0.19287E-04
    0.19879E+02    0.18290E-04
    0.20280E+02    0.17345E-04
    0.20690E+02    0.16448E-04
    0.21108E+02    0.15597E-04
    0.21535E+02    0.14790E-04
    0.21970E+02    0.14024E-04
    0.22413E+02    0.13298E-04
    0.22866E+02    0.12609E-04
    0.23328E+02    0.11955E-04
    0.23799E+02    0.11335E-04
    0.24280E+02    0.10747E-04
    0.24771E+02    0.10189E-04
    0.25271E+02    0.96593E-05
    0.25782E+02    0.91573E-05
    0.26302E+02    0.86812E-05
    0.26834E+02    0.82296E-05
    0.27376E+02    0.78013E-05
    0.27929E+02    0.73951E-05
    0.28493E+02    0.70099E-05
    0.29069E+02    0.66446E-05
    0.29656E+02    0.62981E-05
    0.30255E+02    0.59696E-05
    0.30866E+02    0.56581E-05
    0.31490E+02    0.53627E-05
    0.32126E+02    0.50826E-05
    0.32775E+02    0.48170E-05
    0.33437E+02    0.45652E-05
    0.34112E+02    0.43265E-05
    0.34801E+02    0.41001E-05
    0.35504E+02    0.38855E-05
    0.36222E+02    0.36821E-05
    0.36953E+02    0.34892E-05
    0.37700E+02    0.33064E-05
    0.38462E+02    0.31330E-05
    0.39239E+02    0.29687E-05
    0.40031E+02    0.28129E-05
    0.40840E+02    0.26653E-05
    0.41665E+02    0.25253E-05
    0.42507E+02    0.23926E-05
    0.43365E+02    0.22669E-05
    0.44241E+02    0.21477E-05
    0.45135E+02    0.20347E-05
    0.46047E+02    0.19277E-05
    0.46977E+02    0.18262E-05
    0.47926E+02    0.17300E-05
    0.48894E+02    0.16389E-05
    0.49882E+02    0.15525E-05
    0.50890E+02    0.14706E-05
    0.51918E+02    0.13930E-05
    0.52966E+02    0.13195E-05
    0.54036E+02    0.12499E-05
    0.55128E+02    0.11839E-05
    0.56242E+02    0.11213E-05
    0.57378E+02    0.10620E-05
    0.58537E+02    0.10059E-05
    0.59720E+02    0.95265E-06
    0.60926E+02    0.90223E-06
    0.62157E+02    0.85446E-06
    0.63412E+02    0.80920E-06
    0.64693E+02    0.76632E-06
    0.66000E+02    0.72570E-06
    0.67334E+02    0.68721E-06
    0.68694E+02    0.65075E-06
    0.70082E+02    0.61621E-06
    0.71497E+02    0.58349E-06
    0.72942E+02    0.55249E-06
    0.74415E+02    0.52313E-06
    0.75918E+02    0.49531E-06
    0.77452E+02    0.46896E-06
    0.79017E+02    0.44401E-06
    0.80613E+02    0.42037E-06
    0.82241E+02    0.39798E-06
    0.83903E+02    0.37677E-06
    0.85598E+02    0.35668E-06
    0.87327E+02    0.33766E-06
    0.89091E+02    0.31964E-06
    0.90891E+02    0.30258E-06
    0.92727E+02    0.28641E-06
    0.94600E+02    0.27111E-06
    0.96511E+02    0.25662E-06
    0.98461E+02    0.24289E-06
    0.10045E+03    0.22989E-06
    0.10248E+03    0.21758E-06
    0.10455E+03    0.20593E-06
    0.10666E+03    0.19489E-06
    0.10882E+03    0.18444E-06
    0.11101E+03    0.17454E-06
    0.11326E+03    0.16517E-06
    0.11554E+03    0.15630E-06
    0.11788E+03    0.14790E-06
    0.12026E+03    0.13995E-06
    0.12269E+03    0.13242E-06
    0.12517E+03    0.12529E-06
    0.12770E+03    0.11854E-06
    0.13028E+03    0.11215E-06
    0.13291E+03    0.10611E-06
    0.13559E+03    0.10038E-06
    0.13833E+03    0.94959E-07
    0.14113E+03    0.89828E-07
    0.14398E+03    0.84970E-07
    0.14689E+03    0.80373E-07
    0.14985E+03    0.76021E-07
    0.15288E+03    0.71903E-07
    0.15597E+03    0.68005E-07
    0.15912E+03    0.64315E-07
    0.16233E+03    0.60824E-07
    0.16561E+03    0.57520E-07
    0.16896E+03    0.54393E-07
    0.17237E+03    0.51434E-07
    0.17585E+03    0.48633E-07
    0.17941E+03    0.45982E-07
    0.18303E+03    0.43474E-07
    0.18673E+03    0.41099E-07
    0.19050E+03    0.38852E-07
    0.19435E+03    0.36726E-07
    0.19828E+03    0.34713E-07
    0.20228E+03    0.32808E-07
    0.20637E+03    0.31006E-07
    0.21054E+03    0.29301E-07
    0.21479E+03    0.27689E-07
    0.21913E+03    0.26164E-07
    0.22356E+03    0.24722E-07
    0.22807E+03    0.23359E-07
    0.23268E+03    0.22071E-07
    0.23738E+03    0.20853E-07
