    0.10000E-03    0.24286E+00
    0.10202E-03    0.24766E+00
    0.10408E-03    0.25256E+00
    0.10618E-03    0.25755E+00
    0.10833E-03    0.26264E+00
    0.11052E-03    0.26783E+00
    0.11275E-03    0.27313E+00
    0.11503E-03    0.27853E+00
    0.11735E-03    0.28403E+00
    0.11972E-03    0.28965E+00
    0.12214E-03    0.29538E+00
    0.12461E-03    0.30121E+00
    0.12712E-03    0.30717E+00
    0.12969E-03    0.31324E+00
    0.13231E-03    0.31943E+00
    0.13499E-03    0.32575E+00
    0.13771E-03    0.33219E+00
    0.14049E-03    0.33875E+00
    0.14333E-03    0.34545E+00
    0.14623E-03    0.35228E+00
    0.14918E-03    0.35924E+00
    0.15220E-03    0.36634E+00
    0.15527E-03    0.37359E+00
    0.15841E-03    0.38097E+00
    0.16161E-03    0.38850E+00
    0.16487E-03    0.39618E+00
    0.16820E-03    0.40401E+00
    0.17160E-03    0.41200E+00
    0.17507E-03    0.42014E+00
    0.17860E-03    0.42844E+00
    0.18221E-03    0.43691E+00
    0.18589E-03    0.44555E+00
    0.18965E-03    0.45435E+00
    0.19348E-03    0.46333E+00
    0.19739E-03    0.47249E+00
    0.20138E-03    0.48183E+00
    0.20544E-03    0.49135E+00
    0.20959E-03    0.50106E+00
    0.21383E-03    0.51096E+00
    0.21815E-03    0.52106E+00
    0.22255E-03    0.53136E+00
    0.22705E-03    0.54186E+00
    0.23164E-03    0.55256E+00
    0.23632E-03    0.56348E+00
    0.24109E-03    0.57461E+00
    0.24596E-03    0.58597E+00
    0.25093E-03    0.59754E+00
    0.25600E-03    0.60935E+00
    0.26117E-03    0.62139E+00
    0.26645E-03    0.63366E+00
    0.27183E-03    0.64618E+00
    0.27732E-03    0.65895E+00
    0.28292E-03    0.67196E+00
    0.28864E-03    0.68524E+00
    0.29447E-03    0.69877E+00
    0.30042E-03    0.71257E+00
    0.30649E-03    0.72664E+00
    0.31268E-03    0.74099E+00
    0.31899E-03    0.75563E+00
    0.32544E-03    0.77055E+00
    0.33201E-03    0.78576E+00
    0.33872E-03    0.80128E+00
    0.34556E-03    0.81710E+00
    0.35254E-03    0.83323E+00
    0.35966E-03    0.84968E+00
    0.36693E-03    0.86645E+00
    0.37434E-03    0.88355E+00
    0.38190E-03    0.90099E+00
    0.38962E-03    0.91877E+00
    0.39749E-03    0.93690E+00
    0.40552E-03    0.95539E+00
    0.41371E-03    0.97424E+00
    0.42207E-03    0.99346E+00
    0.43060E-03    0.10131E+01
    0.43929E-03    0.10330E+01
    0.44817E-03    0.10534E+01
    0.45722E-03    0.10742E+01
    0.46646E-03    0.10954E+01
    0.47588E-03    0.11170E+01
    0.48550E-03    0.11390E+01
    0.49530E-03    0.11614E+01
    0.50531E-03    0.11843E+01
    0.51552E-03    0.12077E+01
    0.52593E-03    0.12315E+01
    0.53656E-03    0.12557E+01
    0.54739E-03    0.12805E+01
    0.55845E-03    0.13057E+01
    0.56973E-03    0.13314E+01
    0.58124E-03    0.13576E+01
    0.59299E-03    0.13843E+01
    0.60496E-03    0.14116E+01
    0.61719E-03    0.14394E+01
    0.62965E-03    0.14677E+01
    0.64237E-03    0.14966E+01
    0.65535E-03    0.15260E+01
    0.66859E-03    0.15560E+01
    0.68210E-03    0.15866E+01
    0.69588E-03    0.16178E+01
    0.70993E-03    0.16496E+01
    0.72427E-03    0.16820E+01
    0.73891E-03    0.17150E+01
    0.75383E-03    0.17487E+01
    0.76906E-03    0.17830E+01
    0.78460E-03    0.18180E+01
    0.80045E-03    0.18536E+01
    0.81662E-03    0.18900E+01
    0.83311E-03    0.19270E+01
    0.84994E-03    0.19648E+01
    0.86711E-03    0.20033E+01
    0.88463E-03    0.20425E+01
    0.90250E-03    0.20825E+01
    0.92073E-03    0.21232E+01
    0.93933E-03    0.21648E+01
    0.95831E-03    0.22071E+01
    0.97767E-03    0.22502E+01
    0.99742E-03    0.22942E+01
    0.10176E-02    0.23389E+01
    0.10381E-02    0.23846E+01
    0.10591E-02    0.24311E+01
    0.10805E-02    0.24785E+01
    0.11023E-02    0.25267E+01
    0.11246E-02    0.25759E+01
    0.11473E-02    0.26260E+01
    0.11705E-02    0.26771E+01
    0.11941E-02    0.27291E+01
    0.12182E-02    0.27821E+01
    0.12429E-02    0.28360E+01
    0.12680E-02    0.28910E+01
    0.12936E-02    0.29470E+01
    0.13197E-02    0.30040E+01
    0.13464E-02    0.30621E+01
    0.13736E-02    0.31213E+01
    0.14013E-02    0.31815E+01
    0.14296E-02    0.32429E+01
    0.14585E-02    0.33053E+01
    0.14880E-02    0.33689E+01
    0.15180E-02    0.34337E+01
    0.15487E-02    0.34996E+01
    0.15800E-02    0.35667E+01
    0.16119E-02    0.36350E+01
    0.16445E-02    0.37046E+01
    0.16777E-02    0.37754E+01
    0.17116E-02    0.38474E+01
    0.17462E-02    0.39207E+01
    0.17814E-02    0.39953E+01
    0.18174E-02    0.40711E+01
    0.18541E-02    0.41484E+01
    0.18916E-02    0.42269E+01
    0.19298E-02    0.43068E+01
    0.19688E-02    0.43880E+01
    0.20086E-02    0.44707E+01
    0.20491E-02    0.45547E+01
    0.20905E-02    0.46401E+01
    0.21328E-02    0.47270E+01
    0.21758E-02    0.48153E+01
    0.22198E-02    0.49050E+01
    0.22646E-02    0.49962E+01
    0.23104E-02    0.50889E+01
    0.23571E-02    0.51831E+01
    0.24047E-02    0.52788E+01
    0.24533E-02    0.53759E+01
    0.25028E-02    0.54746E+01
    0.25534E-02    0.55748E+01
    0.26050E-02    0.56766E+01
    0.26576E-02    0.57798E+01
    0.27113E-02    0.58847E+01
    0.27660E-02    0.59910E+01
    0.28219E-02    0.60990E+01
    0.28789E-02    0.62084E+01
    0.29371E-02    0.63195E+01
    0.29964E-02    0.64321E+01
    0.30569E-02    0.65462E+01
    0.31187E-02    0.66620E+01
    0.31817E-02    0.67792E+01
    0.32460E-02    0.68980E+01
    0.33115E-02    0.70184E+01
    0.33784E-02    0.71403E+01
    0.34467E-02    0.72637E+01
    0.35163E-02    0.73886E+01
    0.35874E-02    0.75150E+01
    0.36598E-02    0.76429E+01
    0.37338E-02    0.77723E+01
    0.38092E-02    0.79031E+01
    0.38861E-02    0.80354E+01
    0.39646E-02    0.81691E+01
    0.40447E-02    0.83041E+01
    0.41264E-02    0.84405E+01
    0.42098E-02    0.85783E+01
    0.42948E-02    0.87174E+01
    0.43816E-02    0.88577E+01
    0.44701E-02    0.89993E+01
    0.45604E-02    0.91420E+01
    0.46525E-02    0.92860E+01
    0.47465E-02    0.94310E+01
    0.48424E-02    0.95771E+01
    0.49402E-02    0.97243E+01
    0.50400E-02    0.98725E+01
    0.51419E-02    0.10022E+02
    0.52457E-02    0.10172E+02
    0.53517E-02    0.10322E+02
    0.54598E-02    0.10474E+02
    0.55701E-02    0.10626E+02
    0.56826E-02    0.10779E+02
    0.57974E-02    0.10933E+02
    0.59145E-02    0.11087E+02
    0.60340E-02    0.11241E+02
    0.61559E-02    0.11396E+02
    0.62803E-02    0.11551E+02
    0.64072E-02    0.11707E+02
    0.65366E-02    0.11862E+02
    0.66686E-02    0.12018E+02
    0.68033E-02    0.12174E+02
    0.69408E-02    0.12329E+02
    0.70810E-02    0.12484E+02
    0.72240E-02    0.12639E+02
    0.73700E-02    0.12793E+02
    0.75189E-02    0.12947E+02
    0.76708E-02    0.13101E+02
    0.78257E-02    0.13253E+02
    0.79838E-02    0.13404E+02
    0.81451E-02    0.13555E+02
    0.83096E-02    0.13704E+02
    0.84775E-02    0.13852E+02
    0.86488E-02    0.13998E+02
    0.88235E-02    0.14143E+02
    0.90017E-02    0.14286E+02
    0.91836E-02    0.14427E+02
    0.93691E-02    0.14566E+02
    0.95583E-02    0.14703E+02
    0.97514E-02    0.14837E+02
    0.99484E-02    0.14969E+02
    0.10149E-01    0.15097E+02
    0.10354E-01    0.15223E+02
    0.10564E-01    0.15346E+02
    0.10777E-01    0.15465E+02
    0.10995E-01    0.15580E+02
    0.11217E-01    0.15692E+02
    0.11443E-01    0.15800E+02
    0.11675E-01    0.15903E+02
    0.11910E-01    0.16003E+02
    0.12151E-01    0.16097E+02
    0.12397E-01    0.16187E+02
    0.12647E-01    0.16272E+02
    0.12902E-01    0.16351E+02
    0.13163E-01    0.16425E+02
    0.13429E-01    0.16494E+02
    0.13700E-01    0.16556E+02
    0.13977E-01    0.16613E+02
    0.14259E-01    0.16663E+02
    0.14547E-01    0.16707E+02
    0.14841E-01    0.16744E+02
    0.15141E-01    0.16774E+02
    0.15447E-01    0.16797E+02
    0.15759E-01    0.16813E+02
    0.16077E-01    0.16821E+02
    0.16402E-01    0.16822E+02
    0.16734E-01    0.16815E+02
    0.17072E-01    0.16800E+02
    0.17416E-01    0.16778E+02
    0.17768E-01    0.16747E+02
    0.18127E-01    0.16708E+02
    0.18493E-01    0.16660E+02
    0.18867E-01    0.16604E+02
    0.19248E-01    0.16540E+02
    0.19637E-01    0.16467E+02
    0.20034E-01    0.16386E+02
    0.20438E-01    0.16296E+02
    0.20851E-01    0.16198E+02
    0.21272E-01    0.16091E+02
    0.21702E-01    0.15975E+02
    0.22141E-01    0.15852E+02
    0.22588E-01    0.15720E+02
    0.23044E-01    0.15580E+02
    0.23510E-01    0.15432E+02
    0.23985E-01    0.15276E+02
    0.24469E-01    0.15113E+02
    0.24964E-01    0.14943E+02
    0.25468E-01    0.14765E+02
    0.25982E-01    0.14581E+02
    0.26507E-01    0.14391E+02
    0.27043E-01    0.14195E+02
    0.27589E-01    0.13993E+02
    0.28146E-01    0.13787E+02
    0.28715E-01    0.13575E+02
    0.29295E-01    0.13360E+02
    0.29887E-01    0.13141E+02
    0.30490E-01    0.12918E+02
    0.31106E-01    0.12693E+02
    0.31735E-01    0.12467E+02
    0.32376E-01    0.12238E+02
    0.33030E-01    0.12009E+02
    0.33697E-01    0.11780E+02
    0.34378E-01    0.11551E+02
    0.35072E-01    0.11324E+02
    0.35781E-01    0.11098E+02
    0.36504E-01    0.10874E+02
    0.37241E-01    0.10653E+02
    0.37993E-01    0.10435E+02
    0.38761E-01    0.10221E+02
    0.39544E-01    0.10012E+02
    0.40343E-01    0.98080E+01
    0.41158E-01    0.96092E+01
    0.41989E-01    0.94161E+01
    0.42838E-01    0.92293E+01
    0.43703E-01    0.90489E+01
    0.44586E-01    0.88751E+01
    0.45486E-01    0.87083E+01
    0.46405E-01    0.85484E+01
    0.47343E-01    0.83955E+01
    0.48299E-01    0.82495E+01
    0.49275E-01    0.81103E+01
    0.50270E-01    0.79776E+01
    0.51286E-01    0.78511E+01
    0.52322E-01    0.77304E+01
    0.53379E-01    0.76148E+01
    0.54457E-01    0.75039E+01
    0.55557E-01    0.73969E+01
    0.56680E-01    0.72930E+01
    0.57825E-01    0.71914E+01
    0.58993E-01    0.70910E+01
    0.60184E-01    0.69910E+01
    0.61400E-01    0.68903E+01
    0.62641E-01    0.67880E+01
    0.63906E-01    0.66830E+01
    0.65197E-01    0.65743E+01
    0.66514E-01    0.64611E+01
    0.67858E-01    0.63426E+01
    0.69229E-01    0.62181E+01
    0.70627E-01    0.60872E+01
    0.72054E-01    0.59495E+01
    0.73510E-01    0.58050E+01
    0.74994E-01    0.56538E+01
    0.76509E-01    0.54964E+01
    0.78055E-01    0.53337E+01
    0.79632E-01    0.51664E+01
    0.81241E-01    0.49958E+01
    0.82882E-01    0.48234E+01
    0.84556E-01    0.46507E+01
    0.86264E-01    0.44793E+01
    0.88007E-01    0.43110E+01
    0.89785E-01    0.41476E+01
    0.91598E-01    0.39906E+01
    0.93449E-01    0.38415E+01
    0.95337E-01    0.37016E+01
    0.97263E-01    0.35720E+01
    0.99227E-01    0.34533E+01
    0.10123E+00    0.33459E+01
    0.10328E+00    0.32498E+01
    0.10536E+00    0.31645E+01
    0.10749E+00    0.30893E+01
    0.10966E+00    0.30230E+01
    0.11188E+00    0.29641E+01
    0.11414E+00    0.29105E+01
    0.11644E+00    0.28604E+01
    0.11880E+00    0.28113E+01
    0.12120E+00    0.27611E+01
    0.12365E+00    0.27076E+01
    0.12614E+00    0.26490E+01
    0.12869E+00    0.25841E+01
    0.13129E+00    0.25120E+01
    0.13394E+00    0.24327E+01
    0.13665E+00    0.23467E+01
    0.13941E+00    0.22554E+01
    0.14223E+00    0.21608E+01
    0.14510E+00    0.20653E+01
    0.14803E+00    0.19713E+01
    0.15102E+00    0.18813E+01
    0.15407E+00    0.17976E+01
    0.15718E+00    0.17219E+01
    0.16036E+00    0.16553E+01
    0.16360E+00    0.15980E+01
    0.16690E+00    0.15497E+01
    0.17028E+00    0.15090E+01
    0.17371E+00    0.14742E+01
    0.17722E+00    0.14430E+01
    0.18080E+00    0.14128E+01
    0.18446E+00    0.13811E+01
    0.18818E+00    0.13459E+01
    0.19198E+00    0.13059E+01
    0.19586E+00    0.12607E+01
    0.19982E+00    0.12110E+01
    0.20386E+00    0.11583E+01
    0.20797E+00    0.11047E+01
    0.21218E+00    0.10527E+01
    0.21646E+00    0.10043E+01
    0.22083E+00    0.96119E+00
    0.22530E+00    0.92409E+00
    0.22985E+00    0.89283E+00
    0.23449E+00    0.86635E+00
    0.23923E+00    0.84294E+00
    0.24406E+00    0.82057E+00
    0.24899E+00    0.79732E+00
    0.25402E+00    0.77183E+00
    0.25915E+00    0.74361E+00
    0.26439E+00    0.71306E+00
    0.26973E+00    0.68144E+00
    0.27518E+00    0.65037E+00
    0.28074E+00    0.62139E+00
    0.28641E+00    0.59555E+00
    0.29219E+00    0.57312E+00
    0.29810E+00    0.55357E+00
    0.30412E+00    0.53582E+00
    0.31026E+00    0.51854E+00
    0.31653E+00    0.50063E+00
    0.32292E+00    0.48161E+00
    0.32945E+00    0.46167E+00
    0.33610E+00    0.44160E+00
    0.34289E+00    0.42234E+00
    0.34982E+00    0.40466E+00
    0.35689E+00    0.38880E+00
    0.36409E+00    0.37446E+00
    0.37145E+00    0.36098E+00
    0.37895E+00    0.34765E+00
    0.38661E+00    0.33406E+00
    0.39442E+00    0.32025E+00
    0.40239E+00    0.30660E+00
    0.41052E+00    0.29361E+00
    0.41881E+00    0.28158E+00
    0.42727E+00    0.27047E+00
    0.43590E+00    0.25998E+00
    0.44471E+00    0.24975E+00
    0.45369E+00    0.23960E+00
    0.46286E+00    0.22957E+00
    0.47221E+00    0.21987E+00
    0.48174E+00    0.21069E+00
    0.49148E+00    0.20206E+00
    0.50141E+00    0.19387E+00
    0.51153E+00    0.18593E+00
    0.52187E+00    0.17818E+00
    0.53241E+00    0.17065E+00
    0.54317E+00    0.16344E+00
    0.55414E+00    0.15659E+00
    0.56533E+00    0.15006E+00
    0.57675E+00    0.14377E+00
    0.58840E+00    0.13769E+00
    0.60029E+00    0.13183E+00
    0.61242E+00    0.12622E+00
    0.62479E+00    0.12084E+00
    0.63741E+00    0.11568E+00
    0.65029E+00    0.11073E+00
    0.66342E+00    0.10599E+00
    0.67683E+00    0.10144E+00
    0.69050E+00    0.97075E-01
    0.70445E+00    0.92888E-01
    0.71868E+00    0.88873E-01
    0.73320E+00    0.85021E-01
    0.74801E+00    0.81328E-01
    0.76312E+00    0.77786E-01
    0.77854E+00    0.74392E-01
    0.79426E+00    0.71138E-01
    0.81031E+00    0.68020E-01
    0.82668E+00    0.65032E-01
    0.84338E+00    0.62170E-01
    0.86041E+00    0.59428E-01
    0.87780E+00    0.56802E-01
    0.89553E+00    0.54288E-01
    0.91362E+00    0.51880E-01
    0.93208E+00    0.49575E-01
    0.95091E+00    0.47369E-01
    0.97011E+00    0.45256E-01
    0.98971E+00    0.43235E-01
    0.10097E+01    0.41300E-01
    0.10301E+01    0.39448E-01
    0.10509E+01    0.37676E-01
    0.10721E+01    0.35980E-01
    0.10938E+01    0.34358E-01
    0.11159E+01    0.32807E-01
    0.11384E+01    0.31323E-01
    0.11614E+01    0.29903E-01
    0.11849E+01    0.28546E-01
    0.12088E+01    0.27248E-01
    0.12333E+01    0.26007E-01
    0.12582E+01    0.24821E-01
    0.12836E+01    0.23687E-01
    0.13095E+01    0.22603E-01
    0.13360E+01    0.21567E-01
    0.13630E+01    0.20577E-01
    0.13905E+01    0.19632E-01
    0.14186E+01    0.18728E-01
    0.14472E+01    0.17864E-01
    0.14765E+01    0.17039E-01
    0.15063E+01    0.16251E-01
    0.15367E+01    0.15499E-01
    0.15678E+01    0.14780E-01
    0.15994E+01    0.14093E-01
    0.16318E+01    0.13438E-01
    0.16647E+01    0.12812E-01
    0.16984E+01    0.12214E-01
    0.17327E+01    0.11643E-01
    0.17677E+01    0.11099E-01
    0.18034E+01    0.10579E-01
    0.18398E+01    0.10083E-01
    0.18770E+01    0.96091E-02
    0.19149E+01    0.91573E-02
    0.19536E+01    0.87262E-02
    0.19930E+01    0.83149E-02
    0.20333E+01    0.79225E-02
    0.20744E+01    0.75482E-02
    0.21163E+01    0.71911E-02
    0.21590E+01    0.68505E-02
    0.22026E+01    0.65256E-02
    0.22471E+01    0.62158E-02
    0.22925E+01    0.59202E-02
    0.23388E+01    0.56384E-02
    0.23861E+01    0.53697E-02
    0.24343E+01    0.51135E-02
    0.24835E+01    0.48692E-02
    0.25336E+01    0.46362E-02
    0.25848E+01    0.44142E-02
    0.26370E+01    0.42026E-02
    0.26903E+01    0.40009E-02
    0.27447E+01    0.38086E-02
    0.28001E+01    0.36254E-02
    0.28567E+01    0.34509E-02
    0.29144E+01    0.32845E-02
    0.29733E+01    0.31261E-02
    0.30333E+01    0.29751E-02
    0.30946E+01    0.28313E-02
    0.31571E+01    0.26943E-02
    0.32209E+01    0.25638E-02
    0.32860E+01    0.24395E-02
    0.33523E+01    0.23211E-02
    0.34201E+01    0.22083E-02
    0.34892E+01    0.21009E-02
    0.35596E+01    0.19986E-02
    0.36316E+01    0.19012E-02
    0.37049E+01    0.18084E-02
    0.37798E+01    0.17201E-02
    0.38561E+01    0.16361E-02
    0.39340E+01    0.15560E-02
    0.40135E+01    0.14798E-02
    0.40946E+01    0.14073E-02
    0.41773E+01    0.13383E-02
    0.42617E+01    0.12725E-02
    0.43478E+01    0.12100E-02
    0.44356E+01    0.11505E-02
    0.45252E+01    0.10939E-02
    0.46166E+01    0.10400E-02
    0.47099E+01    0.98873E-03
    0.48050E+01    0.93995E-03
    0.49021E+01    0.89353E-03
    0.50011E+01    0.84937E-03
    0.51021E+01    0.80736E-03
    0.52052E+01    0.76739E-03
    0.53104E+01    0.72937E-03
    0.54176E+01    0.69320E-03
    0.55271E+01    0.65879E-03
    0.56387E+01    0.62607E-03
    0.57526E+01    0.59494E-03
    0.58689E+01    0.56534E-03
    0.59874E+01    0.53719E-03
    0.61084E+01    0.51043E-03
    0.62318E+01    0.48497E-03
    0.63577E+01    0.46077E-03
    0.64861E+01    0.43775E-03
    0.66171E+01    0.41588E-03
    0.67508E+01    0.39507E-03
    0.68872E+01    0.37530E-03
    0.70263E+01    0.35650E-03
    0.71682E+01    0.33863E-03
    0.73130E+01    0.32164E-03
    0.74608E+01    0.30550E-03
    0.76115E+01    0.29015E-03
    0.77653E+01    0.27557E-03
    0.79221E+01    0.26171E-03
    0.80822E+01    0.24854E-03
    0.82454E+01    0.23602E-03
    0.84120E+01    0.22412E-03
    0.85819E+01    0.21282E-03
    0.87553E+01    0.20208E-03
    0.89322E+01    0.19187E-03
    0.91126E+01    0.18218E-03
    0.92967E+01    0.17297E-03
    0.94845E+01    0.16421E-03
    0.96761E+01    0.15590E-03
    0.98716E+01    0.14800E-03
    0.10071E+02    0.14050E-03
    0.10274E+02    0.13337E-03
    0.10482E+02    0.12660E-03
    0.10694E+02    0.12017E-03
    0.10910E+02    0.11407E-03
    0.11130E+02    0.10827E-03
    0.11355E+02    0.10276E-03
    0.11584E+02    0.97526E-04
    0.11818E+02    0.92558E-04
    0.12057E+02    0.87841E-04
    0.12301E+02    0.83361E-04
    0.12549E+02    0.79107E-04
    0.12803E+02    0.75068E-04
    0.13061E+02    0.71233E-04
    0.13325E+02    0.67592E-04
    0.13594E+02    0.64135E-04
    0.13869E+02    0.60853E-04
    0.14149E+02    0.57737E-04
    0.14435E+02    0.54779E-04
    0.14727E+02    0.51971E-04
    0.15024E+02    0.49306E-04
    0.15328E+02    0.46776E-04
    0.15637E+02    0.44374E-04
    0.15953E+02    0.42095E-04
    0.16275E+02    0.39931E-04
    0.16604E+02    0.37878E-04
    0.16940E+02    0.35929E-04
    0.17282E+02    0.34079E-04
    0.17631E+02    0.32324E-04
    0.17987E+02    0.30659E-04
    0.18351E+02    0.29078E-04
    0.18721E+02    0.27578E-04
    0.19099E+02    0.26155E-04
    0.19485E+02    0.24805E-04
    0.19879E+02    0.23523E-04
    0.20280E+02    0.22308E-04
    0.20690E+02    0.21154E-04
    0.21108E+02    0.20060E-04
    0.21535E+02    0.19022E-04
    0.21970E+02    0.18037E-04
    0.22413E+02    0.17102E-04
    0.22866E+02    0.16216E-04
    0.23328E+02    0.15375E-04
    0.23799E+02    0.14577E-04
    0.24280E+02    0.13821E-04
    0.24771E+02    0.13103E-04
    0.25271E+02    0.12422E-04
    0.25782E+02    0.11777E-04
    0.26302E+02    0.11164E-04
    0.26834E+02    0.10583E-04
    0.27376E+02    0.10033E-04
    0.27929E+02    0.95102E-05
    0.28493E+02    0.90148E-05
    0.29069E+02    0.85450E-05
    0.29656E+02    0.80994E-05
    0.30255E+02    0.76770E-05
    0.30866E+02    0.72763E-05
    0.31490E+02    0.68965E-05
    0.32126E+02    0.65363E-05
    0.32775E+02    0.61947E-05
    0.33437E+02    0.58709E-05
    0.34112E+02    0.55639E-05
    0.34801E+02    0.52728E-05
    0.35504E+02    0.49968E-05
    0.36222E+02    0.47351E-05
    0.36953E+02    0.44870E-05
    0.37700E+02    0.42519E-05
    0.38462E+02    0.40289E-05
    0.39239E+02    0.38176E-05
    0.40031E+02    0.36173E-05
    0.40840E+02    0.34274E-05
    0.41665E+02    0.32474E-05
    0.42507E+02    0.30768E-05
    0.43365E+02    0.29150E-05
    0.44241E+02    0.27618E-05
    0.45135E+02    0.26165E-05
    0.46047E+02    0.24788E-05
    0.46977E+02    0.23483E-05
    0.47926E+02    0.22246E-05
    0.48894E+02    0.21074E-05
    0.49882E+02    0.19963E-05
    0.50890E+02    0.18910E-05
    0.51918E+02    0.17912E-05
    0.52966E+02    0.16967E-05
    0.54036E+02    0.16071E-05
    0.55128E+02    0.15222E-05
    0.56242E+02    0.14418E-05
    0.57378E+02    0.13656E-05
    0.58537E+02    0.12933E-05
    0.59720E+02    0.12249E-05
    0.60926E+02    0.11601E-05
    0.62157E+02    0.10986E-05
    0.63412E+02    0.10404E-05
    0.64693E+02    0.98528E-06
    0.66000E+02    0.93304E-06
    0.67334E+02    0.88355E-06
    0.68694E+02    0.83666E-06
    0.70082E+02    0.79224E-06
    0.71497E+02    0.75016E-06
    0.72942E+02    0.71030E-06
    0.74415E+02    0.67254E-06
    0.75918E+02    0.63677E-06
    0.77452E+02    0.60289E-06
    0.79017E+02    0.57080E-06
    0.80613E+02    0.54040E-06
    0.82241E+02    0.51161E-06
    0.83903E+02    0.48434E-06
    0.85598E+02    0.45851E-06
    0.87327E+02    0.43404E-06
    0.89091E+02    0.41087E-06
    0.90891E+02    0.38893E-06
    0.92727E+02    0.36815E-06
    0.94600E+02    0.34847E-06
    0.96511E+02    0.32983E-06
    0.98461E+02    0.31218E-06
    0.10045E+03    0.29547E-06
    0.10248E+03    0.27964E-06
    0.10455E+03    0.26466E-06
    0.10666E+03    0.25047E-06
    0.10882E+03    0.23703E-06
    0.11101E+03    0.22431E-06
    0.11326E+03    0.21226E-06
    0.11554E+03    0.20085E-06
    0.11788E+03    0.19005E-06
    0.12026E+03    0.17983E-06
    0.12269E+03    0.17015E-06
    0.12517E+03    0.16098E-06
    0.12770E+03    0.15231E-06
    0.13028E+03    0.14409E-06
    0.13291E+03    0.13632E-06
    0.13559E+03    0.12895E-06
    0.13833E+03    0.12199E-06
    0.14113E+03    0.11539E-06
    0.14398E+03    0.10914E-06
    0.14689E+03    0.10324E-06
    0.14985E+03    0.97641E-07
    0.15288E+03    0.92347E-07
    0.15597E+03    0.87337E-07
    0.15912E+03    0.82595E-07
    0.16233E+03    0.78108E-07
    0.16561E+03    0.73861E-07
    0.16896E+03    0.69841E-07
    0.17237E+03    0.66037E-07
    0.17585E+03    0.62437E-07
    0.17941E+03    0.59029E-07
    0.18303E+03    0.55804E-07
    0.18673E+03    0.52752E-07
    0.19050E+03    0.49863E-07
    0.19435E+03    0.47129E-07
    0.19828E+03    0.44542E-07
    0.20228E+03    0.42094E-07
    0.20637E+03    0.39778E-07
    0.21054E+03    0.37588E-07
    0.21479E+03    0.35518E-07
    0.21913E+03    0.33560E-07
    0.22356E+03    0.31709E-07
    0.22807E+03    0.29960E-07
    0.23268E+03    0.28307E-07
