    0.10000E-03    0.16694E+00
    0.10202E-03    0.17024E+00
    0.10408E-03    0.17361E+00
    0.10618E-03    0.17704E+00
    0.10833E-03    0.18054E+00
    0.11052E-03    0.18411E+00
    0.11275E-03    0.18775E+00
    0.11503E-03    0.19146E+00
    0.11735E-03    0.19525E+00
    0.11972E-03    0.19911E+00
    0.12214E-03    0.20305E+00
    0.12461E-03    0.20706E+00
    0.12712E-03    0.21115E+00
    0.12969E-03    0.21533E+00
    0.13231E-03    0.21958E+00
    0.13499E-03    0.22393E+00
    0.13771E-03    0.22835E+00
    0.14049E-03    0.23287E+00
    0.14333E-03    0.23747E+00
    0.14623E-03    0.24217E+00
    0.14918E-03    0.24695E+00
    0.15220E-03    0.25183E+00
    0.15527E-03    0.25681E+00
    0.15841E-03    0.26189E+00
    0.16161E-03    0.26707E+00
    0.16487E-03    0.27235E+00
    0.16820E-03    0.27773E+00
    0.17160E-03    0.28322E+00
    0.17507E-03    0.28882E+00
    0.17860E-03    0.29453E+00
    0.18221E-03    0.30035E+00
    0.18589E-03    0.30629E+00
    0.18965E-03    0.31234E+00
    0.19348E-03    0.31851E+00
    0.19739E-03    0.32481E+00
    0.20138E-03    0.33123E+00
    0.20544E-03    0.33778E+00
    0.20959E-03    0.34445E+00
    0.21383E-03    0.35126E+00
    0.21815E-03    0.35820E+00
    0.22255E-03    0.36528E+00
    0.22705E-03    0.37250E+00
    0.23164E-03    0.37987E+00
    0.23632E-03    0.38737E+00
    0.24109E-03    0.39503E+00
    0.24596E-03    0.40283E+00
    0.25093E-03    0.41080E+00
    0.25600E-03    0.41891E+00
    0.26117E-03    0.42719E+00
    0.26645E-03    0.43563E+00
    0.27183E-03    0.44424E+00
    0.27732E-03    0.45302E+00
    0.28292E-03    0.46197E+00
    0.28864E-03    0.47110E+00
    0.29447E-03    0.48040E+00
    0.30042E-03    0.48990E+00
    0.30649E-03    0.49957E+00
    0.31268E-03    0.50944E+00
    0.31899E-03    0.51951E+00
    0.32544E-03    0.52977E+00
    0.33201E-03    0.54023E+00
    0.33872E-03    0.55091E+00
    0.34556E-03    0.56179E+00
    0.35254E-03    0.57288E+00
    0.35966E-03    0.58420E+00
    0.36693E-03    0.59573E+00
    0.37434E-03    0.60750E+00
    0.38190E-03    0.61949E+00
    0.38962E-03    0.63173E+00
    0.39749E-03    0.64420E+00
    0.40552E-03    0.65692E+00
    0.41371E-03    0.66989E+00
    0.42207E-03    0.68311E+00
    0.43060E-03    0.69660E+00
    0.43929E-03    0.71035E+00
    0.44817E-03    0.72437E+00
    0.45722E-03    0.73866E+00
    0.46646E-03    0.75324E+00
    0.47588E-03    0.76810E+00
    0.48550E-03    0.78326E+00
    0.49530E-03    0.79871E+00
    0.50531E-03    0.81447E+00
    0.51552E-03    0.83053E+00
    0.52593E-03    0.84691E+00
    0.53656E-03    0.86362E+00
    0.54739E-03    0.88065E+00
    0.55845E-03    0.89801E+00
    0.56973E-03    0.91571E+00
    0.58124E-03    0.93377E+00
    0.59299E-03    0.95217E+00
    0.60496E-03    0.97094E+00
    0.61719E-03    0.99007E+00
    0.62965E-03    0.10096E+01
    0.64237E-03    0.10295E+01
    0.65535E-03    0.10497E+01
    0.66859E-03    0.10704E+01
    0.68210E-03    0.10915E+01
    0.69588E-03    0.11130E+01
    0.70993E-03    0.11349E+01
    0.72427E-03    0.11572E+01
    0.73891E-03    0.11800E+01
    0.75383E-03    0.12032E+01
    0.76906E-03    0.12269E+01
    0.78460E-03    0.12510E+01
    0.80045E-03    0.12756E+01
    0.81662E-03    0.13007E+01
    0.83311E-03    0.13262E+01
    0.84994E-03    0.13523E+01
    0.86711E-03    0.13788E+01
    0.88463E-03    0.14059E+01
    0.90250E-03    0.14335E+01
    0.92073E-03    0.14616E+01
    0.93933E-03    0.14903E+01
    0.95831E-03    0.15195E+01
    0.97767E-03    0.15493E+01
    0.99742E-03    0.15797E+01
    0.10176E-02    0.16106E+01
    0.10381E-02    0.16421E+01
    0.10591E-02    0.16743E+01
    0.10805E-02    0.17070E+01
    0.11023E-02    0.17404E+01
    0.11246E-02    0.17745E+01
    0.11473E-02    0.18091E+01
    0.11705E-02    0.18445E+01
    0.11941E-02    0.18805E+01
    0.12182E-02    0.19172E+01
    0.12429E-02    0.19546E+01
    0.12680E-02    0.19927E+01
    0.12936E-02    0.20315E+01
    0.13197E-02    0.20710E+01
    0.13464E-02    0.21113E+01
    0.13736E-02    0.21524E+01
    0.14013E-02    0.21942E+01
    0.14296E-02    0.22368E+01
    0.14585E-02    0.22802E+01
    0.14880E-02    0.23244E+01
    0.15180E-02    0.23694E+01
    0.15487E-02    0.24153E+01
    0.15800E-02    0.24620E+01
    0.16119E-02    0.25095E+01
    0.16445E-02    0.25580E+01
    0.16777E-02    0.26073E+01
    0.17116E-02    0.26576E+01
    0.17462E-02    0.27087E+01
    0.17814E-02    0.27608E+01
    0.18174E-02    0.28138E+01
    0.18541E-02    0.28678E+01
    0.18916E-02    0.29227E+01
    0.19298E-02    0.29787E+01
    0.19688E-02    0.30356E+01
    0.20086E-02    0.30935E+01
    0.20491E-02    0.31525E+01
    0.20905E-02    0.32125E+01
    0.21328E-02    0.32735E+01
    0.21758E-02    0.33356E+01
    0.22198E-02    0.33988E+01
    0.22646E-02    0.34631E+01
    0.23104E-02    0.35285E+01
    0.23571E-02    0.35950E+01
    0.24047E-02    0.36626E+01
    0.24533E-02    0.37313E+01
    0.25028E-02    0.38012E+01
    0.25534E-02    0.38723E+01
    0.26050E-02    0.39445E+01
    0.26576E-02    0.40179E+01
    0.27113E-02    0.40925E+01
    0.27660E-02    0.41684E+01
    0.28219E-02    0.42454E+01
    0.28789E-02    0.43236E+01
    0.29371E-02    0.44031E+01
    0.29964E-02    0.44838E+01
    0.30569E-02    0.45658E+01
    0.31187E-02    0.46490E+01
    0.31817E-02    0.47334E+01
    0.32460E-02    0.48192E+01
    0.33115E-02    0.49062E+01
    0.33784E-02    0.49944E+01
    0.34467E-02    0.50840E+01
    0.35163E-02    0.51748E+01
    0.35874E-02    0.52669E+01
    0.36598E-02    0.53602E+01
    0.37338E-02    0.54549E+01
    0.38092E-02    0.55508E+01
    0.38861E-02    0.56480E+01
    0.39646E-02    0.57464E+01
    0.40447E-02    0.58461E+01
    0.41264E-02    0.59471E+01
    0.42098E-02    0.60493E+01
    0.42948E-02    0.61528E+01
    0.43816E-02    0.62575E+01
    0.44701E-02    0.63634E+01
    0.45604E-02    0.64705E+01
    0.46525E-02    0.65788E+01
    0.47465E-02    0.66884E+01
    0.48424E-02    0.67990E+01
    0.49402E-02    0.69108E+01
    0.50400E-02    0.70238E+01
    0.51419E-02    0.71378E+01
    0.52457E-02    0.72530E+01
    0.53517E-02    0.73692E+01
    0.54598E-02    0.74864E+01
    0.55701E-02    0.76047E+01
    0.56826E-02    0.77239E+01
    0.57974E-02    0.78441E+01
    0.59145E-02    0.79652E+01
    0.60340E-02    0.80871E+01
    0.61559E-02    0.82100E+01
    0.62803E-02    0.83336E+01
    0.64072E-02    0.84580E+01
    0.65366E-02    0.85832E+01
    0.66686E-02    0.87090E+01
    0.68033E-02    0.88355E+01
    0.69408E-02    0.89626E+01
    0.70810E-02    0.90902E+01
    0.72240E-02    0.92183E+01
    0.73700E-02    0.93468E+01
    0.75189E-02    0.94757E+01
    0.76708E-02    0.96049E+01
    0.78257E-02    0.97344E+01
    0.79838E-02    0.98640E+01
    0.81451E-02    0.99937E+01
    0.83096E-02    0.10123E+02
    0.84775E-02    0.10253E+02
    0.86488E-02    0.10383E+02
    0.88235E-02    0.10512E+02
    0.90017E-02    0.10641E+02
    0.91836E-02    0.10770E+02
    0.93691E-02    0.10898E+02
    0.95583E-02    0.11025E+02
    0.97514E-02    0.11152E+02
    0.99484E-02    0.11277E+02
    0.10149E-01    0.11402E+02
    0.10354E-01    0.11526E+02
    0.10564E-01    0.11648E+02
    0.10777E-01    0.11769E+02
    0.10995E-01    0.11889E+02
    0.11217E-01    0.12007E+02
    0.11443E-01    0.12123E+02
    0.11675E-01    0.12237E+02
    0.11910E-01    0.12349E+02
    0.12151E-01    0.12459E+02
    0.12397E-01    0.12566E+02
    0.12647E-01    0.12671E+02
    0.12902E-01    0.12773E+02
    0.13163E-01    0.12872E+02
    0.13429E-01    0.12968E+02
    0.13700E-01    0.13060E+02
    0.13977E-01    0.13149E+02
    0.14259E-01    0.13234E+02
    0.14547E-01    0.13316E+02
    0.14841E-01    0.13393E+02
    0.15141E-01    0.13466E+02
    0.15447E-01    0.13534E+02
    0.15759E-01    0.13598E+02
    0.16077E-01    0.13657E+02
    0.16402E-01    0.13710E+02
    0.16734E-01    0.13758E+02
    0.17072E-01    0.13801E+02
    0.17416E-01    0.13838E+02
    0.17768E-01    0.13869E+02
    0.18127E-01    0.13894E+02
    0.18493E-01    0.13912E+02
    0.18867E-01    0.13924E+02
    0.19248E-01    0.13929E+02
    0.19637E-01    0.13928E+02
    0.20034E-01    0.13919E+02
    0.20438E-01    0.13903E+02
    0.20851E-01    0.13879E+02
    0.21272E-01    0.13849E+02
    0.21702E-01    0.13810E+02
    0.22141E-01    0.13764E+02
    0.22588E-01    0.13710E+02
    0.23044E-01    0.13649E+02
    0.23510E-01    0.13579E+02
    0.23985E-01    0.13501E+02
    0.24469E-01    0.13416E+02
    0.24964E-01    0.13323E+02
    0.25468E-01    0.13221E+02
    0.25982E-01    0.13112E+02
    0.26507E-01    0.12996E+02
    0.27043E-01    0.12871E+02
    0.27589E-01    0.12740E+02
    0.28146E-01    0.12601E+02
    0.28715E-01    0.12455E+02
    0.29295E-01    0.12303E+02
    0.29887E-01    0.12144E+02
    0.30490E-01    0.11979E+02
    0.31106E-01    0.11808E+02
    0.31735E-01    0.11632E+02
    0.32376E-01    0.11451E+02
    0.33030E-01    0.11266E+02
    0.33697E-01    0.11076E+02
    0.34378E-01    0.10883E+02
    0.35072E-01    0.10687E+02
    0.35781E-01    0.10488E+02
    0.36504E-01    0.10287E+02
    0.37241E-01    0.10085E+02
    0.37993E-01    0.98812E+01
    0.38761E-01    0.96775E+01
    0.39544E-01    0.94740E+01
    0.40343E-01    0.92712E+01
    0.41158E-01    0.90697E+01
    0.41989E-01    0.88699E+01
    0.42838E-01    0.86723E+01
    0.43703E-01    0.84775E+01
    0.44586E-01    0.82858E+01
    0.45486E-01    0.80976E+01
    0.46405E-01    0.79133E+01
    0.47343E-01    0.77332E+01
    0.48299E-01    0.75575E+01
    0.49275E-01    0.73863E+01
    0.50270E-01    0.72199E+01
    0.51286E-01    0.70582E+01
    0.52322E-01    0.69011E+01
    0.53379E-01    0.67487E+01
    0.54457E-01    0.66010E+01
    0.55557E-01    0.64574E+01
    0.56680E-01    0.63179E+01
    0.57825E-01    0.61820E+01
    0.58993E-01    0.60493E+01
    0.60184E-01    0.59193E+01
    0.61400E-01    0.57915E+01
    0.62641E-01    0.56653E+01
    0.63906E-01    0.55402E+01
    0.65197E-01    0.54155E+01
    0.66514E-01    0.52906E+01
    0.67858E-01    0.51649E+01
    0.69229E-01    0.50379E+01
    0.70627E-01    0.49092E+01
    0.72054E-01    0.47783E+01
    0.73510E-01    0.46450E+01
    0.74994E-01    0.45090E+01
    0.76509E-01    0.43701E+01
    0.78055E-01    0.42287E+01
    0.79632E-01    0.40850E+01
    0.81241E-01    0.39394E+01
    0.82882E-01    0.37926E+01
    0.84556E-01    0.36453E+01
    0.86264E-01    0.34984E+01
    0.88007E-01    0.33528E+01
    0.89785E-01    0.32096E+01
    0.91598E-01    0.30699E+01
    0.93449E-01    0.29347E+01
    0.95337E-01    0.28052E+01
    0.97263E-01    0.26821E+01
    0.99227E-01    0.25664E+01
    0.10123E+00    0.24585E+01
    0.10328E+00    0.23591E+01
    0.10536E+00    0.22682E+01
    0.10749E+00    0.21859E+01
    0.10966E+00    0.21118E+01
    0.11188E+00    0.20454E+01
    0.11414E+00    0.19859E+01
    0.11644E+00    0.19324E+01
    0.11880E+00    0.18836E+01
    0.12120E+00    0.18381E+01
    0.12365E+00    0.17946E+01
    0.12614E+00    0.17516E+01
    0.12869E+00    0.17077E+01
    0.13129E+00    0.16617E+01
    0.13394E+00    0.16126E+01
    0.13665E+00    0.15599E+01
    0.13941E+00    0.15033E+01
    0.14223E+00    0.14433E+01
    0.14510E+00    0.13804E+01
    0.14803E+00    0.13158E+01
    0.15102E+00    0.12509E+01
    0.15407E+00    0.11872E+01
    0.15718E+00    0.11263E+01
    0.16036E+00    0.10694E+01
    0.16360E+00    0.10176E+01
    0.16690E+00    0.97170E+00
    0.17028E+00    0.93190E+00
    0.17371E+00    0.89801E+00
    0.17722E+00    0.86931E+00
    0.18080E+00    0.84473E+00
    0.18446E+00    0.82290E+00
    0.18818E+00    0.80229E+00
    0.19198E+00    0.78138E+00
    0.19586E+00    0.75888E+00
    0.19982E+00    0.73387E+00
    0.20386E+00    0.70603E+00
    0.20797E+00    0.67561E+00
    0.21218E+00    0.64342E+00
    0.21646E+00    0.61068E+00
    0.22083E+00    0.57877E+00
    0.22530E+00    0.54900E+00
    0.22985E+00    0.52235E+00
    0.23449E+00    0.49934E+00
    0.23923E+00    0.47995E+00
    0.24406E+00    0.46365E+00
    0.24899E+00    0.44946E+00
    0.25402E+00    0.43622E+00
    0.25915E+00    0.42277E+00
    0.26439E+00    0.40823E+00
    0.26973E+00    0.39221E+00
    0.27518E+00    0.37486E+00
    0.28074E+00    0.35681E+00
    0.28641E+00    0.33897E+00
    0.29219E+00    0.32227E+00
    0.29810E+00    0.30735E+00
    0.30412E+00    0.29446E+00
    0.31026E+00    0.28337E+00
    0.31653E+00    0.27349E+00
    0.32292E+00    0.26407E+00
    0.32945E+00    0.25443E+00
    0.33610E+00    0.24421E+00
    0.34289E+00    0.23346E+00
    0.34982E+00    0.22256E+00
    0.35689E+00    0.21204E+00
    0.36409E+00    0.20238E+00
    0.37145E+00    0.19376E+00
    0.37895E+00    0.18607E+00
    0.38661E+00    0.17895E+00
    0.39442E+00    0.17198E+00
    0.40239E+00    0.16490E+00
    0.41052E+00    0.15769E+00
    0.41881E+00    0.15053E+00
    0.42727E+00    0.14370E+00
    0.43590E+00    0.13740E+00
    0.44471E+00    0.13164E+00
    0.45369E+00    0.12626E+00
    0.46286E+00    0.12106E+00
    0.47221E+00    0.11591E+00
    0.48174E+00    0.11081E+00
    0.49148E+00    0.10587E+00
    0.50141E+00    0.10120E+00
    0.51153E+00    0.96837E-01
    0.52187E+00    0.92726E-01
    0.53241E+00    0.88769E-01
    0.54317E+00    0.84909E-01
    0.55414E+00    0.81160E-01
    0.56533E+00    0.77569E-01
    0.57675E+00    0.74169E-01
    0.58840E+00    0.70946E-01
    0.60029E+00    0.67859E-01
    0.61242E+00    0.64879E-01
    0.62479E+00    0.62008E-01
    0.63741E+00    0.59262E-01
    0.65029E+00    0.56644E-01
    0.66342E+00    0.54139E-01
    0.67683E+00    0.51743E-01
    0.69050E+00    0.49450E-01
    0.70445E+00    0.47256E-01
    0.71868E+00    0.45157E-01
    0.73320E+00    0.43149E-01
    0.74801E+00    0.41227E-01
    0.76312E+00    0.39388E-01
    0.77854E+00    0.37628E-01
    0.79426E+00    0.35944E-01
    0.81031E+00    0.34333E-01
    0.82668E+00    0.32791E-01
    0.84338E+00    0.31317E-01
    0.86041E+00    0.29906E-01
    0.87780E+00    0.28558E-01
    0.89553E+00    0.27268E-01
    0.91362E+00    0.26035E-01
    0.93208E+00    0.24856E-01
    0.95091E+00    0.23729E-01
    0.97011E+00    0.22651E-01
    0.98971E+00    0.21621E-01
    0.10097E+01    0.20637E-01
    0.10301E+01    0.19697E-01
    0.10509E+01    0.18798E-01
    0.10721E+01    0.17939E-01
    0.10938E+01    0.17118E-01
    0.11159E+01    0.16334E-01
    0.11384E+01    0.15584E-01
    0.11614E+01    0.14869E-01
    0.11849E+01    0.14185E-01
    0.12088E+01    0.13532E-01
    0.12333E+01    0.12908E-01
    0.12582E+01    0.12312E-01
    0.12836E+01    0.11743E-01
    0.13095E+01    0.11200E-01
    0.13360E+01    0.10681E-01
    0.13630E+01    0.10185E-01
    0.13905E+01    0.97124E-02
    0.14186E+01    0.92608E-02
    0.14472E+01    0.88297E-02
    0.14765E+01    0.84182E-02
    0.15063E+01    0.80254E-02
    0.15367E+01    0.76505E-02
    0.15678E+01    0.72927E-02
    0.15994E+01    0.69512E-02
    0.16318E+01    0.66253E-02
    0.16647E+01    0.63144E-02
    0.16984E+01    0.60177E-02
    0.17327E+01    0.57346E-02
    0.17677E+01    0.54645E-02
    0.18034E+01    0.52069E-02
    0.18398E+01    0.49611E-02
    0.18770E+01    0.47267E-02
    0.19149E+01    0.45032E-02
    0.19536E+01    0.42899E-02
    0.19930E+01    0.40865E-02
    0.20333E+01    0.38926E-02
    0.20744E+01    0.37077E-02
    0.21163E+01    0.35314E-02
    0.21590E+01    0.33633E-02
    0.22026E+01    0.32030E-02
    0.22471E+01    0.30502E-02
    0.22925E+01    0.29045E-02
    0.23388E+01    0.27657E-02
    0.23861E+01    0.26333E-02
    0.24343E+01    0.25072E-02
    0.24835E+01    0.23870E-02
    0.25336E+01    0.22724E-02
    0.25848E+01    0.21632E-02
    0.26370E+01    0.20592E-02
    0.26903E+01    0.19600E-02
    0.27447E+01    0.18656E-02
    0.28001E+01    0.17756E-02
    0.28567E+01    0.16899E-02
    0.29144E+01    0.16082E-02
    0.29733E+01    0.15304E-02
    0.30333E+01    0.14563E-02
    0.30946E+01    0.13857E-02
    0.31571E+01    0.13185E-02
    0.32209E+01    0.12545E-02
    0.32860E+01    0.11935E-02
    0.33523E+01    0.11354E-02
    0.34201E+01    0.10801E-02
    0.34892E+01    0.10275E-02
    0.35596E+01    0.97739E-03
    0.36316E+01    0.92967E-03
    0.37049E+01    0.88425E-03
    0.37798E+01    0.84101E-03
    0.38561E+01    0.79984E-03
    0.39340E+01    0.76066E-03
    0.40135E+01    0.72337E-03
    0.40946E+01    0.68787E-03
    0.41773E+01    0.65409E-03
    0.42617E+01    0.62194E-03
    0.43478E+01    0.59135E-03
    0.44356E+01    0.56223E-03
    0.45252E+01    0.53453E-03
    0.46166E+01    0.50817E-03
    0.47099E+01    0.48309E-03
    0.48050E+01    0.45923E-03
    0.49021E+01    0.43653E-03
    0.50011E+01    0.41494E-03
    0.51021E+01    0.39439E-03
    0.52052E+01    0.37485E-03
    0.53104E+01    0.35626E-03
    0.54176E+01    0.33858E-03
    0.55271E+01    0.32177E-03
    0.56387E+01    0.30577E-03
    0.57526E+01    0.29056E-03
    0.58689E+01    0.27610E-03
    0.59874E+01    0.26234E-03
    0.61084E+01    0.24926E-03
    0.62318E+01    0.23683E-03
    0.63577E+01    0.22500E-03
    0.64861E+01    0.21376E-03
    0.66171E+01    0.20307E-03
    0.67508E+01    0.19291E-03
    0.68872E+01    0.18325E-03
    0.70263E+01    0.17406E-03
    0.71682E+01    0.16533E-03
    0.73130E+01    0.15704E-03
    0.74608E+01    0.14915E-03
    0.76115E+01    0.14165E-03
    0.77653E+01    0.13453E-03
    0.79221E+01    0.12776E-03
    0.80822E+01    0.12133E-03
    0.82454E+01    0.11522E-03
    0.84120E+01    0.10941E-03
    0.85819E+01    0.10389E-03
    0.87553E+01    0.98646E-04
    0.89322E+01    0.93665E-04
    0.91126E+01    0.88933E-04
    0.92967E+01    0.84437E-04
    0.94845E+01    0.80166E-04
    0.96761E+01    0.76109E-04
    0.98716E+01    0.72254E-04
    0.10071E+02    0.68592E-04
    0.10274E+02    0.65113E-04
    0.10482E+02    0.61809E-04
    0.10694E+02    0.58670E-04
    0.10910E+02    0.55688E-04
    0.11130E+02    0.52856E-04
    0.11355E+02    0.50167E-04
    0.11584E+02    0.47612E-04
    0.11818E+02    0.45187E-04
    0.12057E+02    0.42883E-04
    0.12301E+02    0.40696E-04
    0.12549E+02    0.38619E-04
    0.12803E+02    0.36646E-04
    0.13061E+02    0.34774E-04
    0.13325E+02    0.32996E-04
    0.13594E+02    0.31308E-04
    0.13869E+02    0.29706E-04
    0.14149E+02    0.28185E-04
    0.14435E+02    0.26741E-04
    0.14727E+02    0.25370E-04
    0.15024E+02    0.24069E-04
    0.15328E+02    0.22834E-04
    0.15637E+02    0.21662E-04
    0.15953E+02    0.20549E-04
    0.16275E+02    0.19493E-04
    0.16604E+02    0.18491E-04
    0.16940E+02    0.17539E-04
    0.17282E+02    0.16637E-04
    0.17631E+02    0.15780E-04
    0.17987E+02    0.14967E-04
    0.18351E+02    0.14195E-04
    0.18721E+02    0.13463E-04
    0.19099E+02    0.12768E-04
    0.19485E+02    0.12109E-04
    0.19879E+02    0.11484E-04
    0.20280E+02    0.10890E-04
    0.20690E+02    0.10327E-04
    0.21108E+02    0.97929E-05
    0.21535E+02    0.92861E-05
    0.21970E+02    0.88053E-05
    0.22413E+02    0.83491E-05
    0.22866E+02    0.79164E-05
    0.23328E+02    0.75059E-05
    0.23799E+02    0.71166E-05
    0.24280E+02    0.67473E-05
    0.24771E+02    0.63970E-05
    0.25271E+02    0.60647E-05
    0.25782E+02    0.57495E-05
    0.26302E+02    0.54506E-05
    0.26834E+02    0.51671E-05
    0.27376E+02    0.48982E-05
    0.27929E+02    0.46432E-05
    0.28493E+02    0.44014E-05
    0.29069E+02    0.41720E-05
    0.29656E+02    0.39545E-05
    0.30255E+02    0.37483E-05
    0.30866E+02    0.35527E-05
    0.31490E+02    0.33672E-05
    0.32126E+02    0.31914E-05
    0.32775E+02    0.30247E-05
    0.33437E+02    0.28666E-05
    0.34112E+02    0.27167E-05
    0.34801E+02    0.25746E-05
    0.35504E+02    0.24398E-05
    0.36222E+02    0.23121E-05
    0.36953E+02    0.21910E-05
    0.37700E+02    0.20762E-05
    0.38462E+02    0.19674E-05
    0.39239E+02    0.18642E-05
    0.40031E+02    0.17664E-05
    0.40840E+02    0.16737E-05
    0.41665E+02    0.15858E-05
    0.42507E+02    0.15025E-05
    0.43365E+02    0.14236E-05
    0.44241E+02    0.13487E-05
    0.45135E+02    0.12778E-05
    0.46047E+02    0.12106E-05
    0.46977E+02    0.11469E-05
    0.47926E+02    0.10865E-05
    0.48894E+02    0.10293E-05
    0.49882E+02    0.97502E-06
    0.50890E+02    0.92363E-06
    0.51918E+02    0.87492E-06
    0.52966E+02    0.82875E-06
    0.54036E+02    0.78501E-06
    0.55128E+02    0.74356E-06
    0.56242E+02    0.70428E-06
    0.57378E+02    0.66706E-06
    0.58537E+02    0.63180E-06
    0.59720E+02    0.59838E-06
    0.60926E+02    0.56672E-06
    0.62157E+02    0.53672E-06
    0.63412E+02    0.50830E-06
    0.64693E+02    0.48137E-06
    0.66000E+02    0.45586E-06
    0.67334E+02    0.43169E-06
    0.68694E+02    0.40879E-06
    0.70082E+02    0.38710E-06
    0.71497E+02    0.36655E-06
    0.72942E+02    0.34709E-06
    0.74415E+02    0.32865E-06
    0.75918E+02    0.31118E-06
    0.77452E+02    0.29464E-06
    0.79017E+02    0.27896E-06
    0.80613E+02    0.26412E-06
    0.82241E+02    0.25006E-06
    0.83903E+02    0.23674E-06
    0.85598E+02    0.22413E-06
    0.87327E+02    0.21218E-06
    0.89091E+02    0.20086E-06
    0.90891E+02    0.19015E-06
    0.92727E+02    0.18000E-06
    0.94600E+02    0.17039E-06
    0.96511E+02    0.16128E-06
    0.98461E+02    0.15266E-06
    0.10045E+03    0.14450E-06
    0.10248E+03    0.13677E-06
    0.10455E+03    0.12945E-06
    0.10666E+03    0.12251E-06
    0.10882E+03    0.11595E-06
    0.11101E+03    0.10973E-06
    0.11326E+03    0.10385E-06
    0.11554E+03    0.98273E-07
    0.11788E+03    0.92997E-07
    0.12026E+03    0.88001E-07
    0.12269E+03    0.83271E-07
    0.12517E+03    0.78793E-07
    0.12770E+03    0.74553E-07
    0.13028E+03    0.70539E-07
    0.13291E+03    0.66740E-07
    0.13559E+03    0.63143E-07
    0.13833E+03    0.59738E-07
    0.14113E+03    0.56515E-07
    0.14398E+03    0.53465E-07
    0.14689E+03    0.50577E-07
    0.14985E+03    0.47843E-07
    0.15288E+03    0.45256E-07
    0.15597E+03    0.42806E-07
    0.15912E+03    0.40487E-07
    0.16233E+03    0.38292E-07
    0.16561E+03    0.36214E-07
    0.16896E+03    0.34247E-07
    0.17237E+03    0.32386E-07
    0.17585E+03    0.30623E-07
    0.17941E+03    0.28956E-07
    0.18303E+03    0.27378E-07
    0.18673E+03    0.25885E-07
    0.19050E+03    0.24472E-07
    0.19435E+03    0.23136E-07
    0.19828E+03    0.21873E-07
    0.20228E+03    0.20678E-07
    0.20637E+03    0.19549E-07
