1.000000000000000048e-04 1.001940967806706384e+00
1.020200000000000024e-04 1.001969020740351768e+00
1.040800000000000064e-04 1.001866392071051770e+00
1.061800000000000032e-04 1.001893341748185451e+00
1.083300000000000013e-04 1.001918554276519435e+00
1.105200000000000057e-04 1.001942101110639083e+00
1.127500000000000030e-04 1.001904421829435066e+00
1.150300000000000015e-04 1.001925882696235837e+00
1.173500000000000064e-04 1.001945747968410183e+00
1.197199999999999989e-04 1.001907968574635266e+00
1.221399999999999927e-04 1.001926040061633438e+00
1.246099999999999877e-04 1.001942690626517640e+00
1.271199999999999891e-04 1.001904963488199796e+00
1.296899999999999865e-04 1.001919983394738312e+00
1.323100000000000122e-04 1.001933645430490571e+00
1.349900000000000069e-04 1.001896112968414743e+00
1.377100000000000080e-04 1.001908303567059733e+00
1.404900000000000051e-04 1.001919293699918390e+00
1.433299999999999982e-04 1.001929139415611791e+00
1.462299999999999874e-04 1.001937895076823626e+00
1.491800000000000049e-04 1.001900280517600272e+00
1.522000000000000132e-04 1.001907804250410372e+00
1.552699999999999957e-04 1.001914375217542785e+00
1.584099999999999961e-04 1.001919959040873831e+00
1.616099999999999926e-04 1.001882687641201475e+00
1.648700000000000122e-04 1.001928284237302069e+00
1.681999999999999956e-04 1.001890891535242911e+00
1.715999999999999969e-04 1.001893640523907392e+00
1.750699999999999891e-04 1.001895624588958977e+00
1.786000000000000044e-04 1.001896813353565951e+00
1.822100000000000054e-04 1.001897250846322640e+00
1.858899999999999973e-04 1.001896979425069389e+00
1.896500000000000020e-04 1.001895971953924214e+00
1.934799999999999975e-04 1.001894338034098331e+00
1.973900000000000058e-04 1.001891984864121010e+00
2.013799999999999998e-04 1.001889083794359703e+00
2.054400000000000117e-04 1.001885544161428943e+00
2.095900000000000042e-04 1.001881406513559281e+00
2.138300000000000042e-04 1.001876769411839563e+00
2.181499999999999900e-04 1.001871549330921152e+00
2.225499999999999885e-04 1.001896488437538313e+00
2.270499999999999895e-04 1.001889735437038631e+00
2.316399999999999980e-04 1.001882519045798281e+00
2.363199999999999871e-04 1.001874873806570587e+00
2.410900000000000109e-04 1.001866832607342772e+00
2.459599999999999829e-04 1.001858375169888848e+00
2.509300000000000115e-04 1.001849534896371630e+00
2.559999999999999884e-04 1.001867064973861243e+00
2.611700000000000219e-04 1.001857034498992993e+00
2.664499999999999985e-04 1.001846674703121387e+00
2.718299999999999775e-04 1.001861213813224794e+00
2.773200000000000079e-04 1.001849796522382707e+00
2.829199999999999814e-04 1.001838146374498084e+00
2.886400000000000012e-04 1.001826245760500944e+00
2.944700000000000182e-04 1.001837380221415996e+00
3.004199999999999731e-04 1.001847417037290411e+00
3.064899999999999743e-04 1.001811594202898448e+00
3.126800000000000217e-04 1.001820375041122979e+00
3.189900000000000070e-04 1.001806607019958717e+00
3.254399999999999741e-04 1.001813810267009774e+00
3.320099999999999874e-04 1.001820024404872722e+00
3.387199999999999825e-04 1.001805054151624574e+00
3.455600000000000186e-04 1.001809864757358781e+00
3.525399999999999823e-04 1.001794316696897003e+00
3.596599999999999819e-04 1.001797804383582680e+00
3.669300000000000122e-04 1.001781728839625352e+00
3.743400000000000243e-04 1.001765614654601677e+00
3.819000000000000129e-04 1.001767485481369402e+00
3.896200000000000271e-04 1.001750941794450123e+00
3.974900000000000178e-04 1.001751738730769725e+00
4.055199999999999799e-04 1.001734811891965338e+00
4.137100000000000217e-04 1.001734576446453140e+00
4.220699999999999756e-04 1.001733725875040726e+00
4.306000000000000040e-04 1.001732240524804807e+00
4.392900000000000038e-04 1.001714429519645178e+00
4.481700000000000137e-04 1.001712091064735688e+00
4.572199999999999897e-04 1.001694069245080421e+00
4.664599999999999758e-04 1.001676110237621931e+00
4.758799999999999771e-04 1.001672751603659650e+00
4.854999999999999832e-04 1.001668925183653025e+00
4.952999999999999504e-04 1.001650603589363309e+00
5.053100000000000256e-04 1.001646113115406189e+00
5.155199999999999973e-04 1.001614248432833865e+00
5.259299999999999739e-04 1.001609413751253230e+00
5.365600000000000534e-04 1.001604160467793880e+00
5.473900000000000293e-04 1.001585811427991413e+00
5.584500000000000488e-04 1.001567573619975393e+00
5.697299999999999543e-04 1.001549460738860864e+00
5.812400000000000119e-04 1.001543431442929011e+00
5.929900000000000535e-04 1.001525320317266488e+00
6.049599999999999813e-04 1.001507341096331771e+00
6.171899999999999912e-04 1.001489488947314932e+00
6.296500000000000447e-04 1.001482842187966904e+00
6.423699999999999636e-04 1.001465034509701812e+00
6.553499999999999647e-04 1.001436720446128303e+00
6.685900000000000480e-04 1.001419401972551304e+00
6.821000000000000457e-04 1.001402223086528487e+00
6.958799999999999578e-04 1.001375143034950677e+00
7.099300000000000012e-04 1.001378088394527133e+00
7.242699999999999486e-04 1.001351481803262944e+00
7.389099999999999575e-04 1.001325381047051044e+00
7.538300000000000382e-04 1.001206944573391544e+00
7.690600000000000127e-04 1.001183647455157866e+00
7.845999999999999893e-04 1.001160817930172309e+00
8.004499999999999680e-04 1.001226026797442881e+00
8.166199999999999978e-04 1.001202439233874530e+00
8.331099999999999704e-04 1.001179245283018826e+00
8.499399999999999837e-04 1.001073847678837003e+00
8.671100000000000379e-04 1.001053143227478959e+00
8.846299999999999650e-04 1.001032893691403247e+00
9.024999999999999819e-04 1.001013013325021239e+00
9.207300000000000293e-04 1.000993504012227753e+00
9.393300000000000477e-04 1.000899415380002822e+00
9.583099999999999778e-04 1.000882093501911152e+00
9.776699999999999280e-04 1.000865114267176281e+00
9.974199999999999473e-04 1.000777769921516125e+00
1.017600000000000015e-03 1.000762829403606169e+00
1.038099999999999917e-03 1.000680133306128150e+00
1.059100000000000102e-03 1.000667066906810732e+00
1.080500000000000080e-03 1.000654278984559165e+00
1.102300000000000068e-03 1.000513347022587318e+00
1.124599999999999905e-03 1.000503492982566467e+00
1.147299999999999969e-03 1.000493857645533780e+00
1.170500000000000099e-03 1.000423831436183075e+00
1.194100000000000023e-03 1.000296929746421926e+00
1.218200000000000012e-03 1.000232991612301836e+00
1.242899999999999908e-03 1.000228532251614011e+00
1.268000000000000030e-03 1.000112076211824075e+00
1.293600000000000002e-03 1.000054966195789596e+00
1.319700000000000040e-03 1.000000000000000000e+00
1.346399999999999984e-03 9.998942302607224386e-01
1.373599999999999995e-03 9.998443741246044736e-01
1.401300000000000072e-03 9.997455729696722582e-01
1.429600000000000055e-03 9.996505939902166071e-01
1.458499999999999944e-03 9.995593419506462185e-01
1.487999999999999956e-03 9.994716618635928196e-01
1.518000000000000035e-03 9.993874858650585447e-01
1.548700000000000077e-03 9.992604917729708269e-01
1.580000000000000024e-03 9.991838585354795299e-01
1.611900000000000095e-03 9.990659194021884737e-01
1.644499999999999912e-03 9.989963782344983834e-01
1.677700000000000068e-03 9.988441780821918359e-01
1.711599999999999970e-03 9.987400781151568596e-01
1.746200000000000052e-03 9.986402966625463895e-01
1.781400000000000041e-03 9.985043253294525467e-01
1.817400000000000048e-03 9.983739192512097738e-01
1.854100000000000019e-03 9.982489591034670040e-01
1.891600000000000009e-03 9.980910930401252212e-01
1.929799999999999962e-03 9.979397662571171113e-01
1.968800000000000151e-03 9.978314404381225522e-01
2.008600000000000142e-03 9.976918638199653300e-01
2.049099999999999880e-03 9.975228253945784829e-01
2.090499999999999910e-03 9.973609278422111979e-01
2.132799999999999800e-03 9.971717722424779939e-01
2.175799999999999870e-03 9.969905704540893421e-01
2.219800000000000072e-03 9.968170631665299597e-01
2.264599999999999860e-03 9.966508871928637658e-01
2.310400000000000214e-03 9.964604007332026336e-01
2.357099999999999994e-03 9.962779156327543628e-01
2.404700000000000067e-03 9.960729398155194758e-01
2.453299999999999838e-03 9.958469031043651887e-01
2.502799999999999903e-03 9.956303703920936776e-01
2.553399999999999941e-03 9.954517976913555000e-01
2.605000000000000111e-03 9.952246397287368707e-01
2.657599999999999980e-03 9.949796133470169002e-01
2.711299999999999821e-03 9.947448673963950050e-01
2.765999999999999796e-03 9.944934509489441465e-01
2.821900000000000016e-03 9.942789660149585762e-01
2.878900000000000209e-03 9.939967020509120621e-01
2.937100000000000214e-03 9.937515810776625935e-01
2.996400000000000192e-03 9.934921384038351011e-01
3.056899999999999982e-03 9.932195121951219452e-01
3.118699999999999858e-03 9.929584211534776550e-01
3.181699999999999980e-03 9.926851067833287745e-01
3.246000000000000187e-03 9.924004434999537105e-01
3.311500000000000207e-03 9.920825771324862652e-01
3.378400000000000153e-03 9.918001738006640977e-01
3.446700000000000024e-03 9.915079886189537284e-01
3.516299999999999981e-03 9.911854495420734379e-01
3.587400000000000137e-03 9.908762592662992974e-01
3.659799999999999946e-03 9.905593825213709902e-01
3.733799999999999793e-03 9.902558352869229585e-01
3.809199999999999999e-03 9.899250891319152368e-01
3.886099999999999971e-03 9.896081402901061308e-01
3.964600000000000415e-03 9.892851616896178868e-01
4.044700000000000031e-03 9.889188778225499465e-01
4.126399999999999686e-03 9.886047337057031203e-01
4.209799999999999653e-03 9.882670485843340069e-01
4.294799999999999660e-03 9.879431088008086004e-01
4.381600000000000251e-03 9.875973668801787397e-01
4.470100000000000288e-03 9.872483689774275151e-01
4.560400000000000044e-03 9.869134193194292193e-01
4.652500000000000385e-03 9.865920091747761855e-01
4.746499999999999851e-03 9.862509329131770031e-01
4.842400000000000176e-03 9.859233040272726845e-01
4.940199999999999626e-03 9.855930435898669906e-01
5.040000000000000209e-03 9.852602341949942000e-01
5.141899999999999596e-03 9.849251692231261179e-01
5.245699999999999842e-03 9.846184395429828928e-01
5.351700000000000033e-03 9.843090102953332421e-01
5.459799999999999896e-03 9.839971603094079811e-01
5.570099999999999704e-03 9.836829158236416459e-01
5.682600000000000325e-03 9.833808507285205502e-01
5.797400000000000296e-03 9.830902885510393041e-01
5.914499999999999619e-03 9.828110464712661587e-01
6.034000000000000301e-03 9.825153793574845640e-01
6.155899999999999740e-03 9.822440600390388576e-01
6.280299999999999945e-03 9.819830569144493149e-01
6.407200000000000048e-03 9.817187030725635921e-01
6.536600000000000049e-03 9.814769555318300087e-01
6.668600000000000222e-03 9.812315451976326708e-01
6.803299999999999972e-03 9.809824684081713819e-01
6.940799999999999574e-03 9.807424908019245491e-01
7.080999999999999621e-03 9.805105815293190252e-01
7.224000000000000386e-03 9.802749551703525688e-01
7.369999999999999815e-03 9.800589275191514682e-01
7.518900000000000236e-03 9.798384753936437708e-01
7.670800000000000188e-03 9.796138199736436070e-01
7.825699999999999670e-03 9.793849387990370969e-01
7.983799999999999231e-03 9.791740991794506410e-01
8.145100000000000603e-03 9.789475999824013286e-01
8.309600000000000319e-03 9.787275608326638787e-01
8.477500000000000660e-03 9.784923202159337974e-01
8.648799999999999891e-03 9.782528254411282376e-01
8.823499999999999746e-03 9.780087881349741608e-01
9.001699999999999632e-03 9.777505255781360205e-01
9.183600000000000096e-03 9.774980154287691292e-01
9.369099999999999998e-03 9.772210941112606797e-01
9.558300000000000476e-03 9.768917576961271276e-01
9.751400000000000345e-03 9.766264350897849722e-01
9.948399999999999604e-03 9.763382467028705047e-01
1.014900000000000004e-02 9.760352760736196176e-01
1.035400000000000036e-02 9.757368969765898292e-01
1.056400000000000047e-02 9.753514526710402865e-01
1.077700000000000012e-02 9.750625753221470182e-01
1.099499999999999957e-02 9.745964783565664868e-01
1.121699999999999954e-02 9.743170886650331930e-01
1.144300000000000005e-02 9.738614928590677566e-01
1.167499999999999961e-02 9.734127689845276654e-01
1.191000000000000045e-02 9.730562648586775776e-01
1.215100000000000034e-02 9.726146869004012041e-01
1.239700000000000003e-02 9.722630260088136467e-01
1.264700000000000026e-02 9.717441561777548920e-01
1.290200000000000027e-02 9.713121711084705678e-01
1.316299999999999935e-02 9.707986198771354491e-01
1.342899999999999996e-02 9.702862866204824410e-01
1.370000000000000037e-02 9.698575687313679694e-01
1.397699999999999984e-02 9.693483441531760558e-01
1.425900000000000084e-02 9.687576474426951023e-01
1.454699999999999917e-02 9.682462535439447793e-01
1.484100000000000003e-02 9.676562877142166341e-01
1.514099999999999994e-02 9.670610809082188508e-01
1.544700000000000066e-02 9.664653528289892659e-01
1.575899999999999870e-02 9.657869785082174863e-01
1.607700000000000101e-02 9.651053127947185617e-01
1.640199999999999991e-02 9.644169860014076834e-01
1.673399999999999888e-02 9.636462712128288643e-01
1.707200000000000037e-02 9.628710952639331078e-01
1.741600000000000092e-02 9.620849420849421074e-01
1.776799999999999907e-02 9.612158522508656988e-01
1.812700000000000075e-02 9.603345097437470113e-01
1.849299999999999902e-02 9.595163388689064154e-01
1.886699999999999836e-02 9.585337915234821704e-01
1.924800000000000122e-02 9.576122589006631491e-01
1.963700000000000168e-02 9.565978831950050498e-01
2.003399999999999972e-02 9.554896142433233486e-01
2.043800000000000130e-02 9.543622119114627544e-01
2.085100000000000148e-02 9.532105903834449112e-01
2.127199999999999924e-02 9.520328917313841677e-01
2.170199999999999907e-02 9.507546882146667988e-01
2.214100000000000096e-02 9.494424927447686624e-01
2.258800000000000044e-02 9.480251071647274319e-01
2.304399999999999851e-02 9.466451711960693904e-01
2.350999999999999965e-02 9.450778000308119875e-01
2.398499999999999938e-02 9.435421500386697025e-01
2.446900000000000117e-02 9.418803418803419758e-01
2.496400000000000008e-02 9.401749453295844550e-01
2.546800000000000105e-02 9.383346425765907162e-01
2.598200000000000162e-02 9.365117014547755803e-01
2.650699999999999931e-02 9.345489290548610883e-01
2.704300000000000107e-02 9.325202599695098238e-01
2.758899999999999894e-02 9.303398058252427827e-01
2.814600000000000088e-02 9.280816326530612059e-01
2.871500000000000094e-02 9.257397181241242556e-01
2.929500000000000159e-02 9.232242484803063753e-01
2.988700000000000037e-02 9.206937194813941128e-01
3.048999999999999974e-02 9.179797291542458604e-01
3.110600000000000170e-02 9.152440075875150072e-01
3.173499999999999932e-02 9.123067516813695432e-01
3.237600000000000200e-02 9.091633466135458086e-01
3.302999999999999686e-02 9.058908045977011048e-01
3.369699999999999779e-02 9.025246080933284620e-01
3.437799999999999884e-02 8.990280477645097301e-01
3.507199999999999901e-02 8.953715898400751438e-01
3.578100000000000031e-02 8.915056437727185701e-01
3.650400000000000172e-02 8.874549878345499021e-01
3.724100000000000327e-02 8.832557217873773237e-01
3.799299999999999899e-02 8.788588267350213590e-01
3.876099999999999685e-02 8.742916499542335851e-01
3.954400000000000276e-02 8.695301112590836379e-01
4.034299999999999692e-02 8.645694053718698813e-01
4.115800000000000014e-02 8.594118417605448590e-01
4.198899999999999855e-02 8.540542950118128473e-01
4.283800000000000108e-02 8.484914013862490112e-01
4.370299999999999879e-02 8.427221040147895303e-01
4.458600000000000063e-02 8.367511821875815992e-01
4.548599999999999866e-02 8.305807203750029677e-01
4.640500000000000180e-02 8.242312132987373863e-01
4.734300000000000314e-02 8.176694592536176698e-01
4.829900000000000165e-02 8.109188613854959593e-01
4.927499999999999936e-02 8.039796107999044317e-01
5.027000000000000218e-02 7.968938787146522262e-01
5.128599999999999826e-02 7.896256803287793335e-01
5.232200000000000045e-02 7.822191298420992922e-01
5.337900000000000283e-02 7.746877722916061249e-01
5.445699999999999846e-02 7.670349907918968535e-01
5.555700000000000222e-02 7.592764167134979925e-01
5.668000000000000121e-02 7.514406871806023069e-01
5.782500000000000140e-02 7.435424940428911889e-01
5.899299999999999683e-02 7.355927797364701926e-01
6.018400000000000138e-02 7.276307917303730388e-01
6.140000000000000319e-02 7.196681175190424717e-01
6.264100000000000223e-02 7.117007394519355712e-01
6.390600000000000447e-02 7.037208556721229469e-01
6.519700000000000495e-02 6.958591754834002607e-01
6.651400000000000368e-02 6.880631051628097739e-01
6.785800000000000165e-02 6.803519061583577221e-01
6.922899999999999887e-02 6.727512342886367014e-01
7.062699999999999534e-02 6.652455902854949032e-01
7.205400000000000693e-02 6.578570092875397624e-01
7.351000000000000589e-02 6.506021519176881096e-01
7.499400000000000510e-02 6.434746173863185037e-01
7.650899999999999368e-02 6.364754098360655421e-01
7.805499999999999938e-02 6.295764367951404150e-01
7.963199999999999446e-02 6.227961079815641510e-01
8.124099999999999377e-02 6.161163820366856170e-01
8.288199999999999734e-02 6.095553627304041155e-01
8.455600000000000616e-02 6.030438233925491387e-01
8.626399999999999346e-02 5.965808550716364955e-01
8.800700000000000189e-02 5.901233832031949067e-01
8.978500000000000369e-02 5.836527375276557850e-01
9.159799999999999887e-02 5.771739839519864912e-01
9.344900000000000428e-02 5.705938631859495125e-01
9.533700000000000507e-02 5.638876951726112807e-01
9.726300000000000223e-02 5.570736834202920651e-01
9.922699999999999576e-02 5.500884955752212147e-01
1.012300000000000005e-01 5.429089112172624798e-01
1.032799999999999968e-01 5.354835931444320574e-01
1.053599999999999953e-01 5.278539634009261627e-01
1.074900000000000022e-01 5.200056221889056696e-01
1.096599999999999936e-01 5.119586925812265044e-01
1.118799999999999933e-01 5.037489894907033472e-01
1.141400000000000053e-01 4.954044021540230935e-01
1.164400000000000018e-01 4.869541749878555370e-01
1.188000000000000028e-01 4.784884044268950531e-01
1.212000000000000022e-01 4.700211682590537121e-01
1.236499999999999960e-01 4.616393249838301460e-01
1.261400000000000021e-01 4.533740107533377750e-01
1.286899999999999988e-01 4.452558370591157555e-01
1.312899999999999900e-01 4.373641825386680448e-01
1.339400000000000035e-01 4.296552633313558966e-01
1.366499999999999937e-01 4.221813224267211839e-01
1.394100000000000061e-01 4.149161892637386329e-01
1.422299999999999953e-01 4.078509353365739609e-01
1.451000000000000068e-01 4.009391116927103482e-01
1.480299999999999949e-01 3.941380702462656815e-01
1.510199999999999876e-01 3.874256584536958092e-01
1.540700000000000125e-01 3.807420019715028747e-01
1.571799999999999864e-01 3.740558447704684930e-01
1.603600000000000025e-01 3.672865426914617148e-01
1.635999999999999954e-01 3.604088219472835197e-01
1.668999999999999928e-01 3.533929720970498956e-01
1.702799999999999869e-01 3.462142632736412429e-01
1.737100000000000033e-01 3.388791061995263809e-01
1.772199999999999886e-01 3.314286435076565507e-01
1.807999999999999885e-01 3.238942439380698701e-01
1.844600000000000128e-01 3.163497076809354547e-01
1.881799999999999862e-01 3.088552318832569199e-01
1.919800000000000118e-01 3.014714237018520371e-01
1.958600000000000063e-01 2.942707191205063966e-01
1.998199999999999976e-01 2.872605407363796881e-01
2.038600000000000134e-01 2.804616420551527822e-01
2.079699999999999882e-01 2.738629868539234069e-01
2.121800000000000075e-01 2.674382768893606710e-01
2.164600000000000135e-01 2.611173224654668723e-01
2.208299999999999985e-01 2.549008401440246985e-01
2.253000000000000003e-01 2.487510072522159665e-01
2.298499999999999988e-01 2.426504998936396540e-01
2.344900000000000040e-01 2.365764676917567477e-01
2.392299999999999982e-01 2.305513250076149934e-01
2.440599999999999992e-01 2.245890043416752246e-01
2.489899999999999891e-01 2.186770428015564205e-01
2.540200000000000236e-01 2.128134213478748704e-01
2.591499999999999915e-01 2.069951534733441012e-01
2.643900000000000139e-01 2.012249784236754824e-01
2.697300000000000253e-01 1.955166931637520034e-01
2.751799999999999802e-01 1.898989289485593368e-01
2.807399999999999896e-01 1.843979488478095785e-01
2.864099999999999979e-01 1.790352690179345119e-01
2.921900000000000053e-01 1.737959642832032914e-01
2.980999999999999761e-01 1.686671603109959339e-01
3.041200000000000014e-01 1.636222368983333841e-01
3.102599999999999802e-01 1.586579032781564591e-01
3.165299999999999780e-01 1.537757340533243144e-01
3.229199999999999848e-01 1.489912914095663232e-01
3.294500000000000206e-01 1.443062114057391820e-01
3.361000000000000099e-01 1.397213037316958062e-01
3.428899999999999726e-01 1.352314220862528282e-01
3.498200000000000198e-01 1.308512289780077720e-01
3.568899999999999850e-01 1.266046562228024253e-01
3.640900000000000247e-01 1.225042881646655202e-01
3.714500000000000024e-01 1.185142994184303633e-01
3.789500000000000091e-01 1.145927318295739405e-01
3.866100000000000092e-01 1.107208148341603665e-01
3.944199999999999928e-01 1.068981921979067634e-01
4.023900000000000254e-01 1.031730292513634017e-01
4.105199999999999960e-01 9.954861624981499457e-02
4.188100000000000156e-01 9.604651162790697749e-02
4.272699999999999831e-01 9.264048141823208460e-02
4.359000000000000097e-01 8.931616643929059240e-02
4.447099999999999942e-01 8.606157965194109749e-02
4.536899999999999822e-01 8.285541157826047109e-02
4.628599999999999937e-01 7.972268171645421897e-02
4.722100000000000186e-01 7.669339512383507862e-02
4.817400000000000015e-01 7.380732140388929219e-02
4.914799999999999724e-01 7.103680270896453597e-02
5.014100000000000223e-01 6.833043457960288891e-02
5.115300000000000402e-01 6.566888712338814216e-02
5.218699999999999450e-01 6.307304850297870691e-02
5.324100000000000499e-01 6.056851896399646773e-02
5.431700000000000417e-01 5.815897242372147086e-02
5.541399999999999659e-01 5.582929790938217368e-02
5.653299999999999992e-01 5.356633927340146567e-02
5.767499999999999849e-01 5.135911424903722572e-02
5.884000000000000341e-01 4.922655738255597019e-02
6.002899999999999903e-01 4.719507908611599717e-02
6.124199999999999644e-01 4.524085416321801251e-02
6.247899999999999565e-01 4.332922508088121738e-02
6.374100000000000321e-01 4.146380816005484915e-02
6.502900000000000347e-01 3.967305214691532744e-02
6.634200000000000097e-01 3.795749574293991180e-02
6.768300000000000427e-01 3.630511300481659848e-02
6.905000000000000027e-01 3.471228691287373685e-02
7.044500000000000206e-01 3.317842450099039303e-02
7.186799999999999855e-01 3.170212765957446804e-02
7.331999999999999629e-01 3.027939496921919910e-02
7.480099999999999527e-01 2.891167974790651365e-02
7.631200000000000205e-01 2.759504889975550324e-02
7.785400000000000098e-01 2.632975828397630946e-02
7.942599999999999660e-01 2.511336195331365789e-02
8.103099999999999747e-01 2.394483485593815880e-02
8.266799999999999704e-01 2.282285377705787002e-02
8.433800000000000185e-01 2.174573786932037373e-02
8.604100000000000081e-01 2.071252475447601243e-02
8.778000000000000247e-01 1.972176343539575744e-02
8.955300000000000482e-01 1.877163397532617337e-02
9.136199999999999877e-01 1.786205934331689879e-02
9.320800000000000196e-01 1.699078812691914159e-02
9.509100000000000330e-01 1.615702901512055742e-02
9.701100000000000279e-01 1.535871078273905177e-02
9.897099999999999786e-01 1.459621752062405069e-02
1.009700000000000042e+00 1.386728631095946775e-02
1.030100000000000016e+00 1.316951347351544808e-02
1.050899999999999945e+00 1.250371711164264057e-02
1.072100000000000053e+00 1.186784140969162835e-02
1.093800000000000106e+00 1.126128046614083625e-02
1.115899999999999892e+00 1.068092080756909840e-02
1.138400000000000079e+00 1.012889617998593943e-02
1.161399999999999988e+00 9.601081258191349402e-03
1.184900000000000064e+00 9.098093111149287496e-03
1.208800000000000097e+00 8.619403657328168766e-03
1.233300000000000063e+00 8.162966461974490578e-03
1.258199999999999985e+00 7.728596908442330812e-03
1.283600000000000074e+00 7.314571360277687638e-03
1.309500000000000108e+00 6.920838057033225701e-03
1.336000000000000076e+00 6.546412971390673345e-03
1.362999999999999989e+00 6.190384799923231984e-03
1.390500000000000069e+00 5.852093269073475358e-03
1.418600000000000083e+00 5.530634067776472353e-03
1.447200000000000042e+00 5.225418634607128035e-03
1.476499999999999924e+00 4.935767017380690395e-03
1.506299999999999972e+00 4.660801146673578671e-03
1.536699999999999955e+00 4.399910398566376883e-03
1.567800000000000082e+00 4.152422848315927284e-03
1.599399999999999933e+00 3.917785530535292798e-03
1.631799999999999917e+00 3.695402936499130823e-03
1.664700000000000069e+00 3.484648526957264195e-03
1.698399999999999910e+00 3.284989713401095888e-03
1.732699999999999907e+00 3.095869323526896470e-03
1.767700000000000049e+00 2.917096817630952625e-03
1.803399999999999892e+00 2.747597059932152183e-03
1.839800000000000102e+00 2.587362433535303746e-03
1.877000000000000002e+00 2.435663101048914266e-03
1.914900000000000047e+00 2.292373112358938019e-03
1.953600000000000003e+00 2.156859939328029541e-03
1.993000000000000105e+00 2.028938037141654865e-03
2.033300000000000107e+00 1.908023853847852893e-03
2.074399999999999800e+00 1.793883771784507419e-03
2.116299999999999848e+00 1.686162624821683272e-03
2.158999999999999808e+00 1.584514761765565532e-03
2.202599999999999891e+00 1.488621973214628328e-03
2.247100000000000097e+00 1.398250775865543657e-03
2.292499999999999982e+00 1.312957710705668374e-03
2.338799999999999990e+00 1.232636727434415283e-03
2.386099999999999888e+00 1.156936011209715133e-03
2.434299999999999908e+00 1.085614758119909668e-03
2.483499999999999819e+00 1.018504200814390878e-03
2.533599999999999852e+00 9.552739874377300794e-04
2.584799999999999986e+00 8.957788144271248759e-04
2.637000000000000011e+00 8.398087268380156033e-04
2.690300000000000136e+00 7.871004207749795253e-04
2.744699999999999918e+00 7.375610399894416301e-04
2.800100000000000033e+00 6.910339088828790829e-04
2.856700000000000017e+00 6.472782919186766690e-04
2.914400000000000102e+00 6.061183857875795077e-04
2.973300000000000054e+00 5.675251509054327200e-04
3.033300000000000107e+00 5.312018946121965226e-04
3.094599999999999795e+00 4.971197439772424105e-04
3.157099999999999795e+00 4.651467015511119032e-04
3.220899999999999874e+00 4.351438954916019637e-04
3.286000000000000032e+00 4.069795054462857042e-04
3.352300000000000058e+00 3.805570026916731737e-04
3.420100000000000140e+00 3.557769106136327063e-04
3.489199999999999857e+00 3.325416246821169606e-04
3.559600000000000097e+00 3.107753619532865755e-04
3.631600000000000161e+00 2.903666379367499930e-04
3.704899999999999860e+00 2.712481177848419136e-04
3.779799999999999827e+00 2.533425203776461265e-04
3.856100000000000083e+00 2.365727323179379503e-04
3.934000000000000163e+00 2.208604869824595622e-04
4.013499999999999623e+00 2.061611374407583256e-04
4.094599999999999795e+00 1.924125071715433017e-04
4.177299999999999791e+00 1.795391548658382421e-04
4.261700000000000266e+00 1.674989588084802581e-04
4.347800000000000331e+00 1.562369628702545024e-04
4.435599999999999987e+00 1.457094587182131238e-04
4.525199999999999889e+00 1.358651249740358547e-04
4.616600000000000037e+00 1.266642388929351839e-04
4.709900000000000198e+00 1.180666581534925387e-04
4.804999999999999716e+00 1.100351970767618644e-04
4.902099999999999902e+00 1.025327189982191983e-04
5.001100000000000101e+00 9.552713754646839162e-05
5.102100000000000080e+00 8.898275916017397004e-05
5.205199999999999605e+00 8.287351023902021514e-05
5.310399999999999565e+00 7.717116430526207397e-05
5.417600000000000193e+00 7.185141982284111016e-05
5.527099999999999902e+00 6.688914461066360236e-05
5.638700000000000045e+00 6.225729624994953628e-05
5.752600000000000158e+00 5.793967714528462323e-05
5.868900000000000006e+00 5.391183834048641289e-05
5.987400000000000055e+00 5.015762480590975651e-05
6.108399999999999608e+00 4.665824790769078096e-05
6.231799999999999784e+00 4.339692468074016289e-05
6.357700000000000351e+00 4.035661381467054381e-05
6.486100000000000421e+00 3.752483252483252167e-05
6.617099999999999760e+00 3.488693009118540924e-05
6.750799999999999912e+00 3.242912907147885078e-05
6.887199999999999989e+00 3.014214497440042856e-05
7.026299999999999990e+00 2.801134751773049064e-05
7.168199999999999683e+00 2.602777570372583155e-05
7.312999999999999723e+00 2.418206115871394038e-05
7.460799999999999876e+00 2.246399602714782215e-05
7.611500000000000377e+00 2.086535947712418225e-05
7.765299999999999869e+00 1.937786749862359926e-05
7.922100000000000364e+00 1.799594163687312642e-05
8.082200000000000273e+00 1.670855421809338808e-05
8.245400000000000063e+00 1.551245646932761761e-05
8.412000000000000810e+00 1.439984653403897558e-05
8.581899999999999196e+00 1.336605423906068011e-05
8.755300000000000082e+00 1.240462601381796449e-05
8.932199999999999918e+00 1.151096112524552086e-05
9.112600000000000477e+00 1.068076421093554859e-05
9.296699999999999520e+00 9.909181315627833540e-06
9.484500000000000597e+00 9.192340871279806945e-06
9.676099999999999923e+00 8.526619825725737878e-06
9.871600000000000819e+00 7.908141462830965991e-06
1.007099999999999973e+01 7.333801498127341365e-06
1.027399999999999913e+01 6.800523540346750507e-06
1.048199999999999932e+01 6.305303545022181307e-06
1.069400000000000084e+01 5.845684210526314824e-06
1.091000000000000014e+01 5.419198864392494569e-06
1.113000000000000078e+01 5.023134084217413664e-06
1.135500000000000043e+01 4.655686042789964245e-06
1.158399999999999963e+01 4.314656290531776608e-06
1.181799999999999962e+01 3.998414737475059387e-06
1.205700000000000038e+01 3.704855711076551293e-06
1.230100000000000016e+01 3.432568584607914630e-06
1.254899999999999949e+01 3.180070992293179351e-06
1.280300000000000082e+01 2.945812973883740150e-06
1.306099999999999994e+01 2.728648034376220676e-06
1.332499999999999929e+01 2.527245508982035638e-06
1.359399999999999942e+01 2.340551414033842167e-06
1.386899999999999977e+01 2.167491166077738496e-06
1.414899999999999913e+01 2.007054287341716493e-06
1.443500000000000050e+01 1.858317170037868393e-06
1.472700000000000031e+01 1.720453660436137389e-06
1.502399999999999913e+01 1.592765520779886835e-06
1.532799999999999940e+01 1.474364521362898736e-06
1.563700000000000045e+01 1.364766248574686238e-06
1.595299999999999940e+01 1.263176873610192899e-06
1.627499999999999858e+01 1.169095286365940262e-06
1.660399999999999920e+01 1.081952978893935359e-06
1.694000000000000128e+01 1.001197014504999150e-06
1.728200000000000003e+01 9.264345631356246392e-07
1.763100000000000023e+01 8.571763969322272623e-07
1.798699999999999832e+01 7.930934895618449680e-07
1.835099999999999909e+01 7.336842105263158477e-07
1.872100000000000009e+01 6.787470188956154174e-07
1.909900000000000020e+01 6.279040526163071403e-07
1.948499999999999943e+01 5.807862934067615805e-07
1.987900000000000134e+01 5.371975481234541177e-07
2.028000000000000114e+01 4.968532063276067626e-07
2.069000000000000128e+01 4.595156950672646090e-07
2.110800000000000054e+01 4.249486122145298323e-07
2.153500000000000014e+01 3.929782565330141588e-07
2.196999999999999886e+01 3.633890127768194113e-07
2.241300000000000026e+01 3.360007099856523992e-07
2.286599999999999966e+01 3.106718874311654768e-07
2.332799999999999940e+01 2.872373681699271487e-07
2.379899999999999949e+01 2.655398604796446379e-07
2.428000000000000114e+01 2.454836643177450361e-07
2.477100000000000080e+01 2.269392640642495893e-07
2.527100000000000080e+01 2.097867921070315706e-07
2.578200000000000003e+01 1.939061325314144869e-07
2.630199999999999960e+01 1.792273705675767531e-07
2.683399999999999963e+01 1.656540548292263224e-07
2.737600000000000122e+01 1.531037264888306327e-07
2.792899999999999849e+01 1.414979918610527533e-07
2.849299999999999855e+01 1.307668565335727641e-07
2.906899999999999906e+01 1.208483807945059460e-07
2.965599999999999881e+01 1.116767121576465583e-07
3.025499999999999901e+01 1.031992356100293322e-07
3.086599999999999966e+01 9.536274203079918551e-08
3.148999999999999844e+01 8.812030075187968855e-08
3.212599999999999767e+01 8.142171658540360906e-08
3.277499999999999858e+01 7.523272905438509278e-08
3.343699999999999761e+01 6.950715147337584396e-08
3.411200000000000188e+01 6.421947449768159298e-08
3.480100000000000193e+01 5.933227802561519031e-08
3.550399999999999778e+01 5.481601457711191310e-08
3.622200000000000131e+01 5.064095716269629468e-08
3.695300000000000296e+01 4.678108443242024653e-08
3.770000000000000284e+01 4.321674994051867516e-08
3.846200000000000330e+01 3.992090891971626978e-08
3.923899999999999721e+01 3.687533121356651380e-08
4.003099999999999881e+01 3.406180089485458117e-08
4.084000000000000341e+01 3.146314469121227805e-08
4.166499999999999915e+01 2.906011524684628921e-08
4.250699999999999790e+01 2.684227829374537715e-08
4.336500000000000199e+01 2.479181124219292525e-08
4.424099999999999966e+01 2.289782091192089200e-08
4.513499999999999801e+01 2.114804793196752857e-08
4.604699999999999704e+01 1.953199910235224409e-08
4.697699999999999676e+01 1.803930013458950193e-08
4.792600000000000193e+01 1.665965789623231152e-08
4.889399999999999835e+01 1.538553826588763038e-08
4.988199999999999790e+01 1.420990640712268463e-08
5.089000000000000057e+01 1.312258513041966914e-08
5.191799999999999926e+01 1.211889404824072349e-08
5.296600000000000108e+01 1.119183491022871085e-08
5.403600000000000136e+01 1.033567709562235540e-08
5.512800000000000011e+01 9.544812926582193798e-09
5.624199999999999733e+01 8.814432989690720077e-09
5.737800000000000011e+01 8.139866353219924622e-09
5.853699999999999903e+01 7.516758848476557115e-09
5.971999999999999886e+01 6.941458079692948761e-09
6.092600000000000193e+01 6.410005011220776905e-09
6.215699999999999648e+01 5.919066899788349873e-09
6.341199999999999903e+01 5.465542789127213558e-09
6.469299999999999784e+01 5.046683424819165957e-09
6.600000000000000000e+01 4.659804983748645465e-09
6.733400000000000318e+01 4.302548408317364444e-09
6.869400000000000261e+01 3.972635839197802022e-09
7.008199999999999363e+01 3.668027558050522742e-09
7.149699999999999989e+01 3.386553489625437823e-09
7.294199999999999307e+01 3.126743027888446076e-09
7.441500000000000625e+01 2.886810173184567618e-09
7.591800000000000637e+01 2.665330899857165156e-09
7.745199999999999818e+01 2.460819644653033879e-09
7.901699999999999591e+01 2.271962823633547415e-09
8.061299999999999955e+01 2.097602019352124203e-09
8.224099999999999966e+01 1.936703860965734990e-09
8.390300000000000580e+01 1.788016270337922434e-09
8.559799999999999898e+01 1.650875840035254094e-09
8.732699999999999818e+01 1.524117065223715713e-09
8.909099999999999397e+01 1.407166123778501373e-09
9.089100000000000534e+01 1.299162500811530210e-09
9.272700000000000387e+01 1.199506206707358766e-09
9.459999999999999432e+01 1.107448195913635938e-09
9.651099999999999568e+01 1.022502870264064279e-09
9.846099999999999852e+01 9.439637745613325546e-10
1.004500000000000028e+02 8.715188792072441424e-10
1.024800000000000040e+02 8.046119133574006899e-10
1.045499999999999972e+02 7.428530561647753915e-10
1.066599999999999966e+02 6.858294292478968256e-10
1.088199999999999932e+02 6.331729438565862585e-10
1.110100000000000051e+02 5.845518761810491929e-10
1.132600000000000051e+02 5.396555617623638680e-10
1.155400000000000063e+02 4.982040590776650667e-10
1.178799999999999955e+02 4.599336429993364441e-10
1.202600000000000051e+02 4.245904858072478537e-10
1.226899999999999977e+02 3.919493723415292268e-10
1.251700000000000017e+02 3.618394261190990472e-10
1.277000000000000028e+02 3.340230417797788642e-10
1.302800000000000011e+02 3.083517021797697542e-10
1.329099999999999966e+02 2.846498040085792174e-10
1.355900000000000034e+02 2.627660198159113852e-10
1.383300000000000125e+02 2.425794724557453525e-10
1.411299999999999955e+02 2.239421859307453755e-10
1.439799999999999898e+02 2.067411322148115502e-10
1.468899999999999864e+02 1.908640710382513696e-10
1.498499999999999943e+02 1.762081592655629576e-10
1.528799999999999955e+02 1.626819693582683829e-10
1.559699999999999989e+02 1.501930947028647139e-10
1.591200000000000045e+02 1.386624009750152413e-10
1.623300000000000125e+02 1.280201017975645880e-10
1.656100000000000136e+02 1.181954426240675847e-10
1.689600000000000080e+02 1.091190664841892902e-10
1.723700000000000045e+02 1.007426308172747358e-10
1.758499999999999943e+02 9.300471185212032856e-11
1.794099999999999966e+02 8.586456558773424297e-11
1.830300000000000011e+02 7.926669969821179639e-11
1.867299999999999898e+02 7.317549542682927069e-11
1.905000000000000000e+02 6.755177104852118367e-11
1.943499999999999943e+02 6.236410147090172239e-11
1.982800000000000011e+02 5.757046223224351633e-11
2.022800000000000011e+02 5.314590662453044267e-11
2.063700000000000045e+02 4.906086408073163641e-11
2.105399999999999920e+02 4.528921208886517338e-11
