1.000000000000000048e-04 1.009635180762579409e+00
1.020200000000000024e-04 1.009609949123798645e+00
1.040800000000000064e-04 1.009621476084890723e+00
1.061800000000000032e-04 1.009629198213938928e+00
1.083300000000000013e-04 1.009632957660676400e+00
1.105200000000000057e-04 1.009632976141582317e+00
1.127500000000000030e-04 1.009592501739098536e+00
1.150300000000000015e-04 1.009586041000969381e+00
1.173500000000000064e-04 1.009611660740062700e+00
1.197199999999999989e-04 1.009597790436733922e+00
1.221399999999999927e-04 1.009580878867899045e+00
1.246099999999999877e-04 1.009594634972278415e+00
1.271199999999999891e-04 1.009571247192108556e+00
1.296899999999999865e-04 1.009577320904099018e+00
1.323100000000000122e-04 1.009579563597658325e+00
1.349900000000000069e-04 1.009547198772064558e+00
1.377100000000000080e-04 1.009542731569282648e+00
1.404900000000000051e-04 1.009564575645756523e+00
1.433299999999999982e-04 1.009552757273121992e+00
1.462299999999999874e-04 1.009537867605313943e+00
1.491800000000000049e-04 1.009547934528448820e+00
1.522000000000000132e-04 1.009526669214390937e+00
1.552699999999999957e-04 1.009502395674402475e+00
1.584099999999999961e-04 1.009502060529700485e+00
1.616099999999999926e-04 1.009498069498069528e+00
1.648700000000000122e-04 1.009490635569690653e+00
1.681999999999999956e-04 1.009479963367243327e+00
1.715999999999999969e-04 1.009466019417475824e+00
1.750699999999999891e-04 1.009449231208644715e+00
1.786000000000000044e-04 1.009452898888992589e+00
1.822100000000000054e-04 1.009429859696505005e+00
1.858899999999999973e-04 1.009404107283133234e+00
1.896500000000000020e-04 1.009420050621767428e+00
1.934799999999999975e-04 1.009388556752206734e+00
1.973900000000000058e-04 1.009375859806556752e+00
2.013799999999999998e-04 1.009360147769960303e+00
2.054400000000000117e-04 1.009341609850411992e+00
2.095900000000000042e-04 1.009340198778589492e+00
2.138300000000000042e-04 1.009315797714106733e+00
2.181499999999999900e-04 1.009307949180516584e+00
2.225499999999999885e-04 1.009278078891900021e+00
2.270499999999999895e-04 1.009264385634665917e+00
2.316399999999999980e-04 1.009247864485304680e+00
2.363199999999999871e-04 1.009228366579115521e+00
2.410900000000000109e-04 1.009223647343415742e+00
2.459599999999999829e-04 1.009181357407375801e+00
2.509300000000000115e-04 1.009170934163403421e+00
2.559999999999999884e-04 1.009140887831295741e+00
2.611700000000000219e-04 1.009124704291990415e+00
2.664499999999999985e-04 1.009105829624719952e+00
2.718299999999999775e-04 1.009068680553406150e+00
2.773200000000000079e-04 1.009044692313529001e+00
2.829199999999999814e-04 1.009018393952020975e+00
2.886400000000000012e-04 1.008974957679061424e+00
2.944700000000000182e-04 1.008958598680538721e+00
3.004199999999999731e-04 1.008925438904247907e+00
3.064899999999999743e-04 1.008903996476935072e+00
3.126800000000000217e-04 1.008866516417225467e+00
3.189900000000000070e-04 1.008827071450312918e+00
3.254399999999999741e-04 1.008785932126403218e+00
3.320099999999999874e-04 1.008755854204846258e+00
3.387199999999999825e-04 1.008711062300319483e+00
3.455600000000000186e-04 1.008664790111369447e+00
3.525399999999999823e-04 1.008629070004680495e+00
3.596599999999999819e-04 1.008579700593164485e+00
3.669300000000000122e-04 1.008540596687633295e+00
3.743400000000000243e-04 1.008488483956765380e+00
3.819000000000000129e-04 1.008435165762106234e+00
3.896200000000000271e-04 1.008391654059231257e+00
3.974900000000000178e-04 1.008336001707759833e+00
4.055199999999999799e-04 1.008279341420781128e+00
4.137100000000000217e-04 1.008221793397930721e+00
4.220699999999999756e-04 1.008193586052785307e+00
4.306000000000000040e-04 1.008093969006021329e+00
4.392900000000000038e-04 1.008034849951597201e+00
4.481700000000000137e-04 1.007974178849440072e+00
4.572199999999999897e-04 1.007912865388195911e+00
4.664599999999999758e-04 1.007759722475808140e+00
4.758799999999999771e-04 1.007699194270367027e+00
4.854999999999999832e-04 1.007638279192273778e+00
4.952999999999999504e-04 1.007577062166350901e+00
5.053100000000000256e-04 1.007514987756480629e+00
5.155199999999999973e-04 1.007369379812867338e+00
5.259299999999999739e-04 1.007308160779537110e+00
5.365600000000000534e-04 1.007246953890260421e+00
5.473900000000000293e-04 1.007106598984771617e+00
5.584500000000000488e-04 1.006969441678792876e+00
5.697299999999999543e-04 1.006910019528316047e+00
5.812400000000000119e-04 1.006776664702416113e+00
5.929900000000000535e-04 1.006645958246044747e+00
6.049599999999999813e-04 1.006517427033153833e+00
6.171899999999999912e-04 1.006391552035570403e+00
6.296500000000000447e-04 1.006268310962730839e+00
6.423699999999999636e-04 1.006080449017773715e+00
6.553499999999999647e-04 1.005963302752293398e+00
6.685900000000000480e-04 1.005848329048843137e+00
6.821000000000000457e-04 1.005672507248203562e+00
6.958799999999999578e-04 1.005501298059092719e+00
7.099300000000000012e-04 1.005334626576139812e+00
7.242699999999999486e-04 1.005112960760998986e+00
7.389099999999999575e-04 1.004956268221574245e+00
7.538300000000000382e-04 1.004746383027391721e+00
7.690600000000000127e-04 1.004598990465507491e+00
7.845999999999999893e-04 1.004345434543454374e+00
8.004499999999999680e-04 1.004154078549849061e+00
8.166199999999999978e-04 1.003915343915343872e+00
8.331099999999999704e-04 1.003736377789309797e+00
8.499399999999999837e-04 1.003460912052117182e+00
8.671100000000000379e-04 1.003194728697649030e+00
8.846299999999999650e-04 1.002937576499388195e+00
9.024999999999999819e-04 1.002689075630252002e+00
9.207300000000000293e-04 1.002402034664656938e+00
9.393300000000000477e-04 1.002078713968957757e+00
9.583099999999999778e-04 1.001812332925558380e+00
9.776699999999999280e-04 1.001510976802062025e+00
9.974199999999999473e-04 1.001133292651033013e+00
1.017600000000000015e-03 1.000812347684809200e+00
1.038099999999999917e-03 1.000461293298666510e+00
1.059100000000000102e-03 1.000082267286413584e+00
1.080500000000000080e-03 9.996772241274964887e-01
1.102300000000000068e-03 9.993271856571812606e-01
1.124599999999999905e-03 9.989130012811057169e-01
1.147299999999999969e-03 9.984767707539984327e-01
1.170500000000000099e-03 9.980202457883532441e-01
1.194100000000000023e-03 9.975816203143894612e-01
1.218200000000000012e-03 9.970885302469358891e-01
1.242899999999999908e-03 9.966149506346968501e-01
1.268000000000000030e-03 9.960913178830854697e-01
1.293600000000000002e-03 9.955548014930437617e-01
1.319700000000000040e-03 9.950066577896138353e-01
1.346399999999999984e-03 9.944482544658894696e-01
1.373599999999999995e-03 9.938166789478741769e-01
1.401300000000000072e-03 9.932421813609931815e-01
1.429600000000000055e-03 9.925683801535661877e-01
1.458499999999999944e-03 9.919220645629746036e-01
1.487999999999999956e-03 9.912434325744308161e-01
1.518000000000000035e-03 9.905349914086845065e-01
1.548700000000000077e-03 9.897988341524746048e-01
1.580000000000000024e-03 9.890374856309754881e-01
1.611900000000000095e-03 9.882530949105914342e-01
1.644499999999999912e-03 9.874210441073260069e-01
1.677700000000000068e-03 9.865709593685437762e-01
1.711599999999999970e-03 9.857046316993295365e-01
1.746200000000000052e-03 9.847731272476853981e-01
1.781400000000000041e-03 9.838560308362326312e-01
1.817400000000000048e-03 9.829038834712976458e-01
1.854100000000000019e-03 9.818725291678720435e-01
1.891600000000000009e-03 9.808370200383260684e-01
1.929799999999999962e-03 9.797761679204977092e-01
1.968800000000000151e-03 9.786690975387420943e-01
2.008600000000000142e-03 9.775202988346343158e-01
2.049099999999999880e-03 9.763540957692053990e-01
2.090499999999999910e-03 9.751298463395184912e-01
2.132799999999999800e-03 9.738734927015020304e-01
2.175799999999999870e-03 9.725873777334745895e-01
2.219800000000000072e-03 9.712538226299693989e-01
2.264599999999999860e-03 9.698771066010167807e-01
2.310400000000000214e-03 9.684607675529093296e-01
2.357099999999999994e-03 9.669888676660685078e-01
2.404700000000000067e-03 9.654845798287488012e-01
2.453299999999999838e-03 9.639502222883611360e-01
2.502799999999999903e-03 9.623534139480510730e-01
2.553399999999999941e-03 9.607160795006099985e-01
2.605000000000000111e-03 9.590247683472501450e-01
2.657599999999999980e-03 9.572995605384270190e-01
2.711299999999999821e-03 9.555117508114262526e-01
2.765999999999999796e-03 9.537139041896178782e-01
2.821900000000000016e-03 9.518773569437612991e-01
2.878900000000000209e-03 9.500032214419172893e-01
2.937100000000000214e-03 9.480180394018513645e-01
2.996400000000000192e-03 9.460207397273052710e-01
3.056899999999999982e-03 9.439674925911216707e-01
3.118699999999999858e-03 9.418643050135094841e-01
3.181699999999999980e-03 9.397274014632993611e-01
3.246000000000000187e-03 9.375326181501885126e-01
3.311500000000000207e-03 9.352843953037729419e-01
3.378400000000000153e-03 9.330000140050138668e-01
3.446700000000000024e-03 9.306689428252818974e-01
3.516299999999999981e-03 9.283084752185799537e-01
3.587400000000000137e-03 9.258815701929474784e-01
3.659799999999999946e-03 9.234191210142747019e-01
3.733799999999999793e-03 9.209114419155205455e-01
3.809199999999999999e-03 9.183738026850223335e-01
3.886099999999999971e-03 9.157851507081166131e-01
3.964600000000000415e-03 9.131483272331101242e-01
4.044700000000000031e-03 9.105020411603906849e-01
4.126399999999999686e-03 9.078016705171494394e-01
4.209799999999999653e-03 9.050627746756348957e-01
4.294799999999999660e-03 9.022988505747127075e-01
4.381600000000000251e-03 8.994998701694572052e-01
4.470100000000000288e-03 8.966586290044781249e-01
4.560400000000000044e-03 8.938087945744914720e-01
4.652500000000000385e-03 8.909110488908034142e-01
4.746499999999999851e-03 8.879864277383098248e-01
4.842400000000000176e-03 8.850487099435111471e-01
4.940199999999999626e-03 8.820583486729123290e-01
5.040000000000000209e-03 8.790579893643959419e-01
5.141899999999999596e-03 8.759828377569346403e-01
5.245699999999999842e-03 8.729256783326779789e-01
5.351700000000000033e-03 8.698992443324938817e-01
5.459799999999999896e-03 8.667462287569219770e-01
5.570099999999999704e-03 8.636269527573875449e-01
5.682600000000000325e-03 8.604415994062528661e-01
5.797400000000000296e-03 8.571938168846612305e-01
5.914499999999999619e-03 8.539460629566159033e-01
6.034000000000000301e-03 8.506894404412418398e-01
6.155899999999999740e-03 8.473499473499472856e-01
6.280299999999999945e-03 8.439875335468791651e-01
6.407200000000000048e-03 8.405142222601861279e-01
6.536600000000000049e-03 8.370595177878941140e-01
6.668600000000000222e-03 8.334997503744382419e-01
6.803299999999999972e-03 8.298833579760144241e-01
6.940799999999999574e-03 8.261821721145267139e-01
7.080999999999999621e-03 8.224126882409483752e-01
7.224000000000000386e-03 8.185774190996123467e-01
7.369999999999999815e-03 8.146642695223951236e-01
7.518900000000000236e-03 8.106124971035760796e-01
7.670800000000000188e-03 8.064269903060834466e-01
7.825699999999999670e-03 8.022334565758695302e-01
7.983799999999999231e-03 7.978961504028648788e-01
8.145100000000000603e-03 7.934341571375876923e-01
8.309600000000000319e-03 7.888207822533567226e-01
8.477500000000000660e-03 7.841466936182500680e-01
8.648799999999999891e-03 7.793256179454208787e-01
8.823499999999999746e-03 7.743760164038746563e-01
9.001699999999999632e-03 7.692846143077138876e-01
9.183600000000000096e-03 7.640535107784015567e-01
9.369099999999999998e-03 7.587532610188109095e-01
9.558300000000000476e-03 7.532476365367611892e-01
9.751400000000000345e-03 7.476578823212239877e-01
9.948399999999999604e-03 7.419333288796846615e-01
1.014900000000000004e-02 7.361727495528913590e-01
1.035400000000000036e-02 7.302765552125074500e-01
1.056400000000000047e-02 7.242278118076371785e-01
1.077700000000000012e-02 7.181377303588748484e-01
1.099499999999999957e-02 7.119383825417201495e-01
1.121699999999999954e-02 7.056461891409635534e-01
1.144300000000000005e-02 6.993037974683543601e-01
1.167499999999999961e-02 6.928881343142803129e-01
1.191000000000000045e-02 6.863088170967943658e-01
1.215100000000000034e-02 6.796918680499471899e-01
1.239700000000000003e-02 6.730092049175263602e-01
1.264700000000000026e-02 6.662364798426745338e-01
1.290200000000000027e-02 6.594703687847838225e-01
1.316299999999999935e-02 6.525418569254185508e-01
1.342899999999999996e-02 6.455680853643749328e-01
1.370000000000000037e-02 6.384996375936216051e-01
1.397699999999999984e-02 6.313730211280322857e-01
1.425900000000000084e-02 6.242573366140550251e-01
1.454699999999999917e-02 6.169868917220326932e-01
1.484100000000000003e-02 6.097109412326803257e-01
1.514099999999999994e-02 6.024204125432216506e-01
1.544700000000000066e-02 5.950407810918615370e-01
1.575899999999999870e-02 5.876405162671742843e-01
1.607700000000000101e-02 5.802449319303252251e-01
1.640199999999999991e-02 5.728094162406373036e-01
1.673399999999999888e-02 5.653761522450192478e-01
1.707200000000000037e-02 5.579404761904761534e-01
1.741600000000000092e-02 5.504708546906663669e-01
1.776799999999999907e-02 5.430166597002448192e-01
1.812700000000000075e-02 5.355398611443621393e-01
1.849299999999999902e-02 5.280972388955581520e-01
1.886699999999999836e-02 5.206516502047700001e-01
1.924800000000000122e-02 5.131801692865779474e-01
1.963700000000000168e-02 5.057326774761644606e-01
2.003399999999999972e-02 4.982729159038203348e-01
2.043800000000000130e-02 4.908382425135002780e-01
2.085100000000000148e-02 4.834053586862575025e-01
2.127199999999999924e-02 4.759990056553352611e-01
2.170199999999999907e-02 4.686384976525821977e-01
2.214100000000000096e-02 4.612667171334847160e-01
2.258800000000000044e-02 4.539440203562341014e-01
2.304399999999999851e-02 4.466431322207959353e-01
2.350999999999999965e-02 4.393792120269569557e-01
2.398499999999999938e-02 4.321419219691018387e-01
2.446900000000000117e-02 4.249255607754913178e-01
2.496400000000000008e-02 4.177206718865020263e-01
2.546800000000000105e-02 4.105722993565865120e-01
2.598200000000000162e-02 4.034359783279610756e-01
2.650699999999999931e-02 3.963310402334792593e-01
2.704300000000000107e-02 3.892708700246565456e-01
2.758899999999999894e-02 3.822625598513542666e-01
2.814600000000000088e-02 3.752738086603321643e-01
2.871500000000000094e-02 3.683683241252302398e-01
2.929500000000000159e-02 3.614820359281437079e-01
2.988700000000000037e-02 3.546533749334144781e-01
3.048999999999999974e-02 3.478866697631212146e-01
3.110600000000000170e-02 3.411486646182935178e-01
3.173499999999999932e-02 3.344268869816314771e-01
3.237600000000000200e-02 3.277823173721196581e-01
3.302999999999999686e-02 3.211508035639936698e-01
3.369699999999999779e-02 3.145670628183361850e-01
3.437799999999999884e-02 3.080252791966063275e-01
3.507199999999999901e-02 3.014924055104203360e-01
3.578100000000000031e-02 2.950261308343845590e-01
3.650400000000000172e-02 2.885966525657531201e-01
3.724100000000000327e-02 2.821928095372195910e-01
3.799299999999999899e-02 2.758505031145184194e-01
3.876099999999999685e-02 2.695528813227668352e-01
3.954400000000000276e-02 2.633040351578106453e-01
4.034299999999999692e-02 2.571370309951060418e-01
4.115800000000000014e-02 2.510614827457020581e-01
4.198899999999999855e-02 2.450696148086787263e-01
4.283800000000000108e-02 2.391730683800504520e-01
4.370299999999999879e-02 2.333764324945573621e-01
4.458600000000000063e-02 2.276819416119255368e-01
4.548599999999999866e-02 2.220869744955961678e-01
4.640500000000000180e-02 2.166019372046230629e-01
4.734300000000000314e-02 2.111964743017092361e-01
4.829900000000000165e-02 2.058670222437723463e-01
4.927499999999999936e-02 2.006091020060910002e-01
5.027000000000000218e-02 1.953971119133574019e-01
5.128599999999999826e-02 1.902408579689470469e-01
5.232200000000000045e-02 1.851262547862982388e-01
5.337900000000000283e-02 1.800703892420024155e-01
5.445699999999999846e-02 1.750556377350444559e-01
5.555700000000000222e-02 1.700982844164447283e-01
5.668000000000000121e-02 1.652269299328122942e-01
5.782500000000000140e-02 1.604277331256779016e-01
5.899299999999999683e-02 1.557185164292765600e-01
6.018400000000000138e-02 1.510942640537834558e-01
6.140000000000000319e-02 1.465683642221674021e-01
6.264100000000000223e-02 1.421493812610489238e-01
6.390600000000000447e-02 1.378228340565614274e-01
6.519700000000000495e-02 1.335883668223232790e-01
6.651400000000000368e-02 1.294454504650910942e-01
6.785800000000000165e-02 1.253996783653391345e-01
6.922899999999999887e-02 1.214486740322606589e-01
7.062699999999999534e-02 1.175860822709948739e-01
7.205400000000000693e-02 1.138196487099756432e-01
7.351000000000000589e-02 1.101481481481481617e-01
7.499400000000000510e-02 1.065637270508330570e-01
7.650899999999999368e-02 1.030601848482643051e-01
7.805499999999999938e-02 9.963065039278548585e-02
7.963199999999999446e-02 9.627206565500154301e-02
8.124099999999999377e-02 9.298210496817325976e-02
8.288199999999999734e-02 8.976448148608864863e-02
8.455600000000000616e-02 8.662781946803707611e-02
8.626399999999999346e-02 8.357555868104390995e-02
8.800700000000000189e-02 8.060542797494781031e-02
8.978500000000000369e-02 7.771000096441316174e-02
9.159799999999999887e-02 7.487846439131960741e-02
9.344900000000000428e-02 7.210464662241312939e-02
9.533700000000000507e-02 6.939431597147178998e-02
9.726300000000000223e-02 6.676091825307950423e-02
9.922699999999999576e-02 6.421683606984623927e-02
1.012300000000000005e-01 6.178307779670641486e-02
1.032799999999999968e-01 5.944673518370361537e-02
1.053599999999999953e-01 5.719386948965082124e-02
1.074900000000000022e-01 5.499304049461042898e-02
1.096599999999999936e-01 5.282831624214356925e-02
1.118799999999999933e-01 5.069667015282884603e-02
1.141400000000000053e-01 4.861707610376223704e-02
1.164400000000000018e-01 4.660886589288211479e-02
1.188000000000000028e-01 4.468751111585386737e-02
1.212000000000000022e-01 4.284886458295607270e-02
1.236499999999999960e-01 4.108435514847097458e-02
1.261400000000000021e-01 3.938089845224612695e-02
1.286899999999999988e-01 3.772841608296892413e-02
1.312899999999999900e-01 3.612460191082803029e-02
1.339400000000000035e-01 3.456611994902782786e-02
1.366499999999999937e-01 3.305364980611071035e-02
1.394100000000000061e-01 3.159616919393456319e-02
1.422299999999999953e-01 3.020455386893743099e-02
1.451000000000000068e-01 2.888151842347358444e-02
1.480299999999999949e-01 2.761274286004159612e-02
1.510199999999999876e-01 2.637750491681284393e-02
1.540700000000000125e-01 2.516855807743657858e-02
1.571799999999999864e-01 2.400429757825657887e-02
1.603600000000000025e-01 2.290340119615779865e-02
1.635999999999999954e-01 2.186295369211514392e-02
1.668999999999999928e-01 2.085823062528231048e-02
1.702799999999999869e-01 1.987607687210072790e-02
1.737100000000000033e-01 1.892144892144892107e-02
1.772199999999999886e-01 1.800346500346500234e-02
1.807999999999999885e-01 1.713335220838051870e-02
1.844600000000000128e-01 1.631453189486641031e-02
1.881799999999999862e-01 1.553830150828441892e-02
1.919800000000000118e-01 1.478597136074737660e-02
1.958600000000000063e-01 1.405251051003410766e-02
1.998199999999999976e-01 1.334929810074318712e-02
2.038600000000000134e-01 1.268669602002935222e-02
2.079699999999999882e-01 1.205395129899520211e-02
2.121800000000000075e-01 1.144010639308444890e-02
2.164600000000000135e-01 1.085432639649507036e-02
2.208299999999999985e-01 1.030431028204621506e-02
2.253000000000000003e-01 9.783354435174064501e-03
2.298499999999999988e-01 9.280378123494952697e-03
2.344900000000000040e-01 8.790904368904024074e-03
2.392299999999999982e-01 8.323012314043703661e-03
2.440599999999999992e-01 7.887931559769427795e-03
2.489899999999999891e-01 7.477048111172427194e-03
2.540200000000000236e-01 7.078631304821008871e-03
2.591499999999999915e-01 6.699210607711031384e-03
2.643900000000000139e-01 6.340139679690348119e-03
2.697300000000000253e-01 5.994951866635359929e-03
2.751799999999999802e-01 5.666620539077756209e-03
2.807399999999999896e-01 5.359114243872607763e-03
2.864099999999999979e-01 5.069599529846360517e-03
2.921900000000000053e-01 4.787828029034059060e-03
2.980999999999999761e-01 4.517766497461928737e-03
3.041200000000000014e-01 4.267477884364152645e-03
3.102599999999999802e-01 4.029004512670189379e-03
3.165299999999999780e-01 3.802608713021592580e-03
3.229199999999999848e-01 3.587550092398413687e-03
3.294500000000000206e-01 3.381852838607663642e-03
3.361000000000000099e-01 3.187273550724637351e-03
3.428899999999999726e-01 3.007529478619121871e-03
3.498200000000000198e-01 2.833984085405031033e-03
3.568899999999999850e-01 2.667952674897119437e-03
3.640900000000000247e-01 2.513112214922821799e-03
3.714500000000000024e-01 2.366530001662141714e-03
3.789500000000000091e-01 2.228419387314827926e-03
3.866100000000000092e-01 2.096599413279051378e-03
3.944199999999999928e-01 1.971022638563622344e-03
4.023900000000000254e-01 1.855642530984996869e-03
4.105199999999999960e-01 1.744218521167535414e-03
4.188100000000000156e-01 1.639285460615100623e-03
4.272699999999999831e-01 1.540762376603689848e-03
4.359000000000000097e-01 1.448072928686822223e-03
4.447099999999999942e-01 1.360240240240240218e-03
4.536899999999999822e-01 1.276585976627712948e-03
4.628599999999999937e-01 1.199372740340636867e-03
4.722100000000000186e-01 1.125301314413062201e-03
4.817400000000000015e-01 1.055958991883810399e-03
4.914799999999999724e-01 9.906463426704939512e-04
5.014100000000000223e-01 9.294888327229586375e-04
5.115300000000000402e-01 8.711880815360618186e-04
5.218699999999999450e-01 8.172073184420249438e-04
5.324100000000000499e-01 7.656021095810138519e-04
5.431700000000000417e-01 7.173274596182085353e-04
5.541399999999999659e-01 6.723290120697362083e-04
5.653299999999999992e-01 6.293749166999866801e-04
5.767499999999999849e-01 5.896362245252833928e-04
5.884000000000000341e-01 5.519064565327910744e-04
6.002899999999999903e-01 5.165592050367897236e-04
6.124199999999999644e-01 4.833544604658532393e-04
6.247899999999999565e-01 4.522178086726249407e-04
6.374100000000000321e-01 4.230031120331950332e-04
6.502900000000000347e-01 3.956199765194618042e-04
6.634200000000000097e-01 3.699028210208509925e-04
6.768300000000000427e-01 3.458103312302839212e-04
6.905000000000000027e-01 3.232140097862477661e-04
7.044500000000000206e-01 3.020411678580656265e-04
7.186799999999999855e-01 2.821891913179481017e-04
7.331999999999999629e-01 2.635937003799061523e-04
7.480099999999999527e-01 2.461636828644501334e-04
7.631200000000000205e-01 2.298485588666341218e-04
7.785400000000000098e-01 2.145660823744488879e-04
7.942599999999999660e-01 2.002586521971379361e-04
8.103099999999999747e-01 1.868715083798882831e-04
8.266799999999999704e-01 1.743449378767375859e-04
8.433800000000000185e-01 1.626347112755348236e-04
8.604100000000000081e-01 1.516793430706064514e-04
8.778000000000000247e-01 1.414386817365585595e-04
8.955300000000000482e-01 1.318652372531682821e-04
9.136199999999999877e-01 1.229202004626060100e-04
9.320800000000000196e-01 1.145617750882501229e-04
9.509100000000000330e-01 1.067512508180455542e-04
9.701100000000000279e-01 9.945863531907371221e-05
9.897099999999999786e-01 9.264716086503989886e-05
1.009700000000000042e+00 8.628813559322032472e-05
1.030100000000000016e+00 8.035388359359157203e-05
1.050899999999999945e+00 7.481420532965282223e-05
1.072100000000000053e+00 6.964702612562535063e-05
1.093800000000000106e+00 6.482624134117235366e-05
1.115899999999999892e+00 6.032554028103756955e-05
1.138400000000000079e+00 5.613127733614277489e-05
1.161399999999999988e+00 5.222218506504364155e-05
1.184900000000000064e+00 4.857423106564842598e-05
1.208800000000000097e+00 4.517762771579564762e-05
1.233300000000000063e+00 4.201176606298304248e-05
1.258199999999999985e+00 3.906289029450868791e-05
1.283600000000000074e+00 3.631570059526322735e-05
1.309500000000000108e+00 3.375746582312082178e-05
1.336000000000000076e+00 3.137524922335049063e-05
1.362999999999999989e+00 2.915731156145210577e-05
1.390500000000000069e+00 2.709148329258353677e-05
1.418600000000000083e+00 2.517033319094403741e-05
1.447200000000000042e+00 2.338278101209135518e-05
1.476499999999999924e+00 2.171841070485357390e-05
1.506299999999999972e+00 2.017045104916620230e-05
1.536699999999999955e+00 1.872959545777146589e-05
1.567800000000000082e+00 1.739039242219215473e-05
1.599399999999999933e+00 1.614489462853899141e-05
1.631799999999999917e+00 1.498586099121893135e-05
1.664700000000000069e+00 1.390961598501404937e-05
1.698399999999999910e+00 1.290895693466514050e-05
1.732699999999999907e+00 1.197887142489049028e-05
1.767700000000000049e+00 1.111361383908460218e-05
1.803399999999999892e+00 1.031004820871537855e-05
1.839800000000000102e+00 9.563820291579887056e-06
1.877000000000000002e+00 8.870966063419049742e-06
1.914900000000000047e+00 8.226988304412871910e-06
1.953600000000000003e+00 7.628979395384015133e-06
1.993000000000000105e+00 7.073686995634343900e-06
2.033300000000000107e+00 6.558157147365098977e-06
2.074399999999999800e+00 6.079595135264037136e-06
2.116299999999999848e+00 5.635299189275632554e-06
2.158999999999999808e+00 5.223122399824831004e-06
2.202599999999999891e+00 4.840474439132032737e-06
2.247100000000000097e+00 4.485504681617813143e-06
2.292499999999999982e+00 4.156278504104591070e-06
2.338799999999999990e+00 3.850915153234960232e-06
2.386099999999999888e+00 3.567424623349535338e-06
2.434299999999999908e+00 3.304781460838955832e-06
2.483499999999999819e+00 3.061077795120348380e-06
2.533599999999999852e+00 2.835296147707173709e-06
2.584799999999999986e+00 2.625843867518462844e-06
2.637000000000000011e+00 2.431589968114976432e-06
2.690300000000000136e+00 2.251568397110650236e-06
2.744699999999999918e+00 2.084781809588825444e-06
2.800100000000000033e+00 1.930187013846747886e-06
2.856700000000000017e+00 1.786896172013097965e-06
2.914400000000000102e+00 1.654163495204749684e-06
2.973300000000000054e+00 1.531141038354499215e-06
3.033300000000000107e+00 1.417229672952169450e-06
3.094599999999999795e+00 1.311658955250238469e-06
3.157099999999999795e+00 1.213858887280555078e-06
3.220899999999999874e+00 1.123293548638739288e-06
3.286000000000000032e+00 1.039434310309489641e-06
3.352300000000000058e+00 9.617422773684889608e-07
3.420100000000000140e+00 8.898247520717295451e-07
3.489199999999999857e+00 8.232186205911752164e-07
3.559600000000000097e+00 7.615831081757229860e-07
3.631600000000000161e+00 7.045024195245108346e-07
3.704899999999999860e+00 6.516810440168104258e-07
3.779799999999999827e+00 6.027556537410615415e-07
3.856100000000000083e+00 5.574475887781920295e-07
3.934000000000000163e+00 5.155591259640102565e-07
4.013499999999999623e+00 4.767806460332477100e-07
4.094599999999999795e+00 4.408796987138491701e-07
4.177299999999999791e+00 4.076664425016812639e-07
4.261700000000000266e+00 3.769666011787819456e-07
4.347800000000000331e+00 3.485289256198347585e-07
4.435599999999999987e+00 3.222251195132550848e-07
4.525199999999999889e+00 2.978882896059968742e-07
4.616600000000000037e+00 2.753942307692307722e-07
4.709900000000000198e+00 2.545791065305998944e-07
4.804999999999999716e+00 2.353210277142400835e-07
4.902099999999999902e+00 2.175192774724967124e-07
5.001100000000000101e+00 2.010666729458304313e-07
5.102100000000000080e+00 1.858402695204121970e-07
5.205199999999999605e+00 1.717640313269654465e-07
5.310399999999999565e+00 1.587534447536915193e-07
5.417600000000000193e+00 1.467253317945758741e-07
5.527099999999999902e+00 1.356061871005935205e-07
5.638700000000000045e+00 1.253230469436325266e-07
5.752600000000000158e+00 1.158184018556493078e-07
5.868900000000000006e+00 1.070276293911628473e-07
5.987400000000000055e+00 9.889983059997393499e-08
6.108399999999999608e+00 9.138373528201711622e-08
6.231799999999999784e+00 8.443615068973338751e-08
6.357700000000000351e+00 7.801072118410486427e-08
6.486100000000000421e+00 7.207081667618504343e-08
6.617099999999999760e+00 6.657689718187938596e-08
6.750799999999999912e+00 6.150302478041864919e-08
6.887199999999999989e+00 5.681055155875299044e-08
7.026299999999999990e+00 5.247405329593267619e-08
7.168199999999999683e+00 4.846883028674364911e-08
7.312999999999999723e+00 4.477055092650167746e-08
7.460799999999999876e+00 4.135188216039280306e-08
7.611500000000000377e+00 3.819403756677581076e-08
7.765299999999999869e+00 3.528032804732009871e-08
7.922100000000000364e+00 3.258874326544648942e-08
8.082200000000000273e+00 3.010300152892894168e-08
8.245400000000000063e+00 2.780781289721210174e-08
8.412000000000000810e+00 2.568802427271104782e-08
8.581899999999999196e+00 2.372897284089840835e-08
8.755300000000000082e+00 2.191953681710213948e-08
8.932199999999999918e+00 2.024808464064210084e-08
9.112600000000000477e+00 1.870238225930398648e-08
9.296699999999999520e+00 1.727409377348673037e-08
9.484500000000000597e+00 1.595517934352353615e-08
9.676099999999999923e+00 1.473508659397049397e-08
9.871600000000000819e+00 1.360810810810811027e-08
1.007099999999999973e+01 1.256654804270462764e-08
1.027399999999999913e+01 1.160380895253805187e-08
1.048199999999999932e+01 1.071484992101105968e-08
1.069400000000000084e+01 9.893484230673212177e-09
1.091000000000000014e+01 9.134741825195055389e-09
1.113000000000000078e+01 8.433915211970075108e-09
1.135500000000000043e+01 7.787076683534448928e-09
1.158399999999999963e+01 7.189980107868671022e-09
1.181799999999999962e+01 6.638540158603253837e-09
1.205700000000000038e+01 6.129256269851208528e-09
1.230100000000000016e+01 5.659241131944194413e-09
1.254899999999999949e+01 5.225201309618617577e-09
1.280300000000000082e+01 4.824559066446422088e-09
1.306099999999999994e+01 4.454536520994482867e-09
1.332499999999999929e+01 4.112912770742099452e-09
1.359399999999999942e+01 3.797458486006081590e-09
1.386899999999999977e+01 3.506318505250357178e-09
1.414899999999999913e+01 3.237438730796542947e-09
1.443500000000000050e+01 2.989101663046057760e-09
1.472700000000000031e+01 2.759808354659329406e-09
1.502399999999999913e+01 2.547965764815641186e-09
1.532799999999999940e+01 2.352488455618265658e-09
1.563700000000000045e+01 2.172105286879704502e-09
1.595299999999999940e+01 2.005440076018529489e-09
1.627499999999999858e+01 1.851568956449876020e-09
1.660399999999999920e+01 1.709461956808701683e-09
1.694000000000000128e+01 1.578307217011327920e-09
1.728200000000000003e+01 1.457173039114997541e-09
1.763100000000000023e+01 1.345347110506125410e-09
1.798699999999999832e+01 1.242049642845493982e-09
1.835099999999999909e+01 1.146708852053098582e-09
1.872100000000000009e+01 1.058706215098991961e-09
1.909900000000000020e+01 9.774039380615561361e-10
1.948499999999999943e+01 9.023583954847813570e-10
1.987900000000000134e+01 8.330995196190961282e-10
2.028000000000000114e+01 7.691411152949614364e-10
2.069000000000000128e+01 7.100784721565660471e-10
2.110800000000000054e+01 6.555333998005981436e-10
2.153500000000000014e+01 6.051939859110503412e-10
2.196999999999999886e+01 5.587403670233409039e-10
2.241300000000000026e+01 5.158753362179862112e-10
2.286599999999999966e+01 4.762580167735570368e-10
2.332799999999999940e+01 4.396943089430893876e-10
2.379899999999999949e+01 4.059477258695204497e-10
2.428000000000000114e+01 3.747702771145358352e-10
2.477100000000000080e+01 3.460047317408227157e-10
2.527100000000000080e+01 3.194493640315569280e-10
2.578200000000000003e+01 2.949138150632589002e-10
2.630199999999999960e+01 2.722859190254388804e-10
2.683399999999999963e+01 2.513937446848719819e-10
2.737600000000000122e+01 2.320741552875510974e-10
2.792899999999999849e+01 2.142646842337700635e-10
2.849299999999999855e+01 1.978080489861117067e-10
2.906899999999999906e+01 1.826097132826214161e-10
2.965599999999999881e+01 1.685803886707657400e-10
3.025499999999999901e+01 1.556206851634753451e-10
3.086599999999999966e+01 1.436444346714676314e-10
3.148999999999999844e+01 1.325918944392082957e-10
3.212599999999999767e+01 1.223826935728164143e-10
3.277499999999999858e+01 1.129562367830564870e-10
3.343699999999999761e+01 1.042514776269396459e-10
3.411200000000000188e+01 9.621488524236595404e-11
3.480100000000000193e+01 8.879912001213777909e-11
3.550399999999999778e+01 8.195445084854306444e-11
3.622200000000000131e+01 7.563937403645118441e-11
3.695300000000000296e+01 6.981279251170046539e-11
3.770000000000000284e+01 6.443707518991510846e-11
3.846200000000000330e+01 5.948025515649433521e-11
3.923899999999999721e+01 5.490622380553227325e-11
4.003099999999999881e+01 5.068697647416581597e-11
4.084000000000000341e+01 4.679640543852482741e-11
4.166499999999999915e+01 4.320379380427419348e-11
4.250699999999999790e+01 3.988884555382215430e-11
4.336500000000000199e+01 3.683018867924528179e-11
4.424099999999999966e+01 3.400427257585632655e-11
4.513499999999999801e+01 3.139613988152112186e-11
4.604699999999999704e+01 2.898781668549298203e-11
4.697699999999999676e+01 2.676319039305029326e-11
4.792600000000000193e+01 2.470871167850400311e-11
4.889399999999999835e+01 2.281057226914681658e-11
4.988199999999999790e+01 2.105795722085858989e-11
5.089000000000000057e+01 1.943945002644103703e-11
5.191799999999999926e+01 1.794551138901295124e-11
5.296600000000000108e+01 1.656509695290858920e-11
5.403600000000000136e+01 1.529089664613278391e-11
5.512800000000000011e+01 1.411509657075285846e-11
5.624199999999999733e+01 1.302885282286031497e-11
5.737800000000000011e+01 1.202694786174575319e-11
5.853699999999999903e+01 1.110260573726126918e-11
5.971999999999999886e+01 1.024818352518573040e-11
6.092600000000000193e+01 9.460391345573658206e-12
6.215699999999999648e+01 8.733661023120336619e-12
6.341199999999999903e+01 8.062475970780468787e-12
6.469299999999999784e+01 7.442858882754140313e-12
6.600000000000000000e+01 6.871088056246248451e-12
6.733400000000000318e+01 6.343274291211589642e-12
6.869400000000000261e+01 5.856261802882891808e-12
7.008199999999999363e+01 5.406694940926991789e-12
7.149699999999999989e+01 4.991868401407699540e-12
7.294199999999999307e+01 4.608756863297198597e-12
7.441500000000000625e+01 4.255211585927975263e-12
7.591800000000000637e+01 3.928891122383278025e-12
7.745199999999999818e+01 3.627527409643549974e-12
7.901699999999999591e+01 3.349159074982480684e-12
8.061299999999999955e+01 3.092153960029607503e-12
8.224099999999999966e+01 2.854909012724536557e-12
8.390300000000000580e+01 2.635751744642193403e-12
8.559799999999999898e+01 2.433316612505724872e-12
8.732699999999999818e+01 2.246428900562160025e-12
8.909099999999999397e+01 2.073770292306568948e-12
9.089100000000000534e+01 1.914303345074949212e-12
9.272700000000000387e+01 1.767051473584136868e-12
9.459999999999999432e+01 1.631101673027807291e-12
9.651099999999999568e+01 1.505593790740684638e-12
9.846099999999999852e+01 1.389679031328080153e-12
1.004500000000000028e+02 1.282702135580600493e-12
1.024800000000000040e+02 1.183950793877843099e-12
1.045499999999999972e+02 1.092722738608025574e-12
1.066599999999999966e+02 1.008583862338803116e-12
1.088199999999999932e+02 9.309370121925494887e-13
1.110100000000000051e+02 8.592126967143685054e-13
1.132600000000000051e+02 7.930839536417601348e-13
1.155400000000000063e+02 7.320388349514563452e-13
1.178799999999999955e+02 6.756642988687187632e-13
1.202600000000000051e+02 6.236445531891230161e-13
1.226899999999999977e+02 5.756744049368204134e-13
1.251700000000000017e+02 5.314076282768046046e-13
1.277000000000000028e+02 4.905193355656227241e-13
1.302800000000000011e+02 4.528280935526407444e-13
1.329099999999999966e+02 4.180017605633803482e-13
1.355900000000000034e+02 3.859015122140364489e-13
1.383300000000000125e+02 3.562177227641610159e-13
1.411299999999999955e+02 3.288499870006066185e-13
1.439799999999999898e+02 3.035733919736118915e-13
1.468899999999999864e+02 2.801917861294072265e-13
1.498499999999999943e+02 2.586413494331275003e-13
1.528799999999999955e+02 2.387191787497157850e-13
1.559699999999999989e+02 2.203075443397414753e-13
1.591200000000000045e+02 2.033052848235365143e-13
1.623300000000000125e+02 1.875864188047319158e-13
1.656100000000000136e+02 1.730818699990522660e-13
1.689600000000000080e+02 1.597056170444295128e-13
1.723700000000000045e+02 1.473522419249814342e-13
1.758499999999999943e+02 1.359578455082723317e-13
1.794099999999999966e+02 1.254535906080062330e-13
1.830300000000000011e+02 1.157676869041645719e-13
1.867299999999999898e+02 1.068395511070670303e-13
1.905000000000000000e+02 9.861219742093336224e-14
1.943499999999999943e+02 9.103100002121836518e-14
1.982800000000000011e+02 8.404651789322437076e-14
2.022800000000000011e+02 7.760725994203448609e-14
2.063700000000000045e+02 7.167026999849162314e-14
2.105399999999999920e+02 6.619399808449504890e-14
2.147899999999999920e+02 6.114083000168929274e-14
2.191299999999999955e+02 5.647794994040524991e-14
2.235600000000000023e+02 5.217130783058436894e-14
2.280699999999999932e+02 4.819759679572763925e-14
2.326800000000000068e+02 4.452608895326244422e-14
