1.000000000000000048e-04 1.003195739014647092e+00
1.020200000000000024e-04 1.003186044082314821e+00
1.040800000000000064e-04 1.003226797787338587e+00
1.061800000000000032e-04 1.003214465092918228e+00
1.083300000000000013e-04 1.003201339637509903e+00
1.105200000000000057e-04 1.003235933349432285e+00
1.127500000000000030e-04 1.003173099692161951e+00
1.150300000000000015e-04 1.003204532788408043e+00
1.173500000000000064e-04 1.003187904180708578e+00
1.197199999999999989e-04 1.003170775276884585e+00
1.221399999999999927e-04 1.003196846945478393e+00
1.246099999999999877e-04 1.003177875118096640e+00
1.271199999999999891e-04 1.003200539038153760e+00
1.296899999999999865e-04 1.003179715890320622e+00
1.323100000000000122e-04 1.003158534116217915e+00
1.349900000000000069e-04 1.003176746217686599e+00
1.377100000000000080e-04 1.003154082784938339e+00
1.404900000000000051e-04 1.003207575989002676e+00
1.433299999999999982e-04 1.003182805362090813e+00
1.462299999999999874e-04 1.003194536241462709e+00
1.491800000000000049e-04 1.003204666570646664e+00
1.522000000000000132e-04 1.003177853889339888e+00
1.552699999999999957e-04 1.003185485267130472e+00
1.584099999999999961e-04 1.003191633844900066e+00
1.616099999999999926e-04 1.003163081840580784e+00
1.648700000000000122e-04 1.003167036698445980e+00
1.681999999999999956e-04 1.003137606454504560e+00
1.715999999999999969e-04 1.003171015038774261e+00
1.750699999999999891e-04 1.003171182266009875e+00
1.786000000000000044e-04 1.003139812215077198e+00
1.822100000000000054e-04 1.003167836101489074e+00
1.858899999999999973e-04 1.003135433299463086e+00
1.896500000000000020e-04 1.003131583442464336e+00
1.934799999999999975e-04 1.003154662199888136e+00
1.973900000000000058e-04 1.003148269820411720e+00
2.013799999999999998e-04 1.003140939597315429e+00
2.054400000000000117e-04 1.003132733112199304e+00
2.095900000000000042e-04 1.003123628572166082e+00
2.138300000000000042e-04 1.003113687568032875e+00
2.181499999999999900e-04 1.003127870317503723e+00
2.225499999999999885e-04 1.003115947321015611e+00
2.270499999999999895e-04 1.003103291876536574e+00
2.316399999999999980e-04 1.003113368758631996e+00
2.363199999999999871e-04 1.003098960126712846e+00
2.410900000000000109e-04 1.003106428957320384e+00
2.459599999999999829e-04 1.003090371286035953e+00
2.509300000000000115e-04 1.003095439097776875e+00
2.559999999999999884e-04 1.003077902780725950e+00
2.611700000000000219e-04 1.003080701900459948e+00
2.664499999999999985e-04 1.003061849357011592e+00
2.718299999999999775e-04 1.003062572560951216e+00
2.773200000000000079e-04 1.003062125821964967e+00
2.829199999999999814e-04 1.003041268863566371e+00
2.886400000000000012e-04 1.003038997319642078e+00
2.944700000000000182e-04 1.003017121702915349e+00
3.004199999999999731e-04 1.003013141653960716e+00
3.064899999999999743e-04 1.003025987896048576e+00
3.126800000000000217e-04 1.003002269156920923e+00
3.189900000000000070e-04 1.002995446920680545e+00
3.254399999999999741e-04 1.002987780314220423e+00
3.320099999999999874e-04 1.002979325783513342e+00
3.387199999999999825e-04 1.002970041322314154e+00
3.455600000000000186e-04 1.002944156008610754e+00
3.525399999999999823e-04 1.002949257252844451e+00
3.596599999999999819e-04 1.002922552362396580e+00
3.669300000000000122e-04 1.002910751869598327e+00
3.743400000000000243e-04 1.002898296153170499e+00
3.819000000000000129e-04 1.002899632521818907e+00
3.896200000000000271e-04 1.002885698198198172e+00
3.974900000000000178e-04 1.002871262527263330e+00
4.055199999999999799e-04 1.002856291964479007e+00
4.137100000000000217e-04 1.002827521206409056e+00
4.220699999999999756e-04 1.002824895530937122e+00
4.306000000000000040e-04 1.002808522589457851e+00
4.392900000000000038e-04 1.002791722480251391e+00
4.481700000000000137e-04 1.002762227460223921e+00
4.572199999999999897e-04 1.002744904470101117e+00
4.664599999999999758e-04 1.002727208330381758e+00
4.758799999999999771e-04 1.002709179952068430e+00
4.854999999999999832e-04 1.002690827344255631e+00
4.952999999999999504e-04 1.002672189190994656e+00
5.053100000000000256e-04 1.002653272915870364e+00
5.155199999999999973e-04 1.002623379126468262e+00
5.259299999999999739e-04 1.002593638759673667e+00
5.365600000000000534e-04 1.002564076160270101e+00
5.473900000000000293e-04 1.002544811916182832e+00
5.584500000000000488e-04 1.002475737769855435e+00
5.697299999999999543e-04 1.002427891618917988e+00
5.812400000000000119e-04 1.002380952380952372e+00
5.929900000000000535e-04 1.002521950308238319e+00
6.049599999999999813e-04 1.002473206924979543e+00
6.171899999999999912e-04 1.002425440172475701e+00
6.296500000000000447e-04 1.002290345313601172e+00
6.423699999999999636e-04 1.002332613390928717e+00
6.553499999999999647e-04 1.002287554011692006e+00
6.685900000000000480e-04 1.002160186108341566e+00
6.821000000000000457e-04 1.002200130378096521e+00
6.958799999999999578e-04 1.002157583506472660e+00
7.099300000000000012e-04 1.002115987460814983e+00
7.242699999999999486e-04 1.002075167166244007e+00
7.389099999999999575e-04 1.001959749755031215e+00
7.538300000000000382e-04 1.001921939680662232e+00
7.690600000000000127e-04 1.001884877482963621e+00
7.845999999999999893e-04 1.001848560255954368e+00
8.004499999999999680e-04 1.001812983752876418e+00
8.166199999999999978e-04 1.001709635505710239e+00
8.331099999999999704e-04 1.001676727028839586e+00
8.499399999999999837e-04 1.001578635795566719e+00
8.671100000000000379e-04 1.001548287207276955e+00
8.846299999999999650e-04 1.001455235684909795e+00
9.024999999999999819e-04 1.001427241700279192e+00
9.207300000000000293e-04 1.001338932505629664e+00
9.393300000000000477e-04 1.001253506834596685e+00
9.583099999999999778e-04 1.001229436215678170e+00
9.776699999999999280e-04 1.001090950849793382e+00
9.974199999999999473e-04 1.001013684744044507e+00
1.017600000000000015e-03 1.000939019001325647e+00
1.038099999999999917e-03 1.000812611734113400e+00
1.059100000000000102e-03 1.000690754516471825e+00
1.080500000000000080e-03 1.000677542085787186e+00
1.102300000000000068e-03 1.000562314691749277e+00
1.124599999999999905e-03 1.000451263537906144e+00
1.147299999999999969e-03 1.000295072292711751e+00
1.170500000000000099e-03 1.000192957067052468e+00
1.194100000000000023e-03 1.000094634238667624e+00
1.218200000000000012e-03 9.999535876728860018e-01
1.242899999999999908e-03 9.998179003915141916e-01
1.268000000000000030e-03 9.997320591256196876e-01
1.293600000000000002e-03 9.995619606640674393e-01
1.319700000000000040e-03 9.994413887933997209e-01
1.346399999999999984e-03 9.992413066385668063e-01
1.373599999999999995e-03 9.991316931982633376e-01
1.401300000000000072e-03 9.989454043968525321e-01
1.429600000000000055e-03 9.987665128123508484e-01
1.458499999999999944e-03 9.986337731282692864e-01
1.487999999999999956e-03 9.984299609404916342e-01
1.518000000000000035e-03 9.982719110409857821e-01
1.548700000000000077e-03 9.980835145394907348e-01
1.580000000000000024e-03 9.978667245182051282e-01
1.611900000000000095e-03 9.976587442355444590e-01
1.644499999999999912e-03 9.974245640900706311e-01
1.677700000000000068e-03 9.972340788799726186e-01
1.711599999999999970e-03 9.970182256767623485e-01
1.746200000000000052e-03 9.967785411393446093e-01
1.781400000000000041e-03 9.965488324087214966e-01
1.817400000000000048e-03 9.962655864295208996e-01
1.854100000000000019e-03 9.960250916092167062e-01
1.891600000000000009e-03 9.957643904074108265e-01
1.929799999999999962e-03 9.954848548276171716e-01
1.968800000000000151e-03 9.951877934272300719e-01
2.008600000000000142e-03 9.949032480995162464e-01
2.049099999999999880e-03 9.946025376550711172e-01
2.090499999999999910e-03 9.942869820844195683e-01
2.132799999999999800e-03 9.939304863776162735e-01
2.175799999999999870e-03 9.936156003739815556e-01
2.219800000000000072e-03 9.932618442096432521e-01
2.264599999999999860e-03 9.929231323502921702e-01
2.310400000000000214e-03 9.925484351713860232e-01
2.357099999999999994e-03 9.921896308050878188e-01
2.404700000000000067e-03 9.917976926446966379e-01
2.453299999999999838e-03 9.913984660597807697e-01
2.502799999999999903e-03 9.909928928294982065e-01
2.553399999999999941e-03 9.905814622913067247e-01
2.605000000000000111e-03 9.901200515475572228e-01
2.657599999999999980e-03 9.896779062798286564e-01
2.711299999999999821e-03 9.892327811682649630e-01
2.765999999999999796e-03 9.887640449438201973e-01
2.821900000000000016e-03 9.882938926484803321e-01
2.878900000000000209e-03 9.878026128413101015e-01
2.937100000000000214e-03 9.873117538561323459e-01
2.996400000000000192e-03 9.868020304568527745e-01
3.056899999999999982e-03 9.862938703685600883e-01
3.118699999999999858e-03 9.857499519877087613e-01
3.181699999999999980e-03 9.852097796559010634e-01
3.246000000000000187e-03 9.846553002223870088e-01
3.311500000000000207e-03 9.840873918980428403e-01
3.378400000000000153e-03 9.835074413279908390e-01
3.446700000000000024e-03 9.829337739032620869e-01
3.516299999999999981e-03 9.823322165037478015e-01
3.587400000000000137e-03 9.817215980448730228e-01
3.659799999999999946e-03 9.811191727128679707e-01
3.733799999999999793e-03 9.805085162538319521e-01
3.809199999999999999e-03 9.798749637459314155e-01
3.886099999999999971e-03 9.792349726775956276e-01
3.964600000000000415e-03 9.785898913145028022e-01
4.044700000000000031e-03 9.779553596031965723e-01
4.126399999999999686e-03 9.773011213968539890e-01
4.209799999999999653e-03 9.766288742192357208e-01
4.294799999999999660e-03 9.759683265163534571e-01
4.381600000000000251e-03 9.753052839534451790e-01
4.470100000000000288e-03 9.746398749595166500e-01
4.560400000000000044e-03 9.739729063357065453e-01
4.652500000000000385e-03 9.733044438085115546e-01
4.746499999999999851e-03 9.726348814759196992e-01
4.842400000000000176e-03 9.719513964932648964e-01
4.940199999999999626e-03 9.712935433193544688e-01
5.040000000000000209e-03 9.706096579219749554e-01
5.141899999999999596e-03 9.699508194659320903e-01
5.245699999999999842e-03 9.692797266007107115e-01
5.351700000000000033e-03 9.686326620178475899e-01
5.459799999999999896e-03 9.679734953064604852e-01
5.570099999999999704e-03 9.673140803612592098e-01
5.682600000000000325e-03 9.666666666666665630e-01
5.797400000000000296e-03 9.660190834441946262e-01
5.914499999999999619e-03 9.653711445034457439e-01
6.034000000000000301e-03 9.647234312557745328e-01
6.155899999999999740e-03 9.640863069447033196e-01
6.280299999999999945e-03 9.634594594594595440e-01
6.407200000000000048e-03 9.628212778653937320e-01
6.536600000000000049e-03 9.621824904930983413e-01
6.668600000000000222e-03 9.615432418436044015e-01
6.803299999999999972e-03 9.609130834439791879e-01
6.940799999999999574e-03 9.602622990450863094e-01
7.080999999999999621e-03 9.596581875993640542e-01
7.224000000000000386e-03 9.589198196432071608e-01
7.369999999999999815e-03 9.582938388625591442e-01
7.518900000000000236e-03 9.576214565238140297e-01
7.670800000000000188e-03 9.569436593178819450e-01
7.825699999999999670e-03 9.561941964285713969e-01
7.983799999999999231e-03 9.554637281910007829e-01
8.145100000000000603e-03 9.547474381064660065e-01
8.309600000000000319e-03 9.538737124944022261e-01
8.477500000000000660e-03 9.531899831873286155e-01
8.648799999999999891e-03 9.522643818849447772e-01
8.823499999999999746e-03 9.513564886815275567e-01
9.001699999999999632e-03 9.504654539243316824e-01
9.183600000000000096e-03 9.495904753863041448e-01
9.369099999999999998e-03 9.485680888369374397e-01
9.558300000000000476e-03 9.476422495664381662e-01
9.751400000000000345e-03 9.465686274509803599e-01
9.948399999999999604e-03 9.455133387227162567e-01
1.014900000000000004e-02 9.443155452436194919e-01
1.035400000000000036e-02 9.431332171709171375e-01
1.056400000000000047e-02 9.419653360520743313e-01
1.077700000000000012e-02 9.407332608357931170e-01
1.099499999999999957e-02 9.394382454790304315e-01
1.121699999999999954e-02 9.380814396827816815e-01
1.144300000000000005e-02 9.367346938775510390e-01
1.167499999999999961e-02 9.353267386091127511e-01
1.191000000000000045e-02 9.339279078409513657e-01
1.215100000000000034e-02 9.323895893238959287e-01
1.239700000000000003e-02 9.308604038630378108e-01
1.264700000000000026e-02 9.292665214233841731e-01
1.290200000000000027e-02 9.276031150850879703e-01
1.316299999999999935e-02 9.258755281816229976e-01
1.342899999999999996e-02 9.242154700064042494e-01
1.370000000000000037e-02 9.224131833934507974e-01
1.397699999999999984e-02 9.205400464102383440e-01
1.425900000000000084e-02 9.185957059934261038e-01
1.454699999999999917e-02 9.166376730916429016e-01
1.484100000000000003e-02 9.145370177990165272e-01
1.514099999999999994e-02 9.124198331149576680e-01
1.544700000000000066e-02 9.102211842286027643e-01
1.575899999999999870e-02 9.079334656718460739e-01
1.607700000000000101e-02 9.055612418969636312e-01
1.640199999999999991e-02 9.030896964747515687e-01
1.673399999999999888e-02 9.005907516805866653e-01
1.707200000000000037e-02 8.979937644028738175e-01
1.741600000000000092e-02 8.952890212535535852e-01
1.776799999999999907e-02 8.925407452492053473e-01
1.812700000000000075e-02 8.897376960519199907e-01
1.849299999999999902e-02 8.867554594009869895e-01
1.886699999999999836e-02 8.837099174671898538e-01
1.924800000000000122e-02 8.806637317981713675e-01
1.963700000000000168e-02 8.774167288515025698e-01
2.003399999999999972e-02 8.741501223823768818e-01
2.043800000000000130e-02 8.707390237251159126e-01
2.085100000000000148e-02 8.671682626538989025e-01
2.127199999999999924e-02 8.635583327611069393e-01
2.170199999999999907e-02 8.598427369292316325e-01
2.214100000000000096e-02 8.560038824181919193e-01
2.258800000000000044e-02 8.520429507739506469e-01
2.304399999999999851e-02 8.480213303396014757e-01
2.350999999999999965e-02 8.438493605595985825e-01
2.398499999999999938e-02 8.395984621956428251e-01
2.446900000000000117e-02 8.352476669059584191e-01
2.496400000000000008e-02 8.307380314333309146e-01
2.546800000000000105e-02 8.261060329067642094e-01
2.598200000000000162e-02 8.213652482269504507e-01
2.650699999999999931e-02 8.165521362414102091e-01
2.704300000000000107e-02 8.115460178328547380e-01
2.758899999999999894e-02 8.063800489596083532e-01
2.814600000000000088e-02 8.012090211578701826e-01
2.871500000000000094e-02 7.958045254556882497e-01
2.929500000000000159e-02 7.903794037940380379e-01
2.988700000000000037e-02 7.847641394934865566e-01
3.048999999999999974e-02 7.790563866513232627e-01
3.110600000000000170e-02 7.732286096256684171e-01
3.173499999999999932e-02 7.672446030936597161e-01
3.237600000000000200e-02 7.611418685121107419e-01
3.302999999999999686e-02 7.549427312775330856e-01
3.369699999999999779e-02 7.485634763871431563e-01
3.437799999999999884e-02 7.421038176325185365e-01
3.507199999999999901e-02 7.355408182327667355e-01
3.578100000000000031e-02 7.287825340833252730e-01
3.650400000000000172e-02 7.219355466848407232e-01
3.724100000000000327e-02 7.149806028051327589e-01
3.799299999999999899e-02 7.078936131275543886e-01
3.876099999999999685e-02 7.006933544007734049e-01
3.954400000000000276e-02 6.933839398675298860e-01
4.034299999999999692e-02 6.859576041677996061e-01
4.115800000000000014e-02 6.783854166666666297e-01
4.198899999999999855e-02 6.707325406587399952e-01
4.283800000000000108e-02 6.630144650495961578e-01
4.370299999999999879e-02 6.552102594691321391e-01
4.458600000000000063e-02 6.473109089799157223e-01
4.548599999999999866e-02 6.393577809708251847e-01
4.640500000000000180e-02 6.313219125543338972e-01
4.734300000000000314e-02 6.232458377473483191e-01
4.829900000000000165e-02 6.151098864350780238e-01
4.927499999999999936e-02 6.069616357792518846e-01
5.027000000000000218e-02 5.987920983097765326e-01
5.128599999999999826e-02 5.906116968086626562e-01
5.232200000000000045e-02 5.824310520939735003e-01
5.337900000000000283e-02 5.742702606052478842e-01
5.445699999999999846e-02 5.661246900999284959e-01
5.555700000000000222e-02 5.580337741354690628e-01
5.668000000000000121e-02 5.499904991132505971e-01
5.782500000000000140e-02 5.420098846787478886e-01
5.899299999999999683e-02 5.340899731497191771e-01
6.018400000000000138e-02 5.262317939758428542e-01
6.140000000000000319e-02 5.184614066649533282e-01
6.264100000000000223e-02 5.107491173489006053e-01
6.390600000000000447e-02 5.031212099593350695e-01
6.519700000000000495e-02 4.955752212389381017e-01
6.651400000000000368e-02 4.880947951932735340e-01
6.785800000000000165e-02 4.806770635222518129e-01
6.922899999999999887e-02 4.733062146012962379e-01
7.062699999999999534e-02 4.659913457895471511e-01
7.205400000000000693e-02 4.587501278510791036e-01
7.351000000000000589e-02 4.515193544319757724e-01
7.499400000000000510e-02 4.443243243243243379e-01
7.650899999999999368e-02 4.371699164345403954e-01
7.805499999999999938e-02 4.300602769981134998e-01
7.963199999999999446e-02 4.229661884026935104e-01
8.124099999999999377e-02 4.158860072971107269e-01
8.288199999999999734e-02 4.088373759083001047e-01
8.455600000000000616e-02 4.018298845683280773e-01
8.626399999999999346e-02 3.948556081623612046e-01
8.800700000000000189e-02 3.878852591481011802e-01
8.978500000000000369e-02 3.809308766859345052e-01
9.159799999999999887e-02 3.740297287954494898e-01
9.344900000000000428e-02 3.671052199875324273e-01
9.533700000000000507e-02 3.602150537634408733e-01
9.726300000000000223e-02 3.533090467516697419e-01
9.922699999999999576e-02 3.464097031029094165e-01
1.012300000000000005e-01 3.395047397949313428e-01
1.032799999999999968e-01 3.326038069231386785e-01
1.053599999999999953e-01 3.256870816182279027e-01
1.074900000000000022e-01 3.187771050710635490e-01
1.096599999999999936e-01 3.118796992481203123e-01
1.118799999999999933e-01 3.049845510723372954e-01
1.141400000000000053e-01 2.981276199347927536e-01
1.164400000000000018e-01 2.912890159637836485e-01
1.188000000000000028e-01 2.845052590572653139e-01
1.212000000000000022e-01 2.777661743497936153e-01
1.236499999999999960e-01 2.710911307528192649e-01
1.261400000000000021e-01 2.644849618201651764e-01
1.286899999999999988e-01 2.579670037253858350e-01
1.312899999999999900e-01 2.515499425947187451e-01
1.339400000000000035e-01 2.452332657200811672e-01
1.366499999999999937e-01 2.390592212636978298e-01
1.394100000000000061e-01 2.330165264241176870e-01
1.422299999999999953e-01 2.270874092773745578e-01
1.451000000000000068e-01 2.213167800303770805e-01
1.480299999999999949e-01 2.156468713186888986e-01
1.510199999999999876e-01 2.100531798645006165e-01
1.540700000000000125e-01 2.045451061546715854e-01
1.571799999999999864e-01 1.991134751773049882e-01
1.603600000000000025e-01 1.937167019027483950e-01
1.635999999999999954e-01 1.884033613445378064e-01
1.668999999999999928e-01 1.831674958540630282e-01
1.702799999999999869e-01 1.780133715377268389e-01
1.737100000000000033e-01 1.729181038730659425e-01
1.772199999999999886e-01 1.678871299362928171e-01
1.807999999999999885e-01 1.628986048829098032e-01
1.844600000000000128e-01 1.579478678525508273e-01
1.881799999999999862e-01 1.530565594113293126e-01
1.919800000000000118e-01 1.482466828379480905e-01
1.958600000000000063e-01 1.435750262208545236e-01
1.998199999999999976e-01 1.390488020447650519e-01
2.038600000000000134e-01 1.346673137467179204e-01
2.079699999999999882e-01 1.304234527687296308e-01
2.121800000000000075e-01 1.262920055870511982e-01
2.164600000000000135e-01 1.222411282066071525e-01
2.208299999999999985e-01 1.182546790327722031e-01
2.253000000000000003e-01 1.143351237627707462e-01
2.298499999999999988e-01 1.104845697527161302e-01
2.344900000000000040e-01 1.067098741898589442e-01
2.392299999999999982e-01 1.030192738682205456e-01
2.440599999999999992e-01 9.943085224332914862e-02
2.489899999999999891e-01 9.596554936593340579e-02
2.540200000000000236e-01 9.262500489447511587e-02
2.591499999999999915e-01 8.939066070742410219e-02
2.643900000000000139e-01 8.622253006737609637e-02
2.697300000000000253e-01 8.309939343508440657e-02
2.751799999999999802e-01 8.002615758799504209e-02
2.807399999999999896e-01 7.703728699173274796e-02
2.864099999999999979e-01 7.415696202531645020e-02
2.921900000000000053e-01 7.137552384488886348e-02
2.980999999999999761e-01 6.867389860526898482e-02
3.041200000000000014e-01 6.602759413624605112e-02
3.102599999999999802e-01 6.344454034106128404e-02
3.165299999999999780e-01 6.093153552518162930e-02
3.229199999999999848e-01 5.849971295528481885e-02
3.294500000000000206e-01 5.616710875331565322e-02
3.361000000000000099e-01 5.393480066445182491e-02
3.428899999999999726e-01 5.178998478150590584e-02
3.498200000000000198e-01 4.969236612229396832e-02
3.568899999999999850e-01 4.762832491749830616e-02
3.640900000000000247e-01 4.562510376888594121e-02
3.714500000000000024e-01 4.371247138105317787e-02
3.789500000000000091e-01 4.187542072431899021e-02
3.866100000000000092e-01 4.009651699538396841e-02
3.944199999999999928e-01 3.837629241298966265e-02
4.023900000000000254e-01 3.671615322253748981e-02
4.105199999999999960e-01 3.512268800678361447e-02
4.188100000000000156e-01 3.359563023346087696e-02
4.272699999999999831e-01 3.211590843233844833e-02
4.359000000000000097e-01 3.067045523245269176e-02
4.447099999999999942e-01 2.927698702607381409e-02
4.536899999999999822e-01 2.795696102873638372e-02
4.628599999999999937e-01 2.669814548689522851e-02
4.722100000000000186e-01 2.547969688304260738e-02
4.817400000000000015e-01 2.430002242320053810e-02
4.914799999999999724e-01 2.316821626689585453e-02
5.014100000000000223e-01 2.208306135770235143e-02
5.115300000000000402e-01 2.103618561089825451e-02
5.218699999999999450e-01 2.002843180808529591e-02
5.324100000000000499e-01 1.907775097420671973e-02
5.431700000000000417e-01 1.817220983225055833e-02
5.541399999999999659e-01 1.729059595130209154e-02
5.653299999999999992e-01 1.644031526759608466e-02
5.767499999999999849e-01 1.563139780662439055e-02
5.884000000000000341e-01 1.486156869545113106e-02
6.002899999999999903e-01 1.412401396455708648e-02
6.124199999999999644e-01 1.342173391425143664e-02
6.247899999999999565e-01 1.275007922256258738e-02
6.374100000000000321e-01 1.210455838096026818e-02
6.502900000000000347e-01 1.148812101267284412e-02
6.634200000000000097e-01 1.089929523263359623e-02
6.768300000000000427e-01 1.033768856908413858e-02
6.905000000000000027e-01 9.801831532051811027e-03
7.044500000000000206e-01 9.290829091536537479e-03
7.186799999999999855e-01 8.803796668892216806e-03
7.331999999999999629e-01 8.339561393575662188e-03
7.480099999999999527e-01 7.897386291850915993e-03
7.631200000000000205e-01 7.476303562209601905e-03
7.785400000000000098e-01 7.075573607570322977e-03
7.942599999999999660e-01 6.694244766942448154e-03
8.103099999999999747e-01 6.331338552877451009e-03
8.266799999999999704e-01 5.986534320156439506e-03
8.433800000000000185e-01 5.658661692702261596e-03
8.604100000000000081e-01 5.347487730144526163e-03
8.778000000000000247e-01 5.051657584014532243e-03
8.955300000000000482e-01 4.770917518421678369e-03
9.136199999999999877e-01 4.504479283314669069e-03
9.320800000000000196e-01 4.251612062789031019e-03
9.509100000000000330e-01 4.011798404146491026e-03
9.701100000000000279e-01 3.784546168678140643e-03
9.897099999999999786e-01 3.569361352078970640e-03
1.009700000000000042e+00 3.365313075145866511e-03
1.030100000000000016e+00 3.172176195554096863e-03
1.050899999999999945e+00 2.989088878388246676e-03
1.072100000000000053e+00 2.816001439949601757e-03
1.093800000000000106e+00 2.652116526821909816e-03
1.115899999999999892e+00 2.497160353597708844e-03
1.138400000000000079e+00 2.350545868474155330e-03
1.161399999999999988e+00 2.211970074812967622e-03
1.184900000000000064e+00 2.081065727432824045e-03
1.208800000000000097e+00 1.957316347184188694e-03
1.233300000000000063e+00 1.840529074120289370e-03
1.258199999999999985e+00 1.730203361014843490e-03
1.283600000000000074e+00 1.626113776559287138e-03
1.309500000000000108e+00 1.527839643652561174e-03
1.336000000000000076e+00 1.435155896972435587e-03
1.362999999999999989e+00 1.347808922226608917e-03
1.390500000000000069e+00 1.265397350993377294e-03
1.418600000000000083e+00 1.187744119434076904e-03
1.447200000000000042e+00 1.114680986620551588e-03
1.476499999999999924e+00 1.045714831074632612e-03
1.506299999999999972e+00 9.808926122771720237e-04
1.536699999999999955e+00 9.198324638107134533e-04
1.567800000000000082e+00 8.623647153379501284e-04
1.599399999999999933e+00 8.083172616091742306e-04
1.631799999999999917e+00 7.574652630558818996e-04
1.664700000000000069e+00 7.096708603380354327e-04
1.698399999999999910e+00 6.647468202543797399e-04
1.732699999999999907e+00 6.225119245779188546e-04
1.767700000000000049e+00 5.828404537916257464e-04
1.803399999999999892e+00 5.455917455917455713e-04
1.839800000000000102e+00 5.105929122024531475e-04
1.877000000000000002e+00 4.777498897669843979e-04
1.914900000000000047e+00 4.469262805681130640e-04
1.953600000000000003e+00 4.179960398998767111e-04
1.993000000000000105e+00 3.908593612140462154e-04
2.033300000000000107e+00 3.654249845647252566e-04
2.074399999999999800e+00 3.415572070515036376e-04
2.116299999999999848e+00 3.191962260727569754e-04
2.158999999999999808e+00 2.982213862234815173e-04
2.202599999999999891e+00 2.785860706964652213e-04
2.247100000000000097e+00 2.601973856895374798e-04
2.292499999999999982e+00 2.429677810544883315e-04
2.338799999999999990e+00 2.268407038666358101e-04
2.386099999999999888e+00 2.117344922955353536e-04
2.434299999999999908e+00 1.976029364826045265e-04
2.483499999999999819e+00 1.843848474689909541e-04
2.533599999999999852e+00 1.720150698919052233e-04
2.584799999999999986e+00 1.604460224120714544e-04
2.637000000000000011e+00 1.496289965424808441e-04
2.690300000000000136e+00 1.395159973881815072e-04
2.744699999999999918e+00 1.300664523043944297e-04
2.800100000000000033e+00 1.212323214124853794e-04
2.856700000000000017e+00 1.129803142154079033e-04
2.914400000000000102e+00 1.052754574383452704e-04
2.973300000000000054e+00 9.807732497387669621e-05
3.033300000000000107e+00 9.135328026351908896e-05
3.094599999999999795e+00 8.508625165868574376e-05
3.157099999999999795e+00 7.922274766581786963e-05
3.220899999999999874e+00 7.376067286861219931e-05
3.286000000000000032e+00 6.866461291186712519e-05
3.352300000000000058e+00 6.390652495248821149e-05
3.420100000000000140e+00 5.947173720035513677e-05
3.489199999999999857e+00 5.533675532742261734e-05
3.559600000000000097e+00 5.148311667075464263e-05
3.631600000000000161e+00 4.788654920498495857e-05
3.704899999999999860e+00 4.453691153880906951e-05
3.779799999999999827e+00 4.141744252327569340e-05
3.856100000000000083e+00 3.850963939666366716e-05
3.934000000000000163e+00 3.579935723738105515e-05
4.013499999999999623e+00 3.327701023755093968e-05
4.094599999999999795e+00 3.092708079294847329e-05
4.177299999999999791e+00 2.874013824772233091e-05
4.261700000000000266e+00 2.670434112509632740e-05
4.347800000000000331e+00 2.480954181975362002e-05
4.435599999999999987e+00 2.304479393086988060e-05
4.525199999999999889e+00 2.140402259346702144e-05
4.616600000000000037e+00 1.987803152947833349e-05
4.709900000000000198e+00 1.845777395674889199e-05
4.804999999999999716e+00 1.713763957007200141e-05
4.902099999999999902e+00 1.590976453153301485e-05
5.001100000000000101e+00 1.476806405666551311e-05
5.102100000000000080e+00 1.370681624883560929e-05
5.205199999999999605e+00 1.272029998295551429e-05
5.310399999999999565e+00 1.180340730777852563e-05
5.417600000000000193e+00 1.095148241620869435e-05
5.527099999999999902e+00 1.015958106867197796e-05
5.638700000000000045e+00 9.424407824292916207e-06
5.752600000000000158e+00 8.741343299989006791e-06
5.868900000000000006e+00 8.106888773208397294e-06
5.987400000000000055e+00 7.517728337949295891e-06
6.108399999999999608e+00 6.970531710442024618e-06
6.231799999999999784e+00 6.462715749730312901e-06
6.357700000000000351e+00 5.990987794493329232e-06
6.486100000000000421e+00 5.553273331590543511e-06
6.617099999999999760e+00 5.147417249783787794e-06
6.750799999999999912e+00 4.770752296615079630e-06
6.887199999999999989e+00 4.421066387872452457e-06
7.026299999999999990e+00 4.096487205356323616e-06
7.168199999999999683e+00 3.795490754598561381e-06
7.312999999999999723e+00 3.516443857062979940e-06
7.460799999999999876e+00 3.257586299170457662e-06
7.611500000000000377e+00 3.017525076073481194e-06
7.765299999999999869e+00 2.794826154028716658e-06
7.922100000000000364e+00 2.588404348369361594e-06
8.082200000000000273e+00 2.397039473684210368e-06
8.245400000000000063e+00 2.219689621726479454e-06
8.412000000000000810e+00 2.055154300722259128e-06
8.581899999999999196e+00 1.902881290818286685e-06
8.755300000000000082e+00 1.761692830555105838e-06
8.932199999999999918e+00 1.630816430884608819e-06
9.112600000000000477e+00 1.509513552324537646e-06
9.296699999999999520e+00 1.397239553790886895e-06
9.484500000000000597e+00 1.293139500149357833e-06
9.676099999999999923e+00 1.196773922892981495e-06
9.871600000000000819e+00 1.107502292336415480e-06
1.007099999999999973e+01 1.024799255207727275e-06
1.027399999999999913e+01 9.482420438385720664e-07
1.048199999999999932e+01 8.773375348693046674e-07
1.069400000000000084e+01 8.116981183417460815e-07
1.091000000000000014e+01 7.509281424250677068e-07
1.113000000000000078e+01 6.946508396762111404e-07
1.135500000000000043e+01 6.425707284473156740e-07
1.158399999999999963e+01 5.943567045568856671e-07
1.181799999999999962e+01 5.497279536461278221e-07
1.205700000000000038e+01 5.084136852686051171e-07
1.230100000000000016e+01 4.701855556863207005e-07
1.254899999999999949e+01 4.347987846468654946e-07
1.280300000000000082e+01 4.020692659551296314e-07
1.306099999999999994e+01 3.717663261792723659e-07
1.332499999999999929e+01 3.437431964972544298e-07
1.359399999999999942e+01 3.178075207138304669e-07
1.386899999999999977e+01 2.938094470417539739e-07
1.414899999999999913e+01 2.716243769823289756e-07
1.443500000000000050e+01 2.510969166940274053e-07
1.472700000000000031e+01 2.321116214685711181e-07
1.502399999999999913e+01 2.145543175487465248e-07
1.532799999999999940e+01 1.983152154916285089e-07
1.563700000000000045e+01 1.833014001473839213e-07
1.595299999999999940e+01 1.694166084051891639e-07
1.627499999999999858e+01 1.565778159931212539e-07
1.660399999999999920e+01 1.447058315707687786e-07
1.694000000000000128e+01 1.337277029486712586e-07
1.728200000000000003e+01 1.235847246209940618e-07
1.763100000000000023e+01 1.141975620858833578e-07
1.798699999999999832e+01 1.055300767918088777e-07
1.835099999999999909e+01 9.751475962890075703e-08
1.872100000000000009e+01 9.009959686981267718e-08
1.909900000000000020e+01 8.325310995811715866e-08
1.948499999999999943e+01 7.692307692307692265e-08
1.987900000000000134e+01 7.106616624965248169e-08
2.028000000000000114e+01 6.565669891527411024e-08
2.069000000000000128e+01 6.065929819137423982e-08
2.110800000000000054e+01 5.603716684326350581e-08
2.153500000000000014e+01 5.176723396940003290e-08
2.196999999999999886e+01 4.781997824510515003e-08
2.241300000000000026e+01 4.417590822179731938e-08
2.286599999999999966e+01 4.080560596894535187e-08
2.332799999999999940e+01 3.769261035549837157e-08
2.379899999999999949e+01 3.481684201081226567e-08
2.428000000000000114e+01 3.215861636559368095e-08
2.477100000000000080e+01 2.970352624092235901e-08
2.527100000000000080e+01 2.743521236131036595e-08
2.578200000000000003e+01 2.533944189920865917e-08
2.630199999999999960e+01 2.340338288057406614e-08
2.683399999999999963e+01 2.161494137456938408e-08
2.737600000000000122e+01 1.996284466462421154e-08
2.792899999999999849e+01 1.843733883445074610e-08
2.849299999999999855e+01 1.702792890823358791e-08
2.906899999999999906e+01 1.572617521571928468e-08
2.965599999999999881e+01 1.452383835937184597e-08
3.025499999999999901e+01 1.341276432632722003e-08
3.086599999999999966e+01 1.238693297984677222e-08
3.148999999999999844e+01 1.143910301995922841e-08
3.212599999999999767e+01 1.056373958932546336e-08
3.277499999999999858e+01 9.755106349290125497e-09
3.343699999999999761e+01 9.008437056219196992e-09
3.411200000000000188e+01 8.318789481416188768e-09
3.480100000000000193e+01 7.681289722523640830e-09
3.550399999999999778e+01 7.092943370301305535e-09
3.622200000000000131e+01 6.549402748049437593e-09
3.695300000000000296e+01 6.047579146781303394e-09
3.770000000000000284e+01 5.584006151480199223e-09
3.846200000000000330e+01 5.156002758956466029e-09
3.923899999999999721e+01 4.760640575490279451e-09
4.003099999999999881e+01 4.395544308373626711e-09
4.084000000000000341e+01 4.058615920255639148e-09
4.166499999999999915e+01 3.747407631128560536e-09
4.250699999999999790e+01 3.459916060139191756e-09
4.336500000000000199e+01 3.194751303762687397e-09
4.424099999999999966e+01 2.949633049242424173e-09
4.513499999999999801e+01 2.723495970512900775e-09
4.604699999999999704e+01 2.514540059347180936e-09
4.697699999999999676e+01 2.321639869144567342e-09
4.792600000000000193e+01 2.143644379132990561e-09
4.889399999999999835e+01 1.979135965252462521e-09
4.988199999999999790e+01 1.827247420992303810e-09
5.089000000000000057e+01 1.687035436473638629e-09
5.191799999999999926e+01 1.557623870791130548e-09
5.296600000000000108e+01 1.438011752239668457e-09
5.403600000000000136e+01 1.327645120611804739e-09
5.512800000000000011e+01 1.225694929084486603e-09
5.624199999999999733e+01 1.131604302927940843e-09
5.737800000000000011e+01 1.044724496146296918e-09
5.853699999999999903e+01 9.645050418256716148e-10
5.971999999999999886e+01 8.904498879282741336e-10
6.092600000000000193e+01 8.220635054799537175e-10
6.215699999999999648e+01 7.589546022490629007e-10
6.341199999999999903e+01 7.006659546396934571e-10
6.469299999999999784e+01 6.468529728833236137e-10
6.600000000000000000e+01 5.971908439727491331e-10
6.733400000000000318e+01 5.513306578387674569e-10
6.869400000000000261e+01 5.089936136554498554e-10
7.008199999999999363e+01 4.698882151548901150e-10
7.149699999999999989e+01 4.337863739327408550e-10
7.294199999999999307e+01 4.004784578934051358e-10
7.441500000000000625e+01 3.697009450234433807e-10
7.591800000000000637e+01 3.412957023733161882e-10
7.745199999999999818e+01 3.150506747601755466e-10
7.901699999999999591e+01 2.908497667363118914e-10
8.061299999999999955e+01 2.684905831494301281e-10
8.224099999999999966e+01 2.478510760584967167e-10
8.390300000000000580e+01 2.288036696009983549e-10
8.559799999999999898e+01 2.112187822865082255e-10
8.732699999999999818e+01 1.949872045762456593e-10
8.909099999999999397e+01 1.799999999999999988e-10
9.089100000000000534e+01 1.661767176213674002e-10
9.272700000000000387e+01 1.534049066146133767e-10
9.459999999999999432e+01 1.416225336270328441e-10
9.651099999999999568e+01 1.307536145771439916e-10
9.846099999999999852e+01 1.207156308851224127e-10
1.004500000000000028e+02 1.114402564385984296e-10
1.024800000000000040e+02 1.028905109489051155e-10
1.045499999999999972e+02 9.499012833168804799e-11
1.066599999999999966e+02 8.769230769230769272e-11
1.088199999999999932e+02 8.095467695274831000e-11
1.110100000000000051e+02 7.474343110852319002e-11
1.132600000000000051e+02 6.900015382248885573e-11
1.155400000000000063e+02 6.369879713914175108e-11
1.178799999999999955e+02 5.880529073262904454e-11
1.202600000000000051e+02 5.428791867114459721e-11
1.226899999999999977e+02 5.011318944844124895e-11
1.251700000000000017e+02 4.626263445493162263e-11
1.277000000000000028e+02 4.270591134588391747e-11
1.302800000000000011e+02 3.942266313333786077e-11
1.329099999999999966e+02 3.639084064493734005e-11
1.355900000000000034e+02 3.359270224448999294e-11
1.383300000000000125e+02 3.100810442132292212e-11
1.411299999999999955e+02 2.862393621532980663e-11
1.439799999999999898e+02 2.642078993379858821e-11
1.468899999999999864e+02 2.438862559241706159e-11
1.498499999999999943e+02 2.251319393413053871e-11
1.528799999999999955e+02 2.078043612607045294e-11
1.559699999999999989e+02 1.918345249873989499e-11
1.591200000000000045e+02 1.770774939797086376e-11
1.623300000000000125e+02 1.634608561350781675e-11
1.656100000000000136e+02 1.508982564555285816e-11
1.689600000000000080e+02 1.393012183167623679e-11
1.723700000000000045e+02 1.285968159940762570e-11
1.758499999999999943e+02 1.187193275556019767e-11
1.794099999999999966e+02 1.096024295969077776e-11
1.830300000000000011e+02 1.011885293774091830e-11
1.867299999999999898e+02 9.341796392389424588e-12
1.905000000000000000e+02 8.624869315211710689e-12
1.943499999999999943e+02 7.962815772194767380e-12
1.982800000000000011e+02 7.351952039771895532e-12
2.022800000000000011e+02 6.787564766839378317e-12
