1.000000000000000048e-04 1.004796163069544335e+00
1.020200000000000024e-04 1.004795278495020261e+00
1.040800000000000064e-04 1.004838126243443819e+00
1.061800000000000032e-04 1.004788507581803714e+00
1.083300000000000013e-04 1.004782608695652169e+00
1.105200000000000057e-04 1.004817941502515577e+00
1.127500000000000030e-04 1.004808094322267698e+00
1.150300000000000015e-04 1.004796851297609761e+00
1.173500000000000064e-04 1.004784304265669670e+00
1.197199999999999989e-04 1.004770352848413095e+00
1.221399999999999927e-04 1.004793937988092578e+00
1.246099999999999877e-04 1.004776707862612639e+00
1.271199999999999891e-04 1.004795717312911396e+00
1.296899999999999865e-04 1.004775618825416439e+00
1.323100000000000122e-04 1.004790333535909630e+00
1.349900000000000069e-04 1.004767580452920139e+00
1.377100000000000080e-04 1.004778274321072473e+00
1.404900000000000051e-04 1.004786785774481661e+00
1.433299999999999982e-04 1.004760015866719591e+00
1.462299999999999874e-04 1.004764991896272441e+00
1.491800000000000049e-04 1.004736172917991111e+00
1.522000000000000132e-04 1.004769178018141584e+00
1.552699999999999957e-04 1.004737743000366779e+00
1.584099999999999961e-04 1.004765901324860655e+00
1.616099999999999926e-04 1.004732232085121302e+00
1.648700000000000122e-04 1.004755865567533268e+00
1.681999999999999956e-04 1.004748445449406447e+00
1.715999999999999969e-04 1.004739599212838508e+00
1.750699999999999891e-04 1.004701981355149210e+00
1.786000000000000044e-04 1.004717484008528894e+00
1.822100000000000054e-04 1.004730665690912295e+00
1.858899999999999973e-04 1.004715772207698921e+00
1.896500000000000020e-04 1.004699791399632947e+00
1.934799999999999975e-04 1.004707332101047568e+00
1.973900000000000058e-04 1.004712763129274711e+00
2.013799999999999998e-04 1.004692499111269122e+00
2.054400000000000117e-04 1.004671268214460067e+00
2.095900000000000042e-04 1.004694728685703975e+00
2.138300000000000042e-04 1.004670808563894013e+00
2.181499999999999900e-04 1.004667879292586274e+00
2.225499999999999885e-04 1.004641867062084915e+00
2.270499999999999895e-04 1.004657337941498696e+00
2.316399999999999980e-04 1.004629055589997932e+00
2.363199999999999871e-04 1.004640700360718286e+00
2.410900000000000109e-04 1.004630273643210447e+00
2.459599999999999829e-04 1.004618532592808977e+00
2.509300000000000115e-04 1.004605476886621052e+00
2.559999999999999884e-04 1.004609935723253855e+00
2.611700000000000219e-04 1.004575691866661735e+00
2.664499999999999985e-04 1.004577153875263473e+00
2.718299999999999775e-04 1.004559189948576625e+00
2.773200000000000079e-04 1.004557506021799718e+00
2.829199999999999814e-04 1.004537189661325103e+00
2.886400000000000012e-04 1.004515914014330935e+00
2.944700000000000182e-04 1.004510172399705858e+00
3.004199999999999731e-04 1.004502916479712793e+00
3.064899999999999743e-04 1.004478526643304948e+00
3.126800000000000217e-04 1.004484304932735439e+00
3.189900000000000070e-04 1.004457876841707620e+00
3.254399999999999741e-04 1.004445629945763363e+00
3.320099999999999874e-04 1.004417641502579173e+00
3.387199999999999825e-04 1.004403340268475331e+00
3.455600000000000186e-04 1.004401962017356542e+00
3.525399999999999823e-04 1.004371539768678323e+00
3.596599999999999819e-04 1.004354077916493004e+00
3.669300000000000122e-04 1.004335679080677668e+00
3.743400000000000243e-04 1.004316360816748466e+00
3.819000000000000129e-04 1.004296142342981701e+00
3.896200000000000271e-04 1.004262669947555420e+00
3.974900000000000178e-04 1.004241109513247299e+00
4.055199999999999799e-04 1.004230755440823186e+00
4.137100000000000217e-04 1.004195722238499844e+00
4.220699999999999756e-04 1.004172030158146489e+00
4.306000000000000040e-04 1.004147647224570283e+00
4.392900000000000038e-04 1.004111587603342182e+00
4.481700000000000137e-04 1.004086233619839286e+00
4.572199999999999897e-04 1.004049701852658849e+00
4.664599999999999758e-04 1.004023473737974070e+00
4.758799999999999771e-04 1.003986547956127628e+00
4.854999999999999832e-04 1.003929509412778920e+00
4.952999999999999504e-04 1.003833677381303469e+00
5.053100000000000256e-04 1.003856165043863768e+00
5.155199999999999973e-04 1.003781433163168924e+00
5.259299999999999739e-04 1.003801223808640897e+00
5.365600000000000534e-04 1.003727611601054726e+00
5.473900000000000293e-04 1.003744984395898321e+00
5.584500000000000488e-04 1.003672612801678854e+00
5.697299999999999543e-04 1.003601440576230575e+00
5.812400000000000119e-04 1.003531786074671972e+00
5.929900000000000535e-04 1.003463631865413319e+00
6.049599999999999813e-04 1.003396684189243881e+00
6.171899999999999912e-04 1.003410532994923887e+00
6.296500000000000447e-04 1.003344741754822689e+00
6.423699999999999636e-04 1.003280189183004101e+00
6.553499999999999647e-04 1.003216877384603745e+00
6.685900000000000480e-04 1.003154805575935393e+00
6.821000000000000457e-04 1.003093970355446896e+00
6.958799999999999578e-04 1.003034151848715805e+00
7.099300000000000012e-04 1.002975778546712826e+00
7.242699999999999486e-04 1.002918419980996401e+00
7.389099999999999575e-04 1.002795527156549404e+00
7.538300000000000382e-04 1.002741693322018346e+00
7.690600000000000127e-04 1.002624839948783597e+00
7.845999999999999893e-04 1.002511458529540933e+00
8.004499999999999680e-04 1.002401477832512100e+00
8.166199999999999978e-04 1.002355356927165042e+00
8.331099999999999704e-04 1.002250784813125684e+00
8.499399999999999837e-04 1.002149413268270006e+00
8.671100000000000379e-04 1.002051048313582493e+00
8.846299999999999650e-04 1.001955744300402129e+00
9.024999999999999819e-04 1.001808516468460697e+00
9.207300000000000293e-04 1.001720060202107021e+00
9.393300000000000477e-04 1.001581611134542360e+00
9.583099999999999778e-04 1.001396070320579090e+00
9.776699999999999280e-04 1.001318592149305076e+00
9.974199999999999473e-04 1.001144050935137253e+00
1.017600000000000015e-03 1.000975752549153386e+00
1.038099999999999917e-03 1.000861367660429657e+00
1.059100000000000102e-03 1.000704060079793400e+00
1.080500000000000080e-03 1.000552460752267336e+00
1.102300000000000068e-03 1.000361255362384183e+00
1.124599999999999905e-03 1.000177171457678371e+00
1.147299999999999969e-03 1.000000000000000000e+00
1.170500000000000099e-03 9.998295333475388791e-01
1.194100000000000023e-03 9.996237772761475959e-01
1.218200000000000012e-03 9.994259236478452157e-01
1.242899999999999908e-03 9.991955271308475828e-01
1.268000000000000030e-03 9.989741161616161325e-01
1.293600000000000002e-03 9.987614181761882426e-01
1.319700000000000040e-03 9.984812817981623123e-01
1.346399999999999984e-03 9.982494040524433343e-01
1.373599999999999995e-03 9.980268927214264174e-01
1.401300000000000072e-03 9.977417736038425300e-01
1.429600000000000055e-03 9.974680873509863543e-01
1.458499999999999944e-03 9.971711456859971845e-01
1.487999999999999956e-03 9.968862113314830298e-01
1.518000000000000035e-03 9.965798910877938788e-01
1.548700000000000077e-03 9.962535835287985586e-01
1.580000000000000024e-03 9.959088439287883121e-01
1.611900000000000095e-03 9.956096337180129208e-01
1.644499999999999912e-03 9.952615384615384198e-01
1.677700000000000068e-03 9.948677695930443488e-01
1.711599999999999970e-03 9.944901949167606059e-01
1.746200000000000052e-03 9.940995233112429608e-01
1.781400000000000041e-03 9.937252217563675716e-01
1.817400000000000048e-03 9.932829554995802335e-01
1.854100000000000019e-03 9.928593007607591225e-01
1.891600000000000009e-03 9.923997412677878494e-01
1.929799999999999962e-03 9.919593736775285109e-01
1.968800000000000151e-03 9.914860480207657867e-01
2.008600000000000142e-03 9.909820405043943126e-01
2.049099999999999880e-03 9.904742855714178118e-01
2.090499999999999910e-03 9.899636827640362347e-01
2.132799999999999800e-03 9.894265276138634047e-01
2.175799999999999870e-03 9.888652482269503219e-01
2.219800000000000072e-03 9.883043649780705042e-01
2.264599999999999860e-03 9.876993166287016956e-01
2.310400000000000214e-03 9.870974955277279639e-01
2.357099999999999994e-03 9.864775870395575685e-01
2.404700000000000067e-03 9.858192711363978900e-01
2.453299999999999838e-03 9.851677880749862837e-01
2.502799999999999903e-03 9.844817915532749764e-01
2.553399999999999941e-03 9.837841145514626406e-01
2.605000000000000111e-03 9.830756289056240549e-01
2.657599999999999980e-03 9.823188120759169806e-01
2.711299999999999821e-03 9.815744746600741921e-01
2.765999999999999796e-03 9.807860096354462653e-01
2.821900000000000016e-03 9.799929211452841349e-01
2.878900000000000209e-03 9.791784832128809235e-01
2.937100000000000214e-03 9.783624469844007798e-01
2.996400000000000192e-03 9.775274948364431893e-01
3.056899999999999982e-03 9.766409433798665107e-01
3.118699999999999858e-03 9.757568529907831856e-01
3.181699999999999980e-03 9.748589792946452670e-01
3.246000000000000187e-03 9.739326360107887215e-01
3.311500000000000207e-03 9.729799612152554289e-01
3.378400000000000153e-03 9.720029855012624065e-01
3.446700000000000024e-03 9.710339445961763127e-01
3.516299999999999981e-03 9.700283764092337835e-01
3.587400000000000137e-03 9.690176094560366549e-01
3.659799999999999946e-03 9.679886181753512009e-01
3.733799999999999793e-03 9.669425099798943934e-01
3.809199999999999999e-03 9.658807689002205654e-01
3.886099999999999971e-03 9.647912118864868658e-01
3.964600000000000415e-03 9.637025855502776572e-01
4.044700000000000031e-03 9.626154223299648871e-01
4.126399999999999686e-03 9.615044603391464939e-01
4.209799999999999653e-03 9.603704728403357205e-01
4.294799999999999660e-03 9.592534992223950008e-01
4.381600000000000251e-03 9.581033009906797515e-01
4.470100000000000288e-03 9.569466223420938222e-01
4.560400000000000044e-03 9.557961264519633238e-01
4.652500000000000385e-03 9.546398765777038831e-01
4.746499999999999851e-03 9.534666842023459266e-01
4.842400000000000176e-03 9.523008120513122288e-01
4.940199999999999626e-03 9.511197617971801632e-01
5.040000000000000209e-03 9.499355515758495239e-01
5.141899999999999596e-03 9.487481888331029678e-01
5.245699999999999842e-03 9.475587903457735051e-01
5.351700000000000033e-03 9.463667066129207717e-01
5.459799999999999896e-03 9.451729910714284921e-01
5.570099999999999704e-03 9.439769099020994814e-01
5.682600000000000325e-03 9.427690448659853395e-01
5.797400000000000296e-03 9.415695734743109169e-01
5.914499999999999619e-03 9.403587580052812367e-01
6.034000000000000301e-03 9.391742295801336349e-01
6.155899999999999740e-03 9.379313735129289897e-01
6.280299999999999945e-03 9.366518030244279647e-01
6.407200000000000048e-03 9.353981454927826622e-01
6.536600000000000049e-03 9.341693381105035110e-01
6.668600000000000222e-03 9.328497023809522171e-01
6.803299999999999972e-03 9.315470728574050119e-01
6.940799999999999574e-03 9.302788844621512343e-01
7.080999999999999621e-03 9.288714145295325908e-01
7.224000000000000386e-03 9.275822528005644996e-01
7.369999999999999815e-03 9.261517025167638195e-01
7.518900000000000236e-03 9.246775580395527605e-01
7.670800000000000188e-03 9.232336956521739468e-01
7.825699999999999670e-03 9.217347537958224812e-01
7.983799999999999231e-03 9.201127040689482950e-01
8.145100000000000603e-03 9.185160920481532099e-01
8.309600000000000319e-03 9.168015539009387593e-01
8.477500000000000660e-03 9.150332026562123522e-01
8.648799999999999891e-03 9.132979985760619757e-01
8.823499999999999746e-03 9.113666588437769889e-01
9.001699999999999632e-03 9.094637468080166709e-01
9.183600000000000096e-03 9.074414331649058862e-01
9.369099999999999998e-03 9.053787878787880050e-01
9.558300000000000476e-03 9.032620922384700934e-01
9.751400000000000345e-03 9.009651076466220765e-01
9.948399999999999604e-03 8.986913689163358310e-01
1.014900000000000004e-02 8.963734343140110639e-01
1.035400000000000036e-02 8.939393939393940336e-01
1.056400000000000047e-02 8.914551304969611234e-01
1.077700000000000012e-02 8.888573858803514582e-01
1.099499999999999957e-02 8.861400056227157762e-01
1.121699999999999954e-02 8.834437086092714608e-01
1.144300000000000005e-02 8.806279825714088405e-01
1.167499999999999961e-02 8.776938915579959311e-01
1.191000000000000045e-02 8.747019145601961920e-01
1.215100000000000034e-02 8.716508795669823950e-01
1.239700000000000003e-02 8.685395523892734948e-01
1.264700000000000026e-02 8.652998530786697451e-01
1.290200000000000027e-02 8.620552310143388963e-01
1.316299999999999935e-02 8.586798679867986284e-01
1.342899999999999996e-02 8.551638106493336666e-01
1.370000000000000037e-02 8.515711765858757776e-01
1.397699999999999984e-02 8.478345688646118372e-01
1.425900000000000084e-02 8.440717477174124461e-01
1.454699999999999917e-02 8.402141659140756058e-01
1.484100000000000003e-02 8.361403959886860582e-01
1.514099999999999994e-02 8.320194834326731792e-01
1.544700000000000066e-02 8.277934032216823779e-01
1.575899999999999870e-02 8.235106518688607435e-01
1.607700000000000101e-02 8.191021967526266323e-01
1.640199999999999991e-02 8.145627980922098832e-01
1.673399999999999888e-02 8.098868979539967095e-01
1.707200000000000037e-02 8.051321138211382511e-01
1.741600000000000092e-02 8.002795070512006559e-01
1.776799999999999907e-02 7.953216374269006517e-01
1.812700000000000075e-02 7.903143693521700319e-01
1.849299999999999902e-02 7.851861295257520634e-01
1.886699999999999836e-02 7.798645713555640846e-01
1.924800000000000122e-02 7.745179680994169757e-01
1.963700000000000168e-02 7.690874035989717639e-01
2.003399999999999972e-02 7.635483870967741948e-01
2.043800000000000130e-02 7.578408501814412057e-01
2.085100000000000148e-02 7.520677303809834013e-01
2.127199999999999924e-02 7.461523347959919672e-01
2.170199999999999907e-02 7.401647446457989554e-01
2.214100000000000096e-02 7.341914935969743317e-01
2.258800000000000044e-02 7.280080213903742381e-01
2.304399999999999851e-02 7.217467484331828720e-01
2.350999999999999965e-02 7.154316791298435119e-01
2.398499999999999938e-02 7.090509846977286479e-01
2.446900000000000117e-02 7.025228721929580589e-01
2.496400000000000008e-02 6.960207370043436370e-01
2.546800000000000105e-02 6.893715014525615414e-01
2.598200000000000162e-02 6.826245966296162759e-01
2.650699999999999931e-02 6.758370252015396540e-01
2.704300000000000107e-02 6.689408993891220456e-01
2.758899999999999894e-02 6.619943275115689474e-01
2.814600000000000088e-02 6.549875028402636357e-01
2.871500000000000094e-02 6.479387786494384960e-01
2.929500000000000159e-02 6.407673673517230162e-01
2.988700000000000037e-02 6.335769903066899023e-01
3.048999999999999974e-02 6.262689945037180905e-01
3.110600000000000170e-02 6.189994240105324286e-01
3.173499999999999932e-02 6.116242038216560539e-01
3.237600000000000200e-02 6.042107960368977571e-01
3.302999999999999686e-02 5.967081773055821214e-01
3.369699999999999779e-02 5.891879886282871404e-01
3.437799999999999884e-02 5.816467174464997614e-01
3.507199999999999901e-02 5.740209239885195602e-01
3.578100000000000031e-02 5.663797995082276993e-01
3.650400000000000172e-02 5.587263239273289051e-01
3.724100000000000327e-02 5.510371394705649850e-01
3.799299999999999899e-02 5.433228308288899910e-01
3.876099999999999685e-02 5.355844692275919527e-01
3.954400000000000276e-02 5.278220739035389686e-01
4.034299999999999692e-02 5.200574613324115969e-01
4.115800000000000014e-02 5.122896943318272500e-01
4.198899999999999855e-02 5.045304591467822952e-01
4.283800000000000108e-02 4.967882064790424823e-01
4.370299999999999879e-02 4.890500602423870635e-01
4.458600000000000063e-02 4.813271996232839633e-01
4.548599999999999866e-02 4.736205705261080645e-01
4.640500000000000180e-02 4.659314343332492947e-01
4.734300000000000314e-02 4.582872146001183977e-01
4.829900000000000165e-02 4.506522338846340459e-01
4.927499999999999936e-02 4.430595204589012903e-01
5.027000000000000218e-02 4.354849731443643512e-01
5.128599999999999826e-02 4.279326340423753594e-01
5.232200000000000045e-02 4.204072944014759505e-01
5.337900000000000283e-02 4.129165582820312208e-01
5.445699999999999846e-02 4.054455591185902597e-01
5.555700000000000222e-02 3.980123331138119003e-01
5.668000000000000121e-02 3.906000213151444300e-01
5.782500000000000140e-02 3.832337183735406438e-01
5.899299999999999683e-02 3.759368898406500459e-01
6.018400000000000138e-02 3.686848468350173436e-01
6.140000000000000319e-02 3.614879721168097193e-01
6.264100000000000223e-02 3.543779412739444523e-01
6.390600000000000447e-02 3.473384158683038847e-01
6.519700000000000495e-02 3.403882494416767268e-01
6.651400000000000368e-02 3.335434725505647680e-01
6.785800000000000165e-02 3.267997212643164451e-01
6.922899999999999887e-02 3.201496623471436487e-01
7.062699999999999534e-02 3.135885899901058593e-01
7.205400000000000693e-02 3.071171791341594237e-01
7.351000000000000589e-02 3.007160372731730869e-01
7.499400000000000510e-02 2.943832909963307598e-01
7.650899999999999368e-02 2.881011186982420091e-01
7.805499999999999938e-02 2.818888199156623364e-01
7.963199999999999446e-02 2.757049651664270629e-01
8.124099999999999377e-02 2.695891038113769067e-01
8.288199999999999734e-02 2.634676538990934902e-01
8.455600000000000616e-02 2.574167159471713040e-01
8.626399999999999346e-02 2.513870744639975507e-01
8.800700000000000189e-02 2.453951752632280436e-01
8.978500000000000369e-02 2.394304429887865182e-01
9.159799999999999887e-02 2.335087161400364320e-01
9.344900000000000428e-02 2.276244091880663678e-01
9.533700000000000507e-02 2.217707321657946817e-01
9.726300000000000223e-02 2.159643066501660547e-01
9.922699999999999576e-02 2.102112557039040042e-01
1.012300000000000005e-01 2.045129892864645527e-01
1.032799999999999968e-01 1.988964469209060226e-01
1.053599999999999953e-01 1.933686409070565493e-01
1.074900000000000022e-01 1.879515300253086774e-01
1.096599999999999936e-01 1.826536631405088762e-01
1.118799999999999933e-01 1.774684155467932956e-01
1.141400000000000053e-01 1.723899913718723031e-01
1.164400000000000018e-01 1.674152595634139096e-01
1.188000000000000028e-01 1.625405636208368809e-01
1.212000000000000022e-01 1.577614343531050234e-01
1.236499999999999960e-01 1.530788013318535035e-01
1.261400000000000021e-01 1.485028581798384928e-01
1.286899999999999988e-01 1.440343946084127469e-01
1.312899999999999900e-01 1.396656317172199624e-01
1.339400000000000035e-01 1.353912100906582705e-01
1.366499999999999937e-01 1.311887755102041087e-01
1.394100000000000061e-01 1.270340511297337327e-01
1.422299999999999953e-01 1.229207016767196042e-01
1.451000000000000068e-01 1.188672689367616525e-01
1.480299999999999949e-01 1.148921955663528699e-01
1.510199999999999876e-01 1.110175975516449892e-01
1.540700000000000125e-01 1.072805139186295414e-01
1.571799999999999864e-01 1.036740990043472227e-01
1.603600000000000025e-01 1.001831367665372424e-01
1.635999999999999954e-01 9.677517725089578027e-02
1.668999999999999928e-01 9.342177998894417301e-02
1.702799999999999869e-01 9.013029315960911780e-02
1.737100000000000033e-01 8.690416457601606026e-02
1.772199999999999886e-01 8.374571917808219801e-02
1.807999999999999885e-01 8.068271334792122274e-02
1.844600000000000128e-01 7.771482277121374849e-02
1.881799999999999862e-01 7.484086948546271600e-02
1.919800000000000118e-01 7.206942086398793190e-02
1.958600000000000063e-01 6.940058479532164315e-02
1.998199999999999976e-01 6.680570601277677212e-02
2.038600000000000134e-01 6.426140447300554559e-02
2.079699999999999882e-01 6.175841707011732462e-02
2.121800000000000075e-01 5.931370837261817214e-02
2.164600000000000135e-01 5.695727164858285091e-02
2.208299999999999985e-01 5.470117272703944183e-02
2.253000000000000003e-01 5.252517127190335644e-02
2.298499999999999988e-01 5.040423752439363719e-02
2.344900000000000040e-01 4.832951219160502160e-02
2.392299999999999982e-01 4.631588329669023701e-02
2.440599999999999992e-01 4.438030663978987517e-02
2.489899999999999891e-01 4.252606456475317015e-02
2.540200000000000236e-01 4.074877389488677781e-02
2.591499999999999915e-01 3.904008580238638171e-02
2.643900000000000139e-01 3.737836989502319601e-02
2.697300000000000253e-01 3.575282537367845820e-02
2.751799999999999802e-01 3.417482036385873639e-02
2.807399999999999896e-01 3.266913901974541345e-02
2.864099999999999979e-01 3.123871888511102826e-02
2.921900000000000053e-01 2.985901309164148976e-02
2.980999999999999761e-01 2.851750795816279660e-02
3.041200000000000014e-01 2.722566069705598460e-02
3.102599999999999802e-01 2.599041805491378657e-02
3.165299999999999780e-01 2.480654088050314454e-02
3.229199999999999848e-01 2.366194242163234193e-02
3.294500000000000206e-01 2.255165289256198108e-02
3.361000000000000099e-01 2.148129208216142255e-02
3.428899999999999726e-01 2.047165883542496900e-02
3.498200000000000198e-01 1.951717272274763534e-02
3.568899999999999850e-01 1.859127950391220932e-02
3.640900000000000247e-01 1.768934531450577774e-02
3.714500000000000024e-01 1.682707821816906493e-02
3.789500000000000091e-01 1.600589777195281921e-02
3.866100000000000092e-01 1.521911898274296189e-02
3.944199999999999928e-01 1.446539144153027000e-02
4.023900000000000254e-01 1.374938210578349057e-02
4.105199999999999960e-01 1.307109331266416950e-02
4.188100000000000156e-01 1.241173031079926062e-02
4.272699999999999831e-01 1.177477604239951167e-02
4.359000000000000097e-01 1.117491942572516883e-02
4.447099999999999942e-01 1.060635324015247842e-02
4.536899999999999822e-01 1.006142441090812981e-02
4.628599999999999937e-01 9.539753577545719357e-03
4.722100000000000186e-01 9.043111906273444689e-03
4.817400000000000015e-01 8.565744257551095170e-03
4.914799999999999724e-01 8.112257739743266097e-03
5.014100000000000223e-01 7.687360546003412475e-03
5.115300000000000402e-01 7.277082050229246799e-03
5.218699999999999450e-01 6.883978295016421681e-03
5.324100000000000499e-01 6.513457093864161510e-03
5.431700000000000417e-01 6.160358255451713928e-03
5.541399999999999659e-01 5.825510453103392369e-03
5.653299999999999992e-01 5.506964498046542852e-03
5.767499999999999849e-01 5.200992995832964469e-03
5.884000000000000341e-01 4.914822701601703932e-03
6.002899999999999903e-01 4.642808782280684679e-03
6.124199999999999644e-01 4.381480807713298252e-03
6.247899999999999565e-01 4.134183818947946391e-03
6.374100000000000321e-01 3.900151185759846446e-03
6.502900000000000347e-01 3.678790534618755440e-03
6.634200000000000097e-01 3.469149192576524970e-03
6.768300000000000427e-01 3.270906801007556798e-03
6.905000000000000027e-01 3.083099685397991570e-03
7.044500000000000206e-01 2.905476059438635156e-03
7.186799999999999855e-01 2.737314463237832014e-03
7.331999999999999629e-01 2.578190785516660567e-03
7.480099999999999527e-01 2.427482116185834728e-03
7.631200000000000205e-01 2.285080147965474606e-03
7.785400000000000098e-01 2.150275103163686030e-03
7.942599999999999660e-01 2.022983131316764219e-03
8.103099999999999747e-01 1.902594104479015790e-03
8.266799999999999704e-01 1.788841877398406098e-03
8.433800000000000185e-01 1.681504663468467347e-03
8.604100000000000081e-01 1.580150369460781197e-03
8.778000000000000247e-01 1.484535617673579753e-03
8.955300000000000482e-01 1.394347590176696567e-03
9.136199999999999877e-01 1.309293368228729411e-03
9.320800000000000196e-01 1.229145131279718714e-03
9.509100000000000330e-01 1.153592296039818036e-03
9.701100000000000279e-01 1.082401245929491811e-03
9.897099999999999786e-01 1.015385527524975467e-03
1.009700000000000042e+00 9.522952295229524314e-04
1.030100000000000016e+00 8.929151771205719916e-04
1.050899999999999945e+00 8.370256933809766889e-04
1.072100000000000053e+00 7.844898250115826810e-04
1.093800000000000106e+00 7.350976074054720423e-04
1.115899999999999892e+00 6.886117518276711888e-04
1.138400000000000079e+00 6.449895573119292453e-04
1.161399999999999988e+00 6.039468039468039390e-04
1.184900000000000064e+00 5.653932584269663218e-04
1.208800000000000097e+00 5.292178744643781995e-04
1.233300000000000063e+00 4.952141306492994360e-04
1.258199999999999985e+00 4.633524636781965241e-04
1.283600000000000074e+00 4.334146077156480082e-04
1.309500000000000108e+00 4.053265190232822131e-04
1.336000000000000076e+00 3.789667896678966682e-04
1.362999999999999989e+00 3.542703849273191939e-04
1.390500000000000069e+00 3.311032633575305712e-04
1.418600000000000083e+00 3.093857123268887923e-04
1.447200000000000042e+00 2.890454284071304982e-04
1.476499999999999924e+00 2.699751300022608987e-04
1.506299999999999972e+00 2.521058870011853100e-04
1.536699999999999955e+00 2.353911170036459991e-04
1.567800000000000082e+00 2.197445033457895165e-04
1.599399999999999933e+00 2.050947867298577858e-04
1.631799999999999917e+00 1.913870566867412139e-04
1.664700000000000069e+00 1.785567465131902289e-04
1.698399999999999910e+00 1.665614876519836741e-04
1.732699999999999907e+00 1.553459119496855372e-04
1.767700000000000049e+00 1.448481831757093212e-04
1.803399999999999892e+00 1.350425689544190451e-04
1.839800000000000102e+00 1.258856662248954877e-04
1.877000000000000002e+00 1.173261302702485758e-04
1.914900000000000047e+00 1.093286933093848317e-04
1.953600000000000003e+00 1.018584513886843510e-04
1.993000000000000105e+00 9.488423850885598424e-05
2.033300000000000107e+00 8.837375294022224443e-05
2.074399999999999800e+00 8.229665071770335329e-05
2.116299999999999848e+00 7.662472295703153782e-05
2.158999999999999808e+00 7.133180726508556039e-05
2.202599999999999891e+00 6.639483118622699831e-05
2.247100000000000097e+00 6.179140901288441190e-05
2.292499999999999982e+00 5.749462575727966763e-05
2.338799999999999990e+00 5.349187167970086609e-05
2.386099999999999888e+00 4.975818808657345664e-05
2.434299999999999908e+00 4.628149042087795916e-05
2.483499999999999819e+00 4.303857629445778963e-05
2.533599999999999852e+00 4.001830232106708124e-05
2.584799999999999986e+00 3.720510281353760473e-05
2.637000000000000011e+00 3.458455702398433750e-05
2.690300000000000136e+00 3.214113564060541950e-05
2.744699999999999918e+00 2.987104614657529574e-05
2.800100000000000033e+00 2.775551457550181164e-05
2.856700000000000017e+00 2.578688524590163790e-05
2.914400000000000102e+00 2.395443513661629876e-05
2.973300000000000054e+00 2.224891009295056356e-05
3.033300000000000107e+00 2.066294999783914620e-05
3.094599999999999795e+00 1.918755676657584093e-05
3.157099999999999795e+00 1.781521427889662973e-05
3.220899999999999874e+00 1.653894377852450180e-05
3.286000000000000032e+00 1.535290706868377986e-05
3.352300000000000058e+00 1.424986149584487504e-05
3.420100000000000140e+00 1.322424736504978704e-05
3.489199999999999857e+00 1.227153088082267180e-05
3.559600000000000097e+00 1.138592201775833107e-05
3.631600000000000161e+00 1.056344696969697086e-05
3.704899999999999860e+00 9.799459536339069526e-06
3.779799999999999827e+00 9.088666267942582962e-06
3.856100000000000083e+00 8.429492218204685377e-06
3.934000000000000163e+00 7.817257624597073642e-06
4.013499999999999623e+00 7.248283653428348387e-06
4.094599999999999795e+00 6.720369185780863990e-06
4.177299999999999791e+00 6.230347876225253919e-06
4.261700000000000266e+00 5.775659942596110645e-06
4.347800000000000331e+00 5.353506366515741506e-06
4.435599999999999987e+00 4.961769769053634552e-06
4.525199999999999889e+00 4.598255226091659642e-06
4.616600000000000037e+00 4.260981400870598064e-06
4.709900000000000198e+00 3.948124926831171773e-06
4.804999999999999716e+00 3.657845766515242672e-06
4.902099999999999902e+00 3.388749748107205459e-06
5.001100000000000101e+00 3.139158086008479381e-06
5.102100000000000080e+00 2.907619517945613905e-06
5.205199999999999605e+00 2.692868515880331836e-06
5.310399999999999565e+00 2.493828031318332652e-06
5.417600000000000193e+00 2.309262282915244338e-06
5.527099999999999902e+00 2.138227254978523901e-06
5.638700000000000045e+00 1.979681978798586400e-06
5.752600000000000158e+00 1.832753215868554849e-06
5.868900000000000006e+00 1.696569140465031737e-06
5.987400000000000055e+00 1.570405842212378949e-06
6.108399999999999608e+00 1.453544338885668917e-06
6.231799999999999784e+00 1.345241884150222934e-06
6.357700000000000351e+00 1.244926443904753828e-06
6.486100000000000421e+00 1.152053828524416691e-06
6.617099999999999760e+00 1.066031608573284320e-06
6.750799999999999912e+00 9.863914572209924029e-07
6.887199999999999989e+00 9.126426539634669303e-07
7.026299999999999990e+00 8.443610650119054951e-07
7.168199999999999683e+00 7.811241929358146085e-07
7.312999999999999723e+00 7.226309476209515954e-07
7.460799999999999876e+00 6.684487476320774136e-07
7.611500000000000377e+00 6.182962503324173656e-07
7.765299999999999869e+00 5.718685831622176552e-07
7.922100000000000364e+00 5.289174979116505235e-07
8.082200000000000273e+00 4.891447198220106577e-07
8.245400000000000063e+00 4.523620116602190875e-07
8.412000000000000810e+00 4.183038788156989409e-07
8.581899999999999196e+00 3.867907426430599784e-07
8.755300000000000082e+00 3.576301387297950950e-07
8.932199999999999918e+00 3.306568364611260416e-07
9.112600000000000477e+00 3.057037978257800440e-07
9.296699999999999520e+00 2.826232433638188988e-07
9.484500000000000597e+00 2.612577335734983544e-07
9.676099999999999923e+00 2.415195512291701312e-07
9.871600000000000819e+00 2.232446993395898336e-07
1.007099999999999973e+01 2.063621384108385108e-07
1.027399999999999913e+01 1.907328833172613160e-07
1.048199999999999932e+01 1.762871307245316715e-07
1.069400000000000084e+01 1.629226109571154904e-07
1.091000000000000014e+01 1.505710967538251601e-07
1.113000000000000078e+01 1.391558464700222115e-07
1.135500000000000043e+01 1.285905603464460395e-07
1.158399999999999963e+01 1.188344828495694324e-07
1.181799999999999962e+01 1.098100518293106506e-07
1.205700000000000038e+01 1.014685427312259275e-07
1.230100000000000016e+01 9.375771414465564453e-08
1.254899999999999949e+01 8.662797314214179783e-08
1.280300000000000082e+01 8.003906183076633049e-08
1.306099999999999994e+01 7.395056601729647784e-08
1.332499999999999929e+01 6.832140954410533310e-08
1.359399999999999942e+01 6.312063848560198718e-08
1.386899999999999977e+01 5.831219883337560297e-08
1.414899999999999913e+01 5.386688644362275138e-08
1.443500000000000050e+01 4.976052965206367449e-08
1.472700000000000031e+01 4.596634496411779533e-08
1.502399999999999913e+01 4.245917888257081713e-08
1.532799999999999940e+01 3.921805834318550290e-08
1.563700000000000045e+01 3.622583543459989307e-08
1.595299999999999940e+01 3.345757844245516290e-08
1.627499999999999858e+01 3.090308866630165016e-08
1.660399999999999920e+01 2.854237403232378165e-08
1.694000000000000128e+01 2.636109818520241892e-08
1.728200000000000003e+01 2.434657911619306575e-08
1.763100000000000023e+01 2.248587570621468940e-08
1.798699999999999832e+01 2.076723016905071697e-08
1.835099999999999909e+01 1.917956656346749331e-08
1.872100000000000009e+01 1.771393928088420132e-08
1.909900000000000020e+01 1.635934503614102501e-08
1.948499999999999943e+01 1.510862238813708709e-08
1.987900000000000134e+01 1.395407326407873126e-08
2.028000000000000114e+01 1.288671086768521033e-08
2.069000000000000128e+01 1.190114299610895009e-08
2.110800000000000054e+01 1.099057511059819121e-08
2.153500000000000014e+01 1.015010141987829573e-08
2.196999999999999886e+01 9.373217341699943593e-09
2.241300000000000026e+01 8.655436907805685600e-09
2.286599999999999966e+01 7.992703624395272484e-09
2.332799999999999940e+01 7.380677540777917040e-09
2.379899999999999949e+01 6.815262461402733808e-09
2.428000000000000114e+01 6.293105052572811364e-09
2.477100000000000080e+01 5.810874472470311281e-09
2.527100000000000080e+01 5.365813257689479974e-09
2.578200000000000003e+01 4.954626363666146572e-09
2.630199999999999960e+01 4.574828364742200959e-09
2.683399999999999963e+01 4.224142121123747804e-09
2.737600000000000122e+01 3.900247394664992396e-09
2.792899999999999849e+01 3.601168341198901861e-09
2.849299999999999855e+01 3.325011769069459141e-09
2.906899999999999906e+01 3.070011738855612297e-09
2.965599999999999881e+01 2.834505644559470390e-09
3.025499999999999901e+01 2.616925757169659375e-09
3.086599999999999966e+01 2.416182110602498832e-09
3.148999999999999844e+01 2.230592798403789066e-09
3.212599999999999767e+01 2.059379057962460101e-09
3.277499999999999858e+01 1.901266348349595248e-09
3.343699999999999761e+01 1.755235258039078204e-09
3.411200000000000188e+01 1.620362879926037216e-09
3.480100000000000193e+01 1.495890344137947808e-09
3.550399999999999778e+01 1.380929095354523105e-09
3.622200000000000131e+01 1.274816001738138610e-09
3.695300000000000296e+01 1.176860025220680843e-09
3.770000000000000284e+01 1.086438422453423711e-09
3.846200000000000330e+01 1.003000319182891892e-09
3.923899999999999721e+01 9.259608582881396727e-10
4.003099999999999881e+01 8.548473106047139134e-10
4.084000000000000341e+01 7.892169736990207319e-10
4.166499999999999915e+01 7.286659010810596755e-10
4.250699999999999790e+01 6.727827468026413667e-10
4.336500000000000199e+01 6.211566456394195048e-10
4.424099999999999966e+01 5.734972295944498900e-10
4.513499999999999801e+01 5.295129503120851887e-10
4.604699999999999704e+01 4.888519997924987851e-10
4.697699999999999676e+01 4.513470594677472550e-10
4.792600000000000193e+01 4.167109826589595405e-10
4.889399999999999835e+01 3.847092562084324463e-10
4.988199999999999790e+01 3.551690821256039120e-10
5.089000000000000057e+01 3.279001767985856231e-10
5.191799999999999926e+01 3.027135678391959587e-10
5.296600000000000108e+01 2.794543387646836132e-10
5.403600000000000136e+01 2.579726378110248761e-10
5.512800000000000011e+01 2.381535602669144200e-10
5.624199999999999733e+01 2.198608757691964650e-10
5.737800000000000011e+01 2.029755178907721353e-10
5.853699999999999903e+01 1.873844318520727863e-10
5.971999999999999886e+01 1.730016270403611011e-10
6.092600000000000193e+01 1.597153719118184716e-10
6.215699999999999648e+01 1.474615546661049009e-10
6.341199999999999903e+01 1.361468116658427989e-10
6.469299999999999784e+01 1.256994467063367819e-10
6.600000000000000000e+01 1.160520876395204593e-10
6.733400000000000318e+01 1.071462871611297768e-10
6.869400000000000261e+01 9.892124471763350405e-11
7.008199999999999363e+01 9.132438616705344125e-11
7.149699999999999989e+01 8.430992819071447896e-11
7.294199999999999307e+01 7.782946297670545452e-11
7.441500000000000625e+01 7.184447460478274432e-11
7.591800000000000637e+01 6.631806343502049765e-11
7.745199999999999818e+01 6.121417604912998667e-11
7.901699999999999591e+01 5.650097970766424082e-11
8.061299999999999955e+01 5.214929704783881158e-11
8.224099999999999966e+01 4.813307201366902608e-11
8.390300000000000580e+01 4.442232661836133423e-11
8.559799999999999898e+01 4.100033643602107995e-11
8.732699999999999818e+01 3.783983889119232565e-11
8.909099999999999397e+01 3.492366412213740114e-11
9.089100000000000534e+01 3.222949302663758694e-11
9.272700000000000387e+01 2.974546978108306073e-11
9.459999999999999432e+01 2.745232562428534858e-11
9.651099999999999568e+01 2.533590522952225185e-11
9.846099999999999852e+01 2.338424801350405056e-11
1.004500000000000028e+02 2.158336595763191168e-11
1.024800000000000040e+02 1.992186781873334003e-11
1.045499999999999972e+02 1.838877288398970585e-11
1.066599999999999966e+02 1.697470367899840939e-11
1.088199999999999932e+02 1.567067881153762842e-11
1.110100000000000051e+02 1.446774378365990576e-11
1.132600000000000051e+02 1.335714718169159053e-11
1.155400000000000063e+02 1.233269353806781956e-11
1.178799999999999955e+02 1.138674780256930423e-11
1.202600000000000051e+02 1.051375491246873851e-11
1.226899999999999977e+02 9.706992901374414385e-12
1.251700000000000017e+02 8.962407215260594512e-12
1.277000000000000028e+02 8.275097013666272199e-12
1.302800000000000011e+02 7.639857333927774683e-12
1.329099999999999966e+02 7.052304212609555547e-12
1.355900000000000034e+02 6.510261008168957789e-12
1.383300000000000125e+02 6.009435651175771205e-12
1.411299999999999955e+02 5.546934140802422507e-12
1.439799999999999898e+02 5.119924679298575856e-12
1.468899999999999864e+02 4.725591927637391230e-12
1.498499999999999943e+02 4.361821075755383418e-12
1.528799999999999955e+02 4.025979444529435629e-12
1.559699999999999989e+02 3.716197338430997773e-12
1.591200000000000045e+02 3.430459457358314377e-12
1.623300000000000125e+02 3.166677627252400121e-12
1.656100000000000136e+02 2.923504867872044308e-12
1.689600000000000080e+02 2.699244388064640661e-12
1.723700000000000045e+02 2.492125831162266370e-12
1.758499999999999943e+02 2.301112413381859610e-12
1.794099999999999966e+02 2.124744465225523205e-12
1.830300000000000011e+02 1.961885264755946022e-12
1.867299999999999898e+02 1.811576924012749522e-12
1.905000000000000000e+02 1.672732420467414829e-12
1.943499999999999943e+02 1.544464412133093687e-12
1.982800000000000011e+02 1.426036355255955860e-12
2.022800000000000011e+02 1.316599609851255842e-12
2.063700000000000045e+02 1.215538927949429275e-12
2.105399999999999920e+02 1.122180130370977060e-12
2.147899999999999920e+02 1.035970963198381995e-12
2.191299999999999955e+02 9.563522397186974618e-13
2.235600000000000023e+02 8.828573739988673393e-13
2.280699999999999932e+02 8.149749561196968830e-13
2.326800000000000068e+02 7.522993973993023431e-13
2.373799999999999955e+02 6.944804104924950768e-13
