1.000000000000000048e-04 1.002396070444470988e+00
1.020200000000000024e-04 1.002408364661654172e+00
1.040800000000000064e-04 1.002419215482979187e+00
1.061800000000000032e-04 1.002428829643018382e+00
1.083300000000000013e-04 1.002437133045308570e+00
1.105200000000000057e-04 1.002389875617837101e+00
1.127500000000000030e-04 1.002396804260985430e+00
1.150300000000000015e-04 1.002402590619450695e+00
1.173500000000000064e-04 1.002407170294494332e+00
1.197199999999999989e-04 1.002410727738435980e+00
1.221399999999999927e-04 1.002363949766067464e+00
1.246099999999999877e-04 1.002414759007051126e+00
1.271199999999999891e-04 1.002415344541794928e+00
1.296899999999999865e-04 1.002368457716063865e+00
1.323100000000000122e-04 1.002413698879679460e+00
1.349900000000000069e-04 1.002366811057026741e+00
1.377100000000000080e-04 1.002408583315086421e+00
1.404900000000000051e-04 1.002361832782239004e+00
1.433299999999999982e-04 1.002400303196193221e+00
1.462299999999999874e-04 1.002353718462237309e+00
1.491800000000000049e-04 1.002389147600728947e+00
1.522000000000000132e-04 1.002382559663264949e+00
1.552699999999999957e-04 1.002375296912114022e+00
1.584099999999999961e-04 1.002367406162892882e+00
1.616099999999999926e-04 1.002358932115175794e+00
1.648700000000000122e-04 1.002349917385717104e+00
1.681999999999999956e-04 1.002376408742303937e+00
1.715999999999999969e-04 1.002365652143210051e+00
1.750699999999999891e-04 1.002354407589501895e+00
1.786000000000000044e-04 1.002376667911587971e+00
1.822100000000000054e-04 1.002363908773098000e+00
1.858899999999999973e-04 1.002350713376212177e+00
1.896500000000000020e-04 1.002369213037074935e+00
1.934799999999999975e-04 1.002386110326206392e+00
1.973900000000000058e-04 1.002370616668206038e+00
2.013799999999999998e-04 1.002354859161307843e+00
2.054400000000000117e-04 1.002338800402628793e+00
2.095900000000000042e-04 1.002351574974597259e+00
2.138300000000000042e-04 1.002362922052041139e+00
2.181499999999999900e-04 1.002345058626465724e+00
2.225499999999999885e-04 1.002354358300481918e+00
2.270499999999999895e-04 1.002335570469798709e+00
2.316399999999999980e-04 1.002316581988575095e+00
2.363199999999999871e-04 1.002349175207166265e+00
2.410900000000000109e-04 1.002328937042756385e+00
2.459599999999999829e-04 1.002333490554328188e+00
2.509300000000000115e-04 1.002312560856864598e+00
2.559999999999999884e-04 1.002315533169415795e+00
2.611700000000000219e-04 1.002317469978229791e+00
2.664499999999999985e-04 1.002318481279985241e+00
2.718299999999999775e-04 1.002296056185845385e+00
2.773200000000000079e-04 1.002295704383912467e+00
2.829199999999999814e-04 1.002294521289261109e+00
2.886400000000000012e-04 1.002292506898747604e+00
2.944700000000000182e-04 1.002289758534554487e+00
3.004199999999999731e-04 1.002265768524188694e+00
3.064899999999999743e-04 1.002281962487739486e+00
3.126800000000000217e-04 1.002277010050251382e+00
3.189900000000000070e-04 1.002252122192065498e+00
3.254399999999999741e-04 1.002246257809993102e+00
3.320099999999999874e-04 1.002258297391851682e+00
3.387199999999999825e-04 1.002232669583053459e+00
3.455600000000000186e-04 1.002225030705423681e+00
3.525399999999999823e-04 1.002234324814970101e+00
3.596599999999999819e-04 1.002208147894556589e+00
3.669300000000000122e-04 1.002215768888590430e+00
3.743400000000000243e-04 1.002189300411522543e+00
3.819000000000000129e-04 1.002195354243006431e+00
3.896200000000000271e-04 1.002168647998353590e+00
3.974900000000000178e-04 1.002173238124805854e+00
4.055199999999999799e-04 1.002161602630457393e+00
4.137100000000000217e-04 1.002149606651838276e+00
4.220699999999999756e-04 1.002137283892784447e+00
4.306000000000000040e-04 1.002124605225380494e+00
4.392900000000000038e-04 1.002111635109453003e+00
4.481700000000000137e-04 1.002098375139776731e+00
4.572199999999999897e-04 1.002098394389841163e+00
4.664599999999999758e-04 1.002084329031915466e+00
4.758799999999999771e-04 1.002070042963155716e+00
4.854999999999999832e-04 1.002042744427137810e+00
4.952999999999999504e-04 1.002040790775124979e+00
5.053100000000000256e-04 1.002013579382911468e+00
5.155199999999999973e-04 1.002010764210805149e+00
5.259299999999999739e-04 1.001995489485305368e+00
5.365600000000000534e-04 1.001968458349737023e+00
5.473900000000000293e-04 1.001941747572815622e+00
5.584500000000000488e-04 1.001937617621184717e+00
5.697299999999999543e-04 1.001922005875222510e+00
5.812400000000000119e-04 1.001884832453387775e+00
5.929900000000000535e-04 1.001869414075217568e+00
6.049599999999999813e-04 1.001843574268234782e+00
6.171899999999999912e-04 1.001828153564899404e+00
6.296500000000000447e-04 1.001782884310618016e+00
6.423699999999999636e-04 1.001748421563865898e+00
6.553499999999999647e-04 1.001810040964084880e+00
6.685900000000000480e-04 1.001775037369207810e+00
6.821000000000000457e-04 1.001649106733852435e+00
6.958799999999999578e-04 1.001617250673854542e+00
7.099300000000000012e-04 1.001586042823156220e+00
7.242699999999999486e-04 1.001641894227445651e+00
7.389099999999999575e-04 1.001525423728813591e+00
7.538300000000000382e-04 1.001496010638297962e+00
7.690600000000000127e-04 1.001467112234085688e+00
7.845999999999999893e-04 1.001438848920863434e+00
8.004499999999999680e-04 1.001411100658513575e+00
8.166199999999999978e-04 1.001383870223725658e+00
8.331099999999999704e-04 1.001357261348212901e+00
8.499399999999999837e-04 1.001257117503512539e+00
8.671100000000000379e-04 1.001305483028720689e+00
8.846299999999999650e-04 1.001209189842805269e+00
9.024999999999999819e-04 1.001185908615277231e+00
9.207300000000000293e-04 1.001094690749863236e+00
9.393300000000000477e-04 1.001073609340401349e+00
9.583099999999999778e-04 1.000987166831194264e+00
9.776699999999999280e-04 1.000968179177693207e+00
9.974199999999999473e-04 1.000886244223586630e+00
1.017600000000000015e-03 1.000807152613932827e+00
1.038099999999999917e-03 1.000791669204067924e+00
1.059100000000000102e-03 1.000716717434151581e+00
1.080500000000000080e-03 1.000644405389572222e+00
1.102300000000000068e-03 1.000574580556194082e+00
1.124599999999999905e-03 1.000450831220062176e+00
1.147299999999999969e-03 1.000442208833121516e+00
1.170500000000000099e-03 1.000325291406885198e+00
1.194100000000000023e-03 1.000265886732252030e+00
1.218200000000000012e-03 1.000156478197371079e+00
1.242899999999999908e-03 1.000051161362938812e+00
1.268000000000000030e-03 9.999498168314346902e-01
1.293600000000000002e-03 9.999015505783903635e-01
1.319700000000000040e-03 9.998068565910188665e-01
1.346399999999999984e-03 9.997158149007721040e-01
1.373599999999999995e-03 9.995818621074149535e-01
1.401300000000000072e-03 9.994531036368609067e-01
1.429600000000000055e-03 9.993741058655220000e-01
1.458499999999999944e-03 9.992544513639156634e-01
1.487999999999999956e-03 9.990965410428497284e-01
1.518000000000000035e-03 9.989870853380602433e-01
1.548700000000000077e-03 9.988407237196208488e-01
1.580000000000000024e-03 9.987002437043054348e-01
1.611900000000000095e-03 9.986052998605299269e-01
1.644499999999999912e-03 9.984362783424550747e-01
1.677700000000000068e-03 9.983124304836420437e-01
1.711599999999999970e-03 9.981186032510536155e-01
1.746200000000000052e-03 9.979695056669251052e-01
1.781400000000000041e-03 9.977904955085482586e-01
1.817400000000000048e-03 9.976188783851019926e-01
1.854100000000000019e-03 9.974544947346398738e-01
1.891600000000000009e-03 9.972628049406371264e-01
1.929799999999999962e-03 9.970792627656360763e-01
1.968800000000000151e-03 9.968704704177098197e-01
2.008600000000000142e-03 9.966704380151931719e-01
2.049099999999999880e-03 9.964472640761301570e-01
2.090499999999999910e-03 9.962334630350194731e-01
2.132799999999999800e-03 9.960287154421872957e-01
2.175799999999999870e-03 9.958028540592397393e-01
2.219800000000000072e-03 9.955572555019418513e-01
2.264599999999999860e-03 9.952932343853773123e-01
2.310400000000000214e-03 9.950403854329035180e-01
2.357099999999999994e-03 9.947705146036160961e-01
2.404700000000000067e-03 9.945120952328947439e-01
2.453299999999999838e-03 9.942647334709082685e-01
2.502799999999999903e-03 9.939755866568452669e-01
2.553399999999999941e-03 9.936730108720914778e-01
2.605000000000000111e-03 9.933831917860311833e-01
2.657599999999999980e-03 9.930809626919534505e-01
2.711299999999999821e-03 9.927672571777641508e-01
2.765999999999999796e-03 9.924191536320889906e-01
2.821900000000000016e-03 9.921091063268479004e-01
2.878900000000000209e-03 9.917661208252382954e-01
2.937100000000000214e-03 9.914151393336513296e-01
2.996400000000000192e-03 9.910789954948928671e-01
3.056899999999999982e-03 9.907135660782336872e-01
3.118699999999999858e-03 9.903420090342008875e-01
3.181699999999999980e-03 9.899860565344150709e-01
3.246000000000000187e-03 9.895833333333332593e-01
3.311500000000000207e-03 9.891973421385186205e-01
3.378400000000000153e-03 9.888074643600833769e-01
3.446700000000000024e-03 9.883949645948073570e-01
3.516299999999999981e-03 9.879995362139599724e-01
3.587400000000000137e-03 9.875828286088591534e-01
3.659799999999999946e-03 9.871646580351480793e-01
3.733799999999999793e-03 9.867275293772571620e-01
3.809199999999999999e-03 9.862902644663833485e-01
3.886099999999999971e-03 9.858533994334278683e-01
3.964600000000000415e-03 9.854169567033272958e-01
4.044700000000000031e-03 9.849814406185321003e-01
4.126399999999999686e-03 9.845302752602109742e-01
4.209799999999999653e-03 9.840808027375068656e-01
4.294799999999999660e-03 9.836172149265374198e-01
4.381600000000000251e-03 9.831721933679583580e-01
4.470100000000000288e-03 9.827136436496212157e-01
4.560400000000000044e-03 9.822733946371996483e-01
4.652500000000000385e-03 9.818203927767982231e-01
4.746499999999999851e-03 9.813557801566892280e-01
4.842400000000000176e-03 9.809089571995881496e-01
4.940199999999999626e-03 9.804653585691960327e-01
5.040000000000000209e-03 9.800108203536547213e-01
5.141899999999999596e-03 9.795735380649499557e-01
5.245699999999999842e-03 9.791258789466428247e-01
5.351700000000000033e-03 9.786815393801227003e-01
5.459799999999999896e-03 9.782672579611028096e-01
5.570099999999999704e-03 9.778295001775216821e-01
5.682600000000000325e-03 9.774077862219863189e-01
5.797400000000000296e-03 9.770018230262236258e-01
5.914499999999999619e-03 9.765856475669160153e-01
6.034000000000000301e-03 9.761966588764823261e-01
6.155899999999999740e-03 9.757978075517660388e-01
6.280299999999999945e-03 9.754127867908226612e-01
6.407200000000000048e-03 9.750177346890518404e-01
6.536600000000000049e-03 9.746364992077548584e-01
6.668600000000000222e-03 9.742679986221151056e-01
6.803299999999999972e-03 9.738894233489897578e-01
6.940799999999999574e-03 9.735121504920446478e-01
7.080999999999999621e-03 9.731469054586258105e-01
7.224000000000000386e-03 9.727715522384822178e-01
7.369999999999999815e-03 9.724076689348226665e-01
7.518900000000000236e-03 9.720337283789060034e-01
7.670800000000000188e-03 9.716498870368248664e-01
7.825699999999999670e-03 9.712668474687705666e-01
7.983799999999999231e-03 9.708738848337388205e-01
8.145100000000000603e-03 9.704814032840689553e-01
8.309600000000000319e-03 9.701076755902400262e-01
8.477500000000000660e-03 9.696576611723398686e-01
8.648799999999999891e-03 9.691803910237890562e-01
8.823499999999999746e-03 9.687975646879755098e-01
9.001699999999999632e-03 9.683300441687811011e-01
9.183600000000000096e-03 9.677808727948004064e-01
9.369099999999999998e-03 9.672416957239861057e-01
9.558300000000000476e-03 9.668027210884354572e-01
9.751400000000000345e-03 9.661944045911048384e-01
9.948399999999999604e-03 9.656823623304071624e-01
1.014900000000000004e-02 9.650938431854061417e-01
1.035400000000000036e-02 9.644282491757765197e-01
1.056400000000000047e-02 9.638564560439560891e-01
1.077700000000000012e-02 9.632084289234429386e-01
1.099499999999999957e-02 9.624863319034401288e-01
1.121699999999999954e-02 9.617722994919630786e-01
1.144300000000000005e-02 9.610657428029365512e-01
1.167499999999999961e-02 9.603661028029746305e-01
1.191000000000000045e-02 9.595918697870272629e-01
1.215100000000000034e-02 9.588249458222971588e-01
1.239700000000000003e-02 9.579818558013687424e-01
1.264700000000000026e-02 9.571462394444006927e-01
1.290200000000000027e-02 9.563141000548031068e-01
1.316299999999999935e-02 9.554070851460534364e-01
1.342899999999999996e-02 9.544262800740284103e-01
1.370000000000000037e-02 9.535222052067380272e-01
1.397699999999999984e-02 9.525439196897103056e-01
1.425900000000000084e-02 9.515641529393985554e-01
1.454699999999999917e-02 9.504355662361069212e-01
1.484100000000000003e-02 9.493765399835734087e-01
1.514099999999999994e-02 9.482400118817764234e-01
1.544700000000000066e-02 9.470962021575290990e-01
1.575899999999999870e-02 9.458008530666274227e-01
1.607700000000000101e-02 9.444973273779013745e-01
1.640199999999999991e-02 9.432530999270605232e-01
1.673399999999999888e-02 9.418520133740370115e-01
1.707200000000000037e-02 9.404390986160422461e-01
1.741600000000000092e-02 9.389362624656742984e-01
1.776799999999999907e-02 9.374143773884201503e-01
1.812700000000000075e-02 9.357996257377285687e-01
1.849299999999999902e-02 9.342294422081655059e-01
1.886699999999999836e-02 9.324906636024131723e-01
1.924800000000000122e-02 9.307918730705722066e-01
1.963700000000000168e-02 9.288483630097643662e-01
2.003399999999999972e-02 9.270062504490265143e-01
2.043800000000000130e-02 9.250521470186290340e-01
2.085100000000000148e-02 9.230492110382593207e-01
2.127199999999999924e-02 9.208607119647628236e-01
2.170199999999999907e-02 9.186821144098478165e-01
2.214100000000000096e-02 9.163760534728276896e-01
2.258800000000000044e-02 9.140043763676148902e-01
2.304399999999999851e-02 9.114953476445162295e-01
2.350999999999999965e-02 9.089770969879961138e-01
2.398499999999999938e-02 9.063773053847863359e-01
2.446900000000000117e-02 9.036225402504471926e-01
2.496400000000000008e-02 9.007730991518425601e-01
2.546800000000000105e-02 8.978897208985704426e-01
2.598200000000000162e-02 8.948291641244662253e-01
2.650699999999999931e-02 8.916589719913818879e-01
2.704300000000000107e-02 8.884313573148939769e-01
2.758899999999999894e-02 8.850078492935635754e-01
2.814600000000000088e-02 8.815173398936592131e-01
2.871500000000000094e-02 8.778803693295864630e-01
2.929500000000000159e-02 8.740957490043077538e-01
2.988700000000000037e-02 8.702239789196311026e-01
3.048999999999999974e-02 8.661824860171967178e-01
3.110600000000000170e-02 8.620426829268292845e-01
3.173499999999999932e-02 8.577286795048143508e-01
3.237600000000000200e-02 8.532704567286698571e-01
3.302999999999999686e-02 8.486241789454997964e-01
3.369699999999999779e-02 8.438876850848681110e-01
3.437799999999999884e-02 8.389414683451255073e-01
3.507199999999999901e-02 8.338355010760737374e-01
3.578100000000000031e-02 8.285945842868041034e-01
3.650400000000000172e-02 8.231846019247592849e-01
3.724100000000000327e-02 8.175706494794249268e-01
3.799299999999999899e-02 8.118649556734000017e-01
3.876099999999999685e-02 8.059416171531903483e-01
3.954400000000000276e-02 7.998416719442684730e-01
4.034299999999999692e-02 7.935758046423332379e-01
4.115800000000000014e-02 7.871263658114381334e-01
4.198899999999999855e-02 7.805161275775375218e-01
4.283800000000000108e-02 7.737393770971945361e-01
4.370299999999999879e-02 7.667944559127101156e-01
4.458600000000000063e-02 7.597093823167346827e-01
4.548599999999999866e-02 7.524575182770203430e-01
4.640500000000000180e-02 7.450621106238863867e-01
4.734300000000000314e-02 7.375342678322039935e-01
4.829900000000000165e-02 7.298577571948395848e-01
4.927499999999999936e-02 7.220800671513477598e-01
5.027000000000000218e-02 7.142065679580049675e-01
5.128599999999999826e-02 7.062140489076534910e-01
5.232200000000000045e-02 6.980916085841387675e-01
5.337900000000000283e-02 6.899551024641782382e-01
5.445699999999999846e-02 6.817754885623390493e-01
5.555700000000000222e-02 6.735683092266236960e-01
5.668000000000000121e-02 6.653476629892843830e-01
5.782500000000000140e-02 6.571174377224198171e-01
5.899299999999999683e-02 6.489180566346519630e-01
6.018400000000000138e-02 6.407514402040782597e-01
6.140000000000000319e-02 6.326340326340326170e-01
6.264100000000000223e-02 6.245918133196829425e-01
6.390600000000000447e-02 6.166203386159344602e-01
6.519700000000000495e-02 6.087341889022251928e-01
6.651400000000000368e-02 6.009715344195364350e-01
6.785800000000000165e-02 5.933125520339213033e-01
6.922899999999999887e-02 5.857599396573970330e-01
7.062699999999999534e-02 5.783223335777724072e-01
7.205400000000000693e-02 5.709771257560219970e-01
7.351000000000000589e-02 5.637674919268030882e-01
7.499400000000000510e-02 5.566644488800176482e-01
7.650899999999999368e-02 5.496441729022220057e-01
7.805499999999999938e-02 5.426963369357012956e-01
7.963199999999999446e-02 5.358384332925336668e-01
8.124099999999999377e-02 5.290145707468142389e-01
8.288199999999999734e-02 5.222011285134208203e-01
8.455600000000000616e-02 5.154033961539515873e-01
8.626399999999999346e-02 5.085753487308483090e-01
8.800700000000000189e-02 5.017000715819613932e-01
8.978500000000000369e-02 4.947968594217347915e-01
9.159799999999999887e-02 4.877683312160005502e-01
9.344900000000000428e-02 4.806964936790814047e-01
9.533700000000000507e-02 4.734778268929131784e-01
9.726300000000000223e-02 4.661645725364452764e-01
9.922699999999999576e-02 4.586970074812968257e-01
1.012300000000000005e-01 4.511694122432377552e-01
1.032799999999999968e-01 4.435165953117713999e-01
1.053599999999999953e-01 4.357816771007846923e-01
1.074900000000000022e-01 4.279747472436982170e-01
1.096599999999999936e-01 4.201439530258547217e-01
1.118799999999999933e-01 4.123007724650435413e-01
1.141400000000000053e-01 4.044916662470416369e-01
1.164400000000000018e-01 3.967191057752018080e-01
1.188000000000000028e-01 3.890210235718836174e-01
1.212000000000000022e-01 3.814427941896523788e-01
1.236499999999999960e-01 3.739663434748690674e-01
1.261400000000000021e-01 3.666133820506964902e-01
1.286899999999999988e-01 3.593898225683668235e-01
1.312899999999999900e-01 3.522838057411085133e-01
1.339400000000000035e-01 3.453057174748852542e-01
1.366499999999999937e-01 3.384255400987242757e-01
1.394100000000000061e-01 3.316570212199826950e-01
1.422299999999999953e-01 3.249289821935841260e-01
1.451000000000000068e-01 3.182555780933062906e-01
1.480299999999999949e-01 3.116051071591426913e-01
1.510199999999999876e-01 3.049324486369813791e-01
1.540700000000000125e-01 2.982479784366576792e-01
1.571799999999999864e-01 2.915120305424842573e-01
1.603600000000000025e-01 2.847765101926313935e-01
1.635999999999999954e-01 2.780365566037735769e-01
1.668999999999999928e-01 2.713183081197900193e-01
1.702799999999999869e-01 2.646421289837965762e-01
1.737100000000000033e-01 2.580372156212069057e-01
1.772199999999999886e-01 2.515213215078625497e-01
1.807999999999999885e-01 2.451079043007825253e-01
1.844600000000000128e-01 2.388017985174383240e-01
1.881799999999999862e-01 2.326216206110010010e-01
1.919800000000000118e-01 2.265607002994701746e-01
1.958600000000000063e-01 2.206409445498629662e-01
1.998199999999999976e-01 2.148745690653657836e-01
2.038600000000000134e-01 2.092545642536436101e-01
2.079699999999999882e-01 2.037714065807195996e-01
2.121800000000000075e-01 1.983774206583569233e-01
2.164600000000000135e-01 1.930470950415929809e-01
2.208299999999999985e-01 1.877429721651087680e-01
2.253000000000000003e-01 1.824225865209471720e-01
2.298499999999999988e-01 1.771015602565329805e-01
2.344900000000000040e-01 1.718007770256738953e-01
2.392299999999999982e-01 1.665777685175539313e-01
2.440599999999999992e-01 1.614687803299902913e-01
2.489899999999999891e-01 1.565078093712455043e-01
2.540200000000000236e-01 1.516895144651781435e-01
2.591499999999999915e-01 1.470019159353785909e-01
2.643900000000000139e-01 1.424319623741518437e-01
2.697300000000000253e-01 1.379643558297850570e-01
2.751799999999999802e-01 1.335965427092781210e-01
2.807399999999999896e-01 1.293125192679577262e-01
2.864099999999999979e-01 1.251084166740419612e-01
2.921900000000000053e-01 1.209762000806776927e-01
2.980999999999999761e-01 1.169415975272490721e-01
3.041200000000000014e-01 1.130238402499490480e-01
3.102599999999999802e-01 1.092388043900201083e-01
3.165299999999999780e-01 1.055651029288090931e-01
3.229199999999999848e-01 1.019616010906198994e-01
3.294500000000000206e-01 9.841213693353771663e-02
3.361000000000000099e-01 9.492240285000613786e-02
3.428899999999999726e-01 9.151460635654928844e-02
3.498200000000000198e-01 8.821890726096333346e-02
3.568899999999999850e-01 8.503584229390680205e-02
3.640900000000000247e-01 8.193497381164145665e-02
3.714500000000000024e-01 7.890689512799339833e-02
3.789500000000000091e-01 7.593916268071156106e-02
3.866100000000000092e-01 7.303157306510199565e-02
3.944199999999999928e-01 7.020583788812652382e-02
4.023900000000000254e-01 6.748938750758035066e-02
4.105199999999999960e-01 6.489314477772846479e-02
4.188100000000000156e-01 6.240151464824288119e-02
4.272699999999999831e-01 5.996450939457202700e-02
4.359000000000000097e-01 5.756259097525473489e-02
4.447099999999999942e-01 5.522637496201762697e-02
4.536899999999999822e-01 5.298273404086804861e-02
4.628599999999999937e-01 5.082521063935238614e-02
4.722100000000000186e-01 4.873781382106807253e-02
4.817400000000000015e-01 4.671329302409529816e-02
4.914799999999999724e-01 4.474827618777746374e-02
5.014100000000000223e-01 4.285770750988142364e-02
5.115300000000000402e-01 4.105249026714994504e-02
5.218699999999999450e-01 3.930936306968919186e-02
5.324100000000000499e-01 3.760096430060043404e-02
5.431700000000000417e-01 3.594436396612844115e-02
5.541399999999999659e-01 3.436421882700838037e-02
5.653299999999999992e-01 3.285461975789297218e-02
5.767499999999999849e-01 3.140125928622470447e-02
5.884000000000000341e-01 2.999323429086911061e-02
6.002899999999999903e-01 2.863584786100590793e-02
6.124199999999999644e-01 2.733704280275589538e-02
6.247899999999999565e-01 2.607889304605857245e-02
6.374100000000000321e-01 2.486078768856940513e-02
6.502900000000000347e-01 2.369712590918720413e-02
6.634200000000000097e-01 2.258630562071704470e-02
6.768300000000000427e-01 2.152175173453414053e-02
6.905000000000000027e-01 2.050353892821031587e-02
7.044500000000000206e-01 1.952725579820551935e-02
7.186799999999999855e-01 1.859313063312443073e-02
7.331999999999999629e-01 1.769774502305963143e-02
7.480099999999999527e-01 1.684017755354500628e-02
7.631200000000000205e-01 1.601833045597644140e-02
7.785400000000000098e-01 1.523041352184543139e-02
7.942599999999999660e-01 1.447585132428221878e-02
8.103099999999999747e-01 1.375294905775784060e-02
8.266799999999999704e-01 1.306151078039705961e-02
8.433800000000000185e-01 1.240029377015678357e-02
8.604100000000000081e-01 1.176887581087407257e-02
8.778000000000000247e-01 1.116499754884795956e-02
8.955300000000000482e-01 1.058933548481736861e-02
9.136199999999999877e-01 1.003994622623391626e-02
9.320800000000000196e-01 9.516414547795301257e-03
9.509100000000000330e-01 9.017657718403642234e-03
9.701100000000000279e-01 8.543110679440201610e-03
9.897099999999999786e-01 8.090745108921881812e-03
1.009700000000000042e+00 7.660028104860203135e-03
1.030100000000000016e+00 7.250342691780473948e-03
1.050899999999999945e+00 6.860304287690180934e-03
1.072100000000000053e+00 6.489770890239143428e-03
1.093800000000000106e+00 6.137399228881878707e-03
1.115899999999999892e+00 5.802069303293742528e-03
1.138400000000000079e+00 5.483829568788500634e-03
1.161399999999999988e+00 5.181047817607102070e-03
1.184900000000000064e+00 4.893761015156856617e-03
1.208800000000000097e+00 4.620898610700561321e-03
1.233300000000000063e+00 4.362101022621630436e-03
1.258199999999999985e+00 4.116552956465237625e-03
1.283600000000000074e+00 3.883675381078088851e-03
1.309500000000000108e+00 3.662767857142857058e-03
1.336000000000000076e+00 3.453609212620541678e-03
1.362999999999999989e+00 3.255670103092783447e-03
1.390500000000000069e+00 3.067933775379926616e-03
1.418600000000000083e+00 2.890463026952315179e-03
1.447200000000000042e+00 2.722402799642116913e-03
1.476499999999999924e+00 2.563493383383620879e-03
1.506299999999999972e+00 2.413213048570787573e-03
1.536699999999999955e+00 2.271093392588719416e-03
1.567800000000000082e+00 2.136794328575150614e-03
1.599399999999999933e+00 2.010012659684658719e-03
1.631799999999999917e+00 1.890178557952092902e-03
1.664700000000000069e+00 1.777049284175851850e-03
1.698399999999999910e+00 1.670405636705053288e-03
1.732699999999999907e+00 1.569629965472744190e-03
1.767700000000000049e+00 1.474608838869063921e-03
1.803399999999999892e+00 1.384989149013808553e-03
1.839800000000000102e+00 1.300497873455483573e-03
1.877000000000000002e+00 1.220872913449129286e-03
1.914900000000000047e+00 1.145807425830520573e-03
1.953600000000000003e+00 1.075153266975920020e-03
1.993000000000000105e+00 1.008589257310656996e-03
2.033300000000000107e+00 9.459230334480809915e-04
2.074399999999999800e+00 8.869649648029775957e-04
2.116299999999999848e+00 8.314549470464971306e-04
2.158999999999999808e+00 7.792644129277793161e-04
2.202599999999999891e+00 7.301904464564470346e-04
2.247100000000000097e+00 6.840207199527900120e-04
2.292499999999999982e+00 6.406610432088139656e-04
2.338799999999999990e+00 5.999204541345771547e-04
2.386099999999999888e+00 5.616526791478373016e-04
2.434299999999999908e+00 5.256860242501595329e-04
2.483499999999999819e+00 4.919145370758273676e-04
2.533599999999999852e+00 4.602182714310860804e-04
2.584799999999999986e+00 4.305011094674556253e-04
2.637000000000000011e+00 4.025980963480963273e-04
2.690300000000000136e+00 3.764489795918367224e-04
2.744699999999999918e+00 3.519028730703259076e-04
2.800100000000000033e+00 3.289029060599234352e-04
2.856700000000000017e+00 3.073317947807562792e-04
2.914400000000000102e+00 2.871346847407038952e-04
2.973300000000000054e+00 2.682109252483011073e-04
3.033300000000000107e+00 2.504772368330701170e-04
3.094599999999999795e+00 2.338817925957999654e-04
3.157099999999999795e+00 2.183314372392870610e-04
3.220899999999999874e+00 2.037783977680350620e-04
3.286000000000000032e+00 1.901717637201508335e-04
3.352300000000000058e+00 1.774440725735423538e-04
3.420100000000000140e+00 1.655309693546893680e-04
3.489199999999999857e+00 1.543844282238443011e-04
3.559600000000000097e+00 1.439650497754222768e-04
3.631600000000000161e+00 1.342304258500328024e-04
3.704899999999999860e+00 1.251229855810008442e-04
3.779799999999999827e+00 1.166240591669540240e-04
3.856100000000000083e+00 1.086817363472694528e-04
3.934000000000000163e+00 1.012633765414245555e-04
4.013499999999999623e+00 9.433484938551502910e-05
4.094599999999999795e+00 8.786834721677061412e-05
4.177299999999999791e+00 8.183124646455381312e-05
4.261700000000000266e+00 7.619706080972441875e-05
4.347800000000000331e+00 7.093768495814661379e-05
4.435599999999999987e+00 6.603347384522347148e-05
4.525199999999999889e+00 6.145772922006248560e-05
4.616600000000000037e+00 5.719149103646418384e-05
4.709900000000000198e+00 5.321161688298246313e-05
4.804999999999999716e+00 4.950242797726629181e-05
4.902099999999999902e+00 4.604265457127803022e-05
5.001100000000000101e+00 4.282064876849665471e-05
5.102100000000000080e+00 3.981845381475189460e-05
5.205199999999999605e+00 3.702014138988929306e-05
5.310399999999999565e+00 3.441587604558468195e-05
5.417600000000000193e+00 3.198948549825742920e-05
5.527099999999999902e+00 2.972899897442272892e-05
5.638700000000000045e+00 2.762632043692971956e-05
5.752600000000000158e+00 2.566836453744493726e-05
5.868900000000000006e+00 2.384607026439695688e-05
5.987400000000000055e+00 2.215102538690249216e-05
6.108399999999999608e+00 2.057369814651367794e-05
6.231799999999999784e+00 1.910568762403411583e-05
6.357700000000000351e+00 1.774133333333333581e-05
6.486100000000000421e+00 1.647174401197604694e-05
6.617099999999999760e+00 1.529127886935539632e-05
6.750799999999999912e+00 1.419366543984241390e-05
6.887199999999999989e+00 1.317326057298772116e-05
7.026299999999999990e+00 1.222566930943353015e-05
7.168199999999999683e+00 1.134458356015242385e-05
7.312999999999999723e+00 1.052470708099847107e-05
7.460799999999999876e+00 9.763995977204157115e-06
7.611500000000000377e+00 9.057536180727145228e-06
7.765299999999999869e+00 8.400356797740281335e-06
7.922100000000000364e+00 7.790936130244207862e-06
8.082200000000000273e+00 7.224511662408308194e-06
8.245400000000000063e+00 6.698576636000694639e-06
8.412000000000000810e+00 6.210584041678091708e-06
8.581899999999999196e+00 5.757532005005295108e-06
8.755300000000000082e+00 5.337063844453906145e-06
8.932199999999999918e+00 4.946778412427266976e-06
9.112600000000000477e+00 4.584574904703541045e-06
9.296699999999999520e+00 4.248492959247722873e-06
9.484500000000000597e+00 3.936831075518298941e-06
9.676099999999999923e+00 3.647531829350010917e-06
9.871600000000000819e+00 3.379328480084147176e-06
1.007099999999999973e+01 3.130540004665267076e-06
1.027399999999999913e+01 2.899881744044967944e-06
1.048199999999999932e+01 2.685854810788072847e-06
1.069400000000000084e+01 2.487472302710073237e-06
1.091000000000000014e+01 2.303727912656227439e-06
1.113000000000000078e+01 2.133154230361737654e-06
1.135500000000000043e+01 1.975162955727868685e-06
1.158399999999999963e+01 1.828761656725195302e-06
1.181799999999999962e+01 1.693009051275809428e-06
1.205700000000000038e+01 1.567264417134995030e-06
1.230100000000000016e+01 1.450732258698643634e-06
1.254899999999999949e+01 1.342784639685129326e-06
1.280300000000000082e+01 1.242809583583474323e-06
1.306099999999999994e+01 1.150140909875194109e-06
1.332499999999999929e+01 1.064341132258455630e-06
1.359399999999999942e+01 9.848600996550403112e-07
1.386899999999999977e+01 9.112637177674543662e-07
1.414899999999999913e+01 8.431080361894624831e-07
1.443500000000000050e+01 7.800007479151863891e-07
1.472700000000000031e+01 7.216003153330705941e-07
1.502399999999999913e+01 6.674976110349412516e-07
1.532799999999999940e+01 6.174126302881668347e-07
1.563700000000000045e+01 5.710922352506693637e-07
1.595299999999999940e+01 5.282008856878680573e-07
1.627499999999999858e+01 4.884984353357615318e-07
1.660399999999999920e+01 4.517549077929804044e-07
1.694000000000000128e+01 4.177775243742517050e-07
1.728200000000000003e+01 3.863016168780428736e-07
1.763100000000000023e+01 3.571989860583016186e-07
1.798699999999999832e+01 3.302665864902786136e-07
1.835099999999999909e+01 3.053610426206410489e-07
1.872100000000000009e+01 2.823144915694867503e-07
1.909900000000000020e+01 2.609962406015037586e-07
1.948499999999999943e+01 2.412668263275249990e-07
1.987900000000000134e+01 2.230146290491118104e-07
2.028000000000000114e+01 2.061524334251606582e-07
2.069000000000000128e+01 1.905490461896000957e-07
2.110800000000000054e+01 1.761173911711545779e-07
2.153500000000000014e+01 1.627809306382657867e-07
2.196999999999999886e+01 1.504434829023428958e-07
2.241300000000000026e+01 1.390329496592447356e-07
2.286599999999999966e+01 1.284927492294477264e-07
2.332799999999999940e+01 1.187399245926537649e-07
2.379899999999999949e+01 1.097265548155017857e-07
2.428000000000000114e+01 1.013946319268448125e-07
2.477100000000000080e+01 9.369235579177739497e-08
2.527100000000000080e+01 8.657476874371362676e-08
2.578200000000000003e+01 7.999478215497001066e-08
2.630199999999999960e+01 7.391112905001284595e-08
2.683399999999999963e+01 6.828782102146271137e-08
2.737600000000000122e+01 6.309256461557306940e-08
2.792899999999999849e+01 5.828738800827016071e-08
2.849299999999999855e+01 5.384877538964875365e-08
2.906899999999999906e+01 4.974592521572387316e-08
2.965599999999999881e+01 4.595524086483752750e-08
3.025499999999999901e+01 4.244857668809859899e-08
3.086599999999999966e+01 3.921242998282995933e-08
3.148999999999999844e+01 3.622000475172249454e-08
3.212599999999999767e+01 3.345553675502913802e-08
3.277499999999999858e+01 3.090157701590240354e-08
3.343699999999999761e+01 2.854217539942789682e-08
3.411200000000000188e+01 2.636249861964883987e-08
3.480100000000000193e+01 2.434863668142624186e-08
3.550399999999999778e+01 2.248872858431019026e-08
3.622200000000000131e+01 2.077029540244799295e-08
3.695300000000000296e+01 1.918256503879507257e-08
3.770000000000000284e+01 1.771650130045274964e-08
3.846200000000000330e+01 1.636169563891430175e-08
3.923899999999999721e+01 1.511103958802703527e-08
4.003099999999999881e+01 1.395493659420289942e-08
4.084000000000000341e+01 1.288761426778992655e-08
4.166499999999999915e+01 1.190187917770210665e-08
4.250699999999999790e+01 1.099101497504159727e-08
4.336500000000000199e+01 1.014962067996628254e-08
4.424099999999999966e+01 9.372729294876547863e-09
4.513499999999999801e+01 8.654719048364375427e-09
4.604699999999999704e+01 7.992152651577730769e-09
4.697699999999999676e+01 7.379893626296974696e-09
4.792600000000000193e+01 6.814726184997697918e-09
4.889399999999999835e+01 6.292431749732827790e-09
4.988199999999999790e+01 5.810547475949212067e-09
5.089000000000000057e+01 5.365243658174810409e-09
5.191799999999999926e+01 4.954052941983267816e-09
5.296600000000000108e+01 4.574358974358974724e-09
5.403600000000000136e+01 4.223640463178813412e-09
5.512800000000000011e+01 3.899887029963957328e-09
5.624199999999999733e+01 3.600840574771398219e-09
5.737800000000000011e+01 3.324738404341438570e-09
5.853699999999999903e+01 3.069800569800569798e-09
5.971999999999999886e+01 2.834486446739530206e-09
6.092600000000000193e+01 2.616988989271597910e-09
6.215699999999999648e+01 2.416343717394544830e-09
6.341199999999999903e+01 2.230965964981310594e-09
6.469299999999999784e+01 2.059912333547998517e-09
6.600000000000000000e+01 1.901899706050102941e-09
6.733400000000000318e+01 1.756005466885959575e-09
6.869400000000000261e+01 1.621321460896793063e-09
7.008199999999999363e+01 1.496925858951175188e-09
7.149699999999999989e+01 1.382048833719820005e-09
7.294199999999999307e+01 1.275980293295686934e-09
7.441500000000000625e+01 1.178031340331659812e-09
7.591800000000000637e+01 1.087602030978854511e-09
7.745199999999999818e+01 1.004072766766223176e-09
7.901699999999999591e+01 9.270146257527960991e-10
8.061299999999999955e+01 8.557852491291836812e-10
8.224099999999999966e+01 7.900503879069023400e-10
8.390300000000000580e+01 7.293655487032187826e-10
8.559799999999999898e+01 6.733145942087181171e-10
8.732699999999999818e+01 6.215948722782543464e-10
8.909099999999999397e+01 5.738823060838394724e-10
9.089100000000000534e+01 5.297922692611096139e-10
9.272700000000000387e+01 4.890888888888889508e-10
9.459999999999999432e+01 4.515229767005105881e-10
9.651099999999999568e+01 4.168712797619047392e-10
9.846099999999999852e+01 3.848617843573955315e-10
1.004500000000000028e+02 3.553079584775086810e-10
1.024800000000000040e+02 3.280251517145572864e-10
1.045499999999999972e+02 3.028350714561606550e-10
1.066599999999999966e+02 2.796016651701902082e-10
1.088199999999999932e+02 2.581198792583009733e-10
1.110100000000000051e+02 2.383031076278137068e-10
1.132600000000000051e+02 2.199807414540202391e-10
1.155400000000000063e+02 2.030771422465987509e-10
1.178799999999999955e+02 1.874684129595578553e-10
1.202600000000000051e+02 1.730548516494130899e-10
1.226899999999999977e+02 1.597434881291205732e-10
1.251700000000000017e+02 1.474623380249514568e-10
1.277000000000000028e+02 1.361313428031065146e-10
1.302800000000000011e+02 1.256581465572236909e-10
1.329099999999999966e+02 1.159964039556487908e-10
1.355900000000000034e+02 1.070807532109655864e-10
1.383300000000000125e+02 9.885165221467072390e-11
1.411299999999999955e+02 9.125718835707334166e-11
1.439799999999999898e+02 8.424763864210231084e-11
1.468899999999999864e+02 7.778041402218400989e-11
1.498499999999999943e+02 7.180987814309303331e-11
1.528799999999999955e+02 6.629618172176064937e-11
1.559699999999999989e+02 6.120870905947764549e-11
1.591200000000000045e+02 5.650949687554029929e-11
1.623300000000000125e+02 5.217016609213412772e-11
1.656100000000000136e+02 4.816369359916053889e-11
1.689600000000000080e+02 4.446520863141296825e-11
1.723700000000000045e+02 4.104551349348483596e-11
1.758499999999999943e+02 3.789308689547072033e-11
1.794099999999999966e+02 3.497720679651885071e-11
1.830300000000000011e+02 3.228687267148806018e-11
1.867299999999999898e+02 2.980258837164380717e-11
1.905000000000000000e+02 2.750939849624060531e-11
1.943499999999999943e+02 2.539202973720608416e-11
1.982800000000000011e+02 2.343711425044575515e-11
2.022800000000000011e+02 2.163265306122448756e-11
2.063700000000000045e+02 1.996675021740242730e-11
